 1.00000E-02 1.88786E-02 3.55488E-02 6.39590E-02 6.85095E-02
 2.00000E-02 1.88971E-02 3.55480E-02 6.39168E-02 6.85308E-02
 3.00000E-02 1.89152E-02 3.55468E-02 6.38464E-02 6.84392E-02
 4.00000E-02 1.89388E-02 3.55460E-02 6.37482E-02 6.83252E-02
 5.00000E-02 1.89706E-02 3.55450E-02 6.36230E-02 6.81717E-02
 6.00000E-02 1.90105E-02 3.55447E-02 6.34725E-02 6.79879E-02
 7.00000E-02 1.90600E-02 3.55482E-02 6.33003E-02 6.77773E-02
 8.00000E-02 1.91217E-02 3.55592E-02 6.31126E-02 6.75435E-02
 9.00000E-02 1.91985E-02 3.55824E-02 6.29170E-02 6.72994E-02
 1.00000E-01 1.92949E-02 3.56247E-02 6.27244E-02 6.70534E-02
 1.10000E-01 1.94158E-02 3.56953E-02 6.25486E-02 6.68209E-02
 1.20000E-01 1.95676E-02 3.58038E-02 6.24058E-02 6.66199E-02
 1.30000E-01 1.97571E-02 3.59620E-02 6.23150E-02 6.64700E-02
 1.40000E-01 1.99920E-02 3.61836E-02 6.22989E-02 6.63946E-02
 1.50000E-01 2.02808E-02 3.64829E-02 6.23813E-02 6.64203E-02
 1.60000E-01 2.06324E-02 3.68761E-02 6.25893E-02 6.65755E-02
 1.70000E-01 2.10559E-02 3.73797E-02 6.29517E-02 6.68908E-02
 1.80000E-01 2.15602E-02 3.80107E-02 6.34984E-02 6.73983E-02
 1.90000E-01 2.21539E-02 3.87849E-02 6.42588E-02 6.81295E-02
 2.00000E-01 2.28443E-02 3.97176E-02 6.52609E-02 6.91149E-02
 2.10000E-01 2.36380E-02 4.08217E-02 6.65296E-02 7.03809E-02
 2.20000E-01 2.45401E-02 4.21074E-02 6.80854E-02 7.19503E-02
 2.30000E-01 2.55546E-02 4.35828E-02 6.99437E-02 7.38395E-02
 2.40000E-01 2.66843E-02 4.52532E-02 7.21148E-02 7.60596E-02
 2.50000E-01 2.79307E-02 4.71214E-02 7.46033E-02 7.86158E-02
 2.60000E-01 2.92950E-02 4.91886E-02 7.74097E-02 8.15083E-02
 2.70000E-01 3.07775E-02 5.14542E-02 8.05307E-02 8.47332E-02
 2.80000E-01 3.23784E-02 5.39169E-02 8.39603E-02 8.82835E-02
 2.90000E-01 3.40975E-02 5.65747E-02 8.76909E-02 9.21503E-02
 3.00000E-01 3.59348E-02 5.94254E-02 9.17136E-02 9.63233E-02
 3.10000E-01 3.78902E-02 6.24668E-02 9.60196E-02 1.00792E-01
 3.20000E-01 3.99638E-02 6.56968E-02 1.00600E-01 1.05546E-01
 3.30000E-01 4.21556E-02 6.91135E-02 1.05446E-01 1.11337E-01
 3.40000E-01 4.44661E-02 7.27154E-02 1.10551E-01 1.18715E-01
 3.50000E-01 4.68956E-02 7.65014E-02 1.15907E-01 1.26311E-01
 3.60000E-01 4.94450E-02 8.04704E-02 1.21508E-01 1.34127E-01
 3.70000E-01 5.21149E-02 8.46219E-02 1.27349E-01 1.42157E-01
 3.80000E-01 5.49062E-02 8.89556E-02 1.33426E-01 1.50401E-01
 3.90000E-01 5.78200E-02 9.34715E-02 1.39735E-01 1.58857E-01
 4.00000E-01 6.08573E-02 9.81698E-02 1.46274E-01 1.67523E-01
 4.10000E-01 6.40194E-02 1.03051E-01 1.53042E-01 1.76397E-01
 4.20000E-01 6.73074E-02 1.08115E-01 1.60038E-01 1.85477E-01
 4.30000E-01 7.07142E-02 1.13364E-01 1.67261E-01 1.94761E-01
 4.40000E-01 7.41637E-02 1.18797E-01 1.74712E-01 2.04247E-01
 4.50000E-01 7.76340E-02 1.24355E-01 1.82393E-01 2.13933E-01
 4.60000E-01 8.11205E-02 1.29939E-01 1.90307E-01 2.23818E-01
 4.70000E-01 8.46187E-02 1.35543E-01 1.98448E-01 2.33899E-01
 4.80000E-01 8.81245E-02 1.41158E-01 2.06670E-01 2.44174E-01
 4.90000E-01 9.16338E-02 1.46780E-01 2.14900E-01 2.54643E-01
 5.00000E-01 9.51429E-02 1.52401E-01 2.23130E-01 2.65302E-01
 5.10000E-01 9.86483E-02 1.58015E-01 2.31350E-01 2.76151E-01
 5.20000E-01 1.02146E-01 1.63619E-01 2.39554E-01 2.87187E-01
 5.30000E-01 1.05634E-01 1.69206E-01 2.47734E-01 2.98409E-01
 5.40000E-01 1.09109E-01 1.74772E-01 2.55883E-01 3.09815E-01
 5.50000E-01 1.12568E-01 1.80312E-01 2.63994E-01 3.21404E-01
 5.60000E-01 1.16008E-01 1.85822E-01 2.72062E-01 3.33173E-01
 5.70000E-01 1.19427E-01 1.91299E-01 2.80081E-01 3.45122E-01
 5.80000E-01 1.22824E-01 1.96740E-01 2.88046E-01 3.57248E-01
 5.90000E-01 1.26195E-01 2.02139E-01 2.95952E-01 3.69551E-01
 6.00000E-01 1.29539E-01 2.07496E-01 3.03795E-01 3.82027E-01
 6.10000E-01 1.32855E-01 2.12807E-01 3.11571E-01 3.94677E-01
 6.20000E-01 1.36140E-01 2.18070E-01 3.21926E-01 4.07499E-01
 6.30000E-01 1.39394E-01 2.23283E-01 3.33004E-01 4.20490E-01
 6.40000E-01 1.42616E-01 2.28443E-01 3.44256E-01 4.33650E-01
 6.50000E-01 1.45803E-01 2.33548E-01 3.55681E-01 4.46977E-01
 6.60000E-01 1.48956E-01 2.38598E-01 3.67279E-01 4.60469E-01
 6.70000E-01 1.52073E-01 2.43591E-01 3.79049E-01 4.74126E-01
 6.80000E-01 1.55153E-01 2.48526E-01 3.90991E-01 4.87946E-01
 6.90000E-01 1.58197E-01 2.53401E-01 4.03104E-01 5.01928E-01
 7.00000E-01 1.61202E-01 2.58215E-01 4.15389E-01 5.16070E-01
 7.10000E-01 1.64170E-01 2.62969E-01 4.27843E-01 5.30371E-01
 7.20000E-01 1.67099E-01 2.67660E-01 4.40468E-01 5.44830E-01
 7.30000E-01 1.69989E-01 2.72290E-01 4.53262E-01 5.59445E-01
 7.40000E-01 1.72841E-01 2.76857E-01 4.66225E-01 5.74215E-01
 7.50000E-01 1.75653E-01 2.81362E-01 4.79345E-01 5.89140E-01
 7.60000E-01 1.78425E-01 2.85803E-01 4.92522E-01 6.04217E-01
 7.70000E-01 1.81159E-01 2.90181E-01 5.05727E-01 6.19445E-01
 7.80000E-01 1.83853E-01 2.94497E-01 5.18955E-01 6.34824E-01
 7.90000E-01 1.86508E-01 2.98750E-01 5.32203E-01 6.50352E-01
 8.00000E-01 1.89124E-01 3.02940E-01 5.45469E-01 6.66028E-01
 8.10000E-01 1.91701E-01 3.07067E-01 5.58749E-01 6.81852E-01
 8.20000E-01 1.94239E-01 3.11133E-01 5.72039E-01 6.97820E-01
 8.30000E-01 1.96738E-01 3.15137E-01 5.85339E-01 7.13934E-01
 8.40000E-01 1.99200E-01 3.19079E-01 5.98643E-01 7.30191E-01
 8.50000E-01 2.01623E-01 3.22961E-01 6.11951E-01 7.46590E-01
 8.60000E-01 2.04009E-01 3.26782E-01 6.25260E-01 7.63131E-01
 8.70000E-01 2.06357E-01 3.30544E-01 6.38567E-01 7.79813E-01
 8.80000E-01 2.08669E-01 3.34247E-01 6.51871E-01 7.96634E-01
 8.90000E-01 2.10944E-01 3.37891E-01 6.65169E-01 8.13593E-01
 9.00000E-01 2.13183E-01 3.41478E-01 6.78460E-01 8.30689E-01
 9.10000E-01 2.15386E-01 3.45007E-01 6.91741E-01 8.47922E-01
 9.20000E-01 2.17554E-01 3.48480E-01 7.05010E-01 8.65290E-01
 9.30000E-01 2.19687E-01 3.51897E-01 7.18267E-01 8.82793E-01
 9.40000E-01 2.21786E-01 3.55258E-01 7.31509E-01 9.00429E-01
 9.50000E-01 2.23851E-01 3.58566E-01 7.44735E-01 9.18198E-01
 9.60000E-01 2.25883E-01 3.61820E-01 7.57944E-01 9.36099E-01
 9.70000E-01 2.27881E-01 3.65022E-01 7.71133E-01 9.54130E-01
 9.80000E-01 2.29847E-01 3.68171E-01 7.84302E-01 9.72291E-01
 9.90000E-01 2.31782E-01 3.71269E-01 7.97449E-01 9.90581E-01
 1.00000E+00 2.33684E-01 3.74317E-01 8.10573E-01 1.00900E+00
 1.01158E+00 2.35849E-01 3.77784E-01 8.25740E-01 1.03049E+00
 1.02329E+00 2.37997E-01 3.81225E-01 8.41047E-01 1.05239E+00
 1.03514E+00 2.40128E-01 3.84639E-01 8.56494E-01 1.07473E+00
 1.04713E+00 2.42242E-01 3.88025E-01 8.72079E-01 1.09750E+00
 1.05925E+00 2.44339E-01 3.91384E-01 8.87801E-01 1.12072E+00
 1.07152E+00 2.46418E-01 3.94714E-01 9.03659E-01 1.14439E+00
 1.08393E+00 2.48478E-01 3.98014E-01 9.19652E-01 1.16852E+00
 1.09648E+00 2.50521E-01 4.01286E-01 9.35778E-01 1.19312E+00
 1.10917E+00 2.52545E-01 4.04528E-01 9.52036E-01 1.21819E+00
 1.12202E+00 2.54550E-01 4.07740E-01 9.68423E-01 1.24375E+00
 1.13501E+00 2.56536E-01 4.10921E-01 9.84939E-01 1.26981E+00
 1.14815E+00 2.58502E-01 4.14071E-01 1.00158E+00 1.29637E+00
 1.16145E+00 2.60450E-01 4.17190E-01 1.01835E+00 1.32344E+00
 1.17490E+00 2.62377E-01 4.20278E-01 1.03524E+00 1.35104E+00
 1.18850E+00 2.64285E-01 4.23334E-01 1.05224E+00 1.37916E+00
 1.20226E+00 2.66173E-01 4.26358E-01 1.06937E+00 1.40783E+00
 1.21619E+00 2.68041E-01 4.29350E-01 1.08661E+00 1.43706E+00
 1.23027E+00 2.69889E-01 4.32310E-01 1.10397E+00 1.46684E+00
 1.24451E+00 2.71717E-01 4.35238E-01 1.12143E+00 1.49717E+00
 1.25893E+00 2.73524E-01 4.38133E-01 1.13900E+00 1.52804E+00
 1.27350E+00 2.75311E-01 4.40995E-01 1.15668E+00 1.55944E+00
 1.28825E+00 2.77078E-01 4.43825E-01 1.17445E+00 1.59140E+00
 1.30317E+00 2.78824E-01 4.46621E-01 1.19233E+00 1.62391E+00
 1.31826E+00 2.80549E-01 4.49385E-01 1.21029E+00 1.65700E+00
 1.33352E+00 2.82254E-01 4.52117E-01 1.22835E+00 1.69067E+00
 1.34896E+00 2.83939E-01 4.54815E-01 1.24650E+00 1.72493E+00
 1.36458E+00 2.85603E-01 4.57481E-01 1.26473E+00 1.75980E+00
 1.38038E+00 2.87247E-01 4.60113E-01 1.28303E+00 1.79528E+00
 1.39637E+00 2.88870E-01 4.62713E-01 1.30141E+00 1.83138E+00
 1.41254E+00 2.90473E-01 4.65281E-01 1.31986E+00 1.86812E+00
 1.42889E+00 2.92055E-01 4.67816E-01 1.33838E+00 1.90550E+00
 1.44544E+00 2.93617E-01 4.70318E-01 1.35695E+00 1.94355E+00
 1.46218E+00 2.95159E-01 4.72788E-01 1.37558E+00 1.98226E+00
 1.47911E+00 2.96681E-01 4.75226E-01 1.39426E+00 2.02165E+00
 1.49624E+00 2.98183E-01 4.77632E-01 1.41299E+00 2.06174E+00
 1.51356E+00 2.99666E-01 4.80006E-01 1.43175E+00 2.10253E+00
 1.53109E+00 3.01128E-01 4.82349E-01 1.45055E+00 2.14404E+00
 1.54882E+00 3.02571E-01 4.84659E-01 1.46938E+00 2.18628E+00
 1.56675E+00 3.03994E-01 4.86939E-01 1.48822E+00 2.22926E+00
 1.58489E+00 3.05397E-01 4.89188E-01 1.50709E+00 2.27299E+00
 1.60325E+00 3.06782E-01 4.91405E-01 1.52596E+00 2.31749E+00
 1.62181E+00 3.08147E-01 4.93592E-01 1.54483E+00 2.36276E+00
 1.64059E+00 3.09493E-01 4.95749E-01 1.56370E+00 2.40883E+00
 1.65959E+00 3.10821E-01 4.97875E-01 1.58256E+00 2.45570E+00
 1.67880E+00 3.12130E-01 4.99972E-01 1.60140E+00 2.50338E+00
 1.69824E+00 3.13420E-01 5.02039E-01 1.62021E+00 2.55190E+00
 1.71791E+00 3.14692E-01 5.04076E-01 1.63899E+00 2.60126E+00
 1.73780E+00 3.15946E-01 5.06085E-01 1.65773E+00 2.65147E+00
 1.75792E+00 3.17182E-01 5.08065E-01 1.67643E+00 2.70255E+00
 1.77828E+00 3.18401E-01 5.10016E-01 1.69507E+00 2.75451E+00
 1.79887E+00 3.19601E-01 5.11940E-01 1.71364E+00 2.80737E+00
 1.81970E+00 3.20785E-01 5.13835E-01 1.73214E+00 2.86114E+00
 1.84077E+00 3.21951E-01 5.15703E-01 1.75057E+00 2.91583E+00
 1.86209E+00 3.23100E-01 5.17544E-01 1.76891E+00 2.97145E+00
 1.88365E+00 3.24232E-01 5.19357E-01 1.78715E+00 3.02802E+00
 1.90546E+00 3.25348E-01 5.21144E-01 1.80528E+00 3.08556E+00
 1.92752E+00 3.26447E-01 5.22905E-01 1.82331E+00 3.14407E+00
 1.94984E+00 3.27530E-01 5.24640E-01 1.84121E+00 3.20356E+00
 1.97242E+00 3.28597E-01 5.26350E-01 1.85899E+00 3.26407E+00
 1.99526E+00 3.29649E-01 5.28034E-01 1.87663E+00 3.32559E+00
 2.01837E+00 3.30685E-01 5.29693E-01 1.89412E+00 3.38814E+00
 2.04174E+00 3.31705E-01 5.31327E-01 1.91145E+00 3.45173E+00
 2.06538E+00 3.32710E-01 5.32938E-01 1.92863E+00 3.51639E+00
 2.08930E+00 3.33701E-01 5.34524E-01 1.94563E+00 3.58211E+00
 2.11349E+00 3.34676E-01 5.36087E-01 1.96245E+00 3.64892E+00
 2.13796E+00 3.35637E-01 5.37626E-01 1.97908E+00 3.71684E+00
 2.16272E+00 3.36584E-01 5.39143E-01 1.99552E+00 3.78586E+00
 2.18776E+00 3.37517E-01 5.40637E-01 2.01175E+00 3.85602E+00
 2.21309E+00 3.38435E-01 5.42108E-01 2.02777E+00 3.92731E+00
 2.23872E+00 3.39341E-01 5.43558E-01 2.04356E+00 3.99976E+00
 2.26464E+00 3.40232E-01 5.44986E-01 2.05912E+00 4.07338E+00
 2.29087E+00 3.41110E-01 5.46393E-01 2.07445E+00 4.14818E+00
 2.31739E+00 3.41976E-01 5.47779E-01 2.08952E+00 4.22418E+00
 2.34423E+00 3.42828E-01 5.49144E-01 2.10435E+00 4.30139E+00
 2.37137E+00 3.43668E-01 5.50489E-01 2.11891E+00 4.37982E+00
 2.39883E+00 3.44495E-01 5.51814E-01 2.13320E+00 4.45950E+00
 2.42661E+00 3.45310E-01 5.53120E-01 2.14722E+00 4.54042E+00
 2.45471E+00 3.46113E-01 5.54406E-01 2.16095E+00 4.62261E+00
 2.48313E+00 3.46904E-01 5.55673E-01 2.17438E+00 4.70607E+00
 2.51189E+00 3.47683E-01 5.56921E-01 2.18752E+00 4.79083E+00
 2.54097E+00 3.48451E-01 5.58151E-01 2.20036E+00 4.87690E+00
 2.57040E+00 3.49208E-01 5.59363E-01 2.21288E+00 4.96428E+00
 2.60016E+00 3.49953E-01 5.60557E-01 2.22509E+00 5.05299E+00
 2.63027E+00 3.50688E-01 5.61734E-01 2.23697E+00 5.14306E+00
 2.66073E+00 3.51412E-01 5.62893E-01 2.24852E+00 5.23447E+00
 2.69153E+00 3.52125E-01 5.64036E-01 2.25973E+00 5.32727E+00
 2.72270E+00 3.52828E-01 5.65162E-01 2.27060E+00 5.42144E+00
 2.75423E+00 3.53520E-01 5.66271E-01 2.28113E+00 5.51701E+00
 2.78612E+00 3.54203E-01 5.67365E-01 2.29131E+00 5.61400E+00
 2.81838E+00 3.54876E-01 5.68443E-01 2.30113E+00 5.71240E+00
 2.85102E+00 3.55539E-01 5.69505E-01 2.31059E+00 5.81224E+00
 2.88403E+00 3.56193E-01 5.70552E-01 2.31968E+00 5.91353E+00
 2.91743E+00 3.56837E-01 5.71584E-01 2.32841E+00 6.01628E+00
 2.95121E+00 3.57473E-01 5.72602E-01 2.33677E+00 6.12051E+00
 2.98538E+00 3.58099E-01 5.73605E-01 2.34475E+00 6.22621E+00
 3.01995E+00 3.58716E-01 5.74594E-01 2.35235E+00 6.33342E+00
 3.05492E+00 3.59325E-01 5.75569E-01 2.35957E+00 6.44213E+00
 3.09030E+00 3.59925E-01 5.76530E-01 2.36641E+00 6.55236E+00
 3.12608E+00 3.60517E-01 5.77478E-01 2.37287E+00 6.66413E+00
 3.16228E+00 3.61100E-01 5.78412E-01 2.37894E+00 6.77744E+00
 3.19890E+00 3.61675E-01 5.79334E-01 2.38462E+00 6.89231E+00
 3.23594E+00 3.62243E-01 5.80243E-01 2.38991E+00 7.00874E+00
 3.27341E+00 3.62802E-01 5.81139E-01 2.39481E+00 7.12675E+00
 3.31131E+00 3.63354E-01 5.82024E-01 2.39932E+00 7.24634E+00
 3.34965E+00 3.63899E-01 5.82896E-01 2.40343E+00 7.36754E+00
 3.38844E+00 3.64436E-01 5.83756E-01 2.40716E+00 7.49034E+00
 3.42768E+00 3.64966E-01 5.84604E-01 2.41050E+00 7.61477E+00
 3.46737E+00 3.65488E-01 5.85441E-01 2.41344E+00 7.74083E+00
 3.50752E+00 3.66004E-01 5.86267E-01 2.41600E+00 7.86852E+00
 3.54813E+00 3.66513E-01 5.87082E-01 2.41816E+00 7.99787E+00
 3.58922E+00 3.67015E-01 5.87886E-01 2.41994E+00 8.12888E+00
 3.63078E+00 3.67510E-01 5.88680E-01 2.42134E+00 8.26155E+00
 3.67282E+00 3.67999E-01 5.89463E-01 2.42235E+00 8.39591E+00
 3.71535E+00 3.68481E-01 5.90235E-01 2.42298E+00 8.53195E+00
 3.75837E+00 3.68957E-01 5.90998E-01 2.42323E+00 8.66969E+00
 3.80189E+00 3.69427E-01 5.91750E-01 2.42310E+00 8.80914E+00
 3.84592E+00 3.69891E-01 5.92493E-01 2.42260E+00 8.95030E+00
 3.89045E+00 3.70348E-01 5.93227E-01 2.42173E+00 9.09318E+00
 3.93550E+00 3.70800E-01 5.93950E-01 2.42049E+00 9.23780E+00
 3.98107E+00 3.71246E-01 5.94665E-01 2.41889E+00 9.38415E+00
 4.02717E+00 3.71687E-01 5.95371E-01 2.41692E+00 9.53225E+00
 4.07380E+00 3.72122E-01 5.96067E-01 2.41460E+00 9.68210E+00
 4.12098E+00 3.72551E-01 5.96755E-01 2.41193E+00 9.83371E+00
 4.16869E+00 3.72975E-01 5.97434E-01 2.40892E+00 9.98708E+00
 4.21697E+00 3.73394E-01 5.98105E-01 2.40555E+00 1.01422E+01
 4.26580E+00 3.73807E-01 5.98767E-01 2.40185E+00 1.02992E+01
 4.31519E+00 3.74216E-01 5.99421E-01 2.39782E+00 1.04579E+01
 4.36516E+00 3.74619E-01 6.00067E-01 2.39346E+00 1.06184E+01
 4.41570E+00 3.75017E-01 6.00705E-01 2.38877E+00 1.07807E+01
 4.46684E+00 3.75411E-01 6.01335E-01 2.38377E+00 1.09448E+01
 4.51856E+00 3.75799E-01 6.01958E-01 2.37845E+00 1.11107E+01
 4.57088E+00 3.76183E-01 6.02572E-01 2.37283E+00 1.12784E+01
 4.62381E+00 3.76562E-01 6.03180E-01 2.36690E+00 1.14479E+01
 4.67735E+00 3.76937E-01 6.03780E-01 2.36068E+00 1.16193E+01
 4.73151E+00 3.77307E-01 6.04373E-01 2.35416E+00 1.17924E+01
 4.78630E+00 3.77673E-01 6.04959E-01 2.34736E+00 1.19674E+01
 4.84172E+00 3.78034E-01 6.05537E-01 2.34029E+00 1.21442E+01
 4.89779E+00 3.78391E-01 6.06109E-01 2.33294E+00 1.23228E+01
 4.95450E+00 3.78744E-01 6.06674E-01 2.32532E+00 1.25033E+01
 5.01187E+00 3.79092E-01 6.07233E-01 2.31744E+00 1.26856E+01
 5.06991E+00 3.79437E-01 6.07784E-01 2.30931E+00 1.28697E+01
 5.12861E+00 3.79777E-01 6.08330E-01 2.30093E+00 1.30556E+01
 5.18800E+00 3.80114E-01 6.08869E-01 2.29231E+00 1.32434E+01
 5.24807E+00 3.80446E-01 6.09401E-01 2.28346E+00 1.34330E+01
 5.30884E+00 3.80775E-01 6.09928E-01 2.27437E+00 1.36244E+01
 5.37032E+00 3.81100E-01 6.10448E-01 2.26506E+00 1.38177E+01
 5.43250E+00 3.81421E-01 6.10962E-01 2.25554E+00 1.40127E+01
 5.49541E+00 3.81738E-01 6.11470E-01 2.24580E+00 1.42096E+01
 5.55904E+00 3.82052E-01 6.11973E-01 2.23586E+00 1.44083E+01
 5.62341E+00 3.82362E-01 6.12469E-01 2.22572E+00 1.46088E+01
 5.68853E+00 3.82668E-01 6.12960E-01 2.21539E+00 1.48111E+01
 5.75440E+00 3.82971E-01 6.13446E-01 2.20488E+00 1.50152E+01
 5.82103E+00 3.83271E-01 6.13925E-01 2.19418E+00 1.52210E+01
 5.88844E+00 3.83567E-01 6.14400E-01 2.18332E+00 1.54287E+01
 5.95662E+00 3.83859E-01 6.14869E-01 2.17228E+00 1.56381E+01
 6.02560E+00 3.84149E-01 6.15332E-01 2.16109E+00 1.58493E+01
 6.09537E+00 3.84435E-01 6.15790E-01 2.14974E+00 1.60622E+01
 6.16595E+00 3.84718E-01 6.16243E-01 2.13824E+00 1.62769E+01
 6.23735E+00 3.84997E-01 6.16691E-01 2.12660E+00 1.64933E+01
 6.30957E+00 3.85274E-01 6.17134E-01 2.11482E+00 1.67114E+01
 6.38263E+00 3.85547E-01 6.17572E-01 2.10291E+00 1.69312E+01
 6.45654E+00 3.85817E-01 6.18005E-01 2.09088E+00 1.71527E+01
 6.53131E+00 3.86085E-01 6.18433E-01 2.07872E+00 1.73759E+01
 6.60693E+00 3.86349E-01 6.18856E-01 2.06645E+00 1.76007E+01
 6.68344E+00 3.86610E-01 6.19275E-01 2.05408E+00 1.78272E+01
 6.76083E+00 3.86869E-01 6.19689E-01 2.04160E+00 1.80553E+01
 6.83912E+00 3.87124E-01 6.20098E-01 2.02902E+00 1.82850E+01
 6.91831E+00 3.87377E-01 6.20502E-01 2.01635E+00 1.85163E+01
 6.99842E+00 3.87626E-01 6.20902E-01 2.00359E+00 1.87491E+01
 7.07946E+00 3.87873E-01 6.21298E-01 1.99075E+00 1.89834E+01
 7.16143E+00 3.88118E-01 6.21689E-01 1.97783E+00 1.92193E+01
 7.24436E+00 3.88359E-01 6.22076E-01 1.96484E+00 1.94567E+01
 7.32825E+00 3.88598E-01 6.22459E-01 1.95179E+00 1.96955E+01
 7.41310E+00 3.88834E-01 6.22837E-01 1.93867E+00 1.99357E+01
 7.49894E+00 3.89067E-01 6.23211E-01 1.92549E+00 2.01774E+01
 7.58578E+00 3.89298E-01 6.23581E-01 1.91226E+00 2.04204E+01
 7.67361E+00 3.89527E-01 6.23946E-01 1.89898E+00 2.06647E+01
 7.76247E+00 3.89752E-01 6.24308E-01 1.88566E+00 2.09104E+01
 7.85236E+00 3.89976E-01 6.24666E-01 1.87229E+00 2.11573E+01
 7.94328E+00 3.90196E-01 6.25019E-01 1.85889E+00 2.14055E+01
 8.03526E+00 3.90415E-01 6.25369E-01 1.84546E+00 2.16548E+01
 8.12831E+00 3.90631E-01 6.25715E-01 1.83200E+00 2.19053E+01
 8.22243E+00 3.90844E-01 6.26057E-01 1.81852E+00 2.21570E+01
 8.31764E+00 3.91055E-01 6.26395E-01 1.80502E+00 2.24097E+01
 8.41395E+00 3.91264E-01 6.26729E-01 1.79150E+00 2.26634E+01
 8.51138E+00 3.91470E-01 6.27060E-01 1.77797E+00 2.29181E+01
 8.60994E+00 3.91675E-01 6.27387E-01 1.76443E+00 2.31738E+01
 8.70964E+00 3.91877E-01 6.27710E-01 1.75088E+00 2.34303E+01
 8.81049E+00 3.92076E-01 6.28030E-01 1.73734E+00 2.36877E+01
 8.91251E+00 3.92274E-01 6.28346E-01 1.72379E+00 2.39459E+01
 9.01571E+00 3.92469E-01 6.28659E-01 1.71025E+00 2.42048E+01
 9.12011E+00 3.92662E-01 6.28968E-01 1.69672E+00 2.44644E+01
 9.22571E+00 3.92853E-01 6.29274E-01 1.68320E+00 2.47247E+01
 9.33254E+00 3.93042E-01 6.29577E-01 1.66969E+00 2.49855E+01
 9.44061E+00 3.93228E-01 6.29876E-01 1.65620E+00 2.52468E+01
 9.54993E+00 3.93413E-01 6.30171E-01 1.64272E+00 2.55085E+01
 9.66051E+00 3.93596E-01 6.30464E-01 1.62928E+00 2.57707E+01
 9.77237E+00 3.93776E-01 6.30753E-01 1.61585E+00 2.60331E+01
 9.88553E+00 3.93955E-01 6.31039E-01 1.60245E+00 2.62958E+01
 1.00000E+01 3.94131E-01 6.31322E-01 1.58908E+00 2.65587E+01
 1.01158E+01 3.94306E-01 6.31601E-01 1.57575E+00 2.68218E+01
 1.02329E+01 3.94478E-01 6.31878E-01 1.56245E+00 2.70848E+01
 1.03514E+01 3.94649E-01 6.32151E-01 1.54918E+00 2.73478E+01
 1.04713E+01 3.94818E-01 6.32422E-01 1.53596E+00 2.76108E+01
 1.05925E+01 3.94985E-01 6.32689E-01 1.52278E+00 2.78735E+01
 1.07152E+01 3.95150E-01 6.32954E-01 1.50964E+00 2.81360E+01
 1.08393E+01 3.95313E-01 6.33215E-01 1.49654E+00 2.83981E+01
 1.09648E+01 3.95474E-01 6.33474E-01 1.48349E+00 2.86599E+01
 1.10917E+01 3.95634E-01 6.33729E-01 1.47049E+00 2.89211E+01
 1.12202E+01 3.95792E-01 6.33982E-01 1.45754E+00 2.91817E+01
 1.13501E+01 3.95948E-01 6.34232E-01 1.44464E+00 2.94417E+01
 1.14815E+01 3.96102E-01 6.34479E-01 1.43180E+00 2.97009E+01
 1.16145E+01 3.96255E-01 6.34724E-01 1.41901E+00 2.99593E+01
 1.17490E+01 3.96406E-01 6.34965E-01 1.40628E+00 3.02167E+01
 1.18850E+01 3.96555E-01 6.35204E-01 1.39361E+00 3.04731E+01
 1.20226E+01 3.96702E-01 6.35441E-01 1.38100E+00 3.07283E+01
 1.21619E+01 3.96848E-01 6.35674E-01 1.36845E+00 3.09824E+01
 1.23027E+01 3.96993E-01 6.35905E-01 1.35596E+00 3.12351E+01
 1.24451E+01 3.97135E-01 6.36134E-01 1.34353E+00 3.14865E+01
 1.25893E+01 3.97276E-01 6.36360E-01 1.33117E+00 3.17363E+01
 1.27350E+01 3.97416E-01 6.36583E-01 1.31887E+00 3.19845E+01
 1.28825E+01 3.97554E-01 6.36804E-01 1.30664E+00 3.22310E+01
 1.30317E+01 3.97690E-01 6.37023E-01 1.29448E+00 3.24758E+01
 1.31826E+01 3.97825E-01 6.37239E-01 1.28239E+00 3.27186E+01
 1.33352E+01 3.97958E-01 6.37452E-01 1.27037E+00 3.29594E+01
 1.34896E+01 3.98090E-01 6.37663E-01 1.25842E+00 3.31981E+01
 1.36458E+01 3.98220E-01 6.37872E-01 1.24654E+00 3.34346E+01
 1.38038E+01 3.98349E-01 6.38079E-01 1.23473E+00 3.36688E+01
 1.39637E+01 3.98477E-01 6.38283E-01 1.22299E+00 3.39005E+01
 1.41254E+01 3.98603E-01 6.38485E-01 1.21133E+00 3.41298E+01
 1.42889E+01 3.98727E-01 6.38684E-01 1.19974E+00 3.43564E+01
 1.44544E+01 3.98851E-01 6.38882E-01 1.18823E+00 3.45803E+01
 1.46218E+01 3.98973E-01 6.39077E-01 1.17679E+00 3.48014E+01
 1.47911E+01 3.99093E-01 6.39270E-01 1.16542E+00 3.50195E+01
 1.49624E+01 3.99212E-01 6.39461E-01 1.15414E+00 3.52346E+01
 1.51356E+01 3.99330E-01 6.39649E-01 1.14293E+00 3.54465E+01
 1.53109E+01 3.99446E-01 6.39836E-01 1.13179E+00 3.56552E+01
 1.54882E+01 3.99562E-01 6.40020E-01 1.12074E+00 3.58606E+01
 1.56675E+01 3.99675E-01 6.40203E-01 1.10976E+00 3.60624E+01
 1.58489E+01 3.99788E-01 6.40383E-01 1.09886E+00 3.62608E+01
 1.60325E+01 3.99899E-01 6.40561E-01 1.08804E+00 3.64555E+01
 1.62181E+01 4.00009E-01 6.40738E-01 1.07730E+00 3.66464E+01
 1.64059E+01 4.00118E-01 6.40912E-01 1.06663E+00 3.68335E+01
 1.65959E+01 4.00226E-01 6.41084E-01 1.05605E+00 3.70167E+01
 1.67880E+01 4.00332E-01 6.41255E-01 1.04554E+00 3.71958E+01
 1.69824E+01 4.00437E-01 6.41423E-01 1.03512E+00 3.73707E+01
 1.71791E+01 4.00541E-01 6.41590E-01 1.02477E+00 3.75415E+01
 1.73780E+01 4.00644E-01 6.41754E-01 1.01451E+00 3.77079E+01
 1.75792E+01 4.00746E-01 6.41917E-01 1.00432E+00 3.78700E+01
 1.77828E+01 4.00846E-01 6.42078E-01 9.94210E-01 3.80275E+01
 1.79887E+01 4.00946E-01 6.42238E-01 9.84182E-01 3.81805E+01
 1.81970E+01 4.01044E-01 6.42395E-01 9.74234E-01 3.83288E+01
 1.84077E+01 4.01141E-01 6.42551E-01 9.64365E-01 3.84723E+01
 1.86209E+01 4.01237E-01 6.42705E-01 9.54576E-01 3.86111E+01
 1.88365E+01 4.01332E-01 6.42857E-01 9.44866E-01 3.87450E+01
 1.90546E+01 4.01426E-01 6.43007E-01 9.41427E-01 3.88739E+01
 1.92752E+01 4.01519E-01 6.43156E-01 9.41645E-01 3.89977E+01
 1.94984E+01 4.01611E-01 6.43303E-01 9.41860E-01 3.91165E+01
 1.97242E+01 4.01702E-01 6.43448E-01 9.42073E-01 3.92301E+01
 1.99526E+01 4.01791E-01 6.43592E-01 9.42283E-01 3.93385E+01
 2.01837E+01 4.01880E-01 6.43734E-01 9.42491E-01 3.94416E+01
 2.04174E+01 4.01968E-01 6.43875E-01 9.42697E-01 3.95394E+01
 2.06538E+01 4.02055E-01 6.44014E-01 9.42901E-01 3.96318E+01
 2.08930E+01 4.02140E-01 6.44151E-01 9.43102E-01 3.97188E+01
 2.11349E+01 4.02225E-01 6.44287E-01 9.43301E-01 3.98003E+01
 2.13796E+01 4.02309E-01 6.44421E-01 9.43497E-01 3.98763E+01
 2.16272E+01 4.02392E-01 6.44554E-01 9.43692E-01 3.99467E+01
 2.18776E+01 4.02474E-01 6.44686E-01 9.43884E-01 4.00115E+01
 2.21309E+01 4.02555E-01 6.44815E-01 9.44074E-01 4.00707E+01
 2.23872E+01 4.02635E-01 6.44944E-01 9.44262E-01 4.01243E+01
 2.26464E+01 4.02714E-01 6.45071E-01 9.44448E-01 4.01722E+01
 2.29087E+01 4.02793E-01 6.45196E-01 9.44632E-01 4.02145E+01
 2.31739E+01 4.02870E-01 6.45320E-01 9.44813E-01 4.02510E+01
 2.34423E+01 4.02947E-01 6.45443E-01 9.44993E-01 4.02818E+01
 2.37137E+01 4.03022E-01 6.45564E-01 9.45170E-01 4.03069E+01
 2.39883E+01 4.03097E-01 6.45684E-01 9.45346E-01 4.03262E+01
 2.42661E+01 4.03171E-01 6.45802E-01 9.45519E-01 4.03399E+01
 2.45471E+01 4.03244E-01 6.45920E-01 9.45691E-01 4.03478E+01
 2.48313E+01 4.03317E-01 6.46035E-01 9.45860E-01 4.03500E+01
 2.51189E+01 4.03388E-01 6.46150E-01 9.46028E-01 4.03466E+01
 2.54097E+01 4.03459E-01 6.46263E-01 9.46194E-01 4.03374E+01
 2.57040E+01 4.03529E-01 6.46375E-01 9.46358E-01 4.03226E+01
 2.60016E+01 4.03598E-01 6.46486E-01 9.46520E-01 4.03021E+01
 2.63027E+01 4.03666E-01 6.46595E-01 9.46680E-01 4.02760E+01
 2.66073E+01 4.03734E-01 6.46704E-01 9.46839E-01 4.02444E+01
 2.69153E+01 4.03801E-01 6.46811E-01 9.46995E-01 4.02071E+01
 2.72270E+01 4.03867E-01 6.46916E-01 9.47150E-01 4.01644E+01
 2.75423E+01 4.03932E-01 6.47021E-01 9.47303E-01 4.01162E+01
 2.78612E+01 4.03997E-01 6.47124E-01 9.47455E-01 4.00625E+01
 2.81838E+01 4.04060E-01 6.47227E-01 9.47604E-01 4.00035E+01
 2.85102E+01 4.04123E-01 6.47328E-01 9.47752E-01 3.99392E+01
 2.88403E+01 4.04186E-01 6.47427E-01 9.47899E-01 3.98695E+01
 2.91743E+01 4.04247E-01 6.47526E-01 9.48043E-01 3.97947E+01
 2.95121E+01 4.04308E-01 6.47624E-01 9.48186E-01 3.97146E+01
 2.98538E+01 4.04369E-01 6.47720E-01 9.48328E-01 3.96295E+01
 3.01995E+01 4.04428E-01 6.47816E-01 9.48467E-01 3.95394E+01
 3.05492E+01 4.04487E-01 6.47910E-01 9.48606E-01 3.94442E+01
 3.09030E+01 4.04545E-01 6.48004E-01 9.48742E-01 3.93442E+01
 3.12608E+01 4.04603E-01 6.48096E-01 9.48877E-01 3.92393E+01
 3.16228E+01 4.04660E-01 6.48187E-01 9.49011E-01 3.91297E+01
 3.19890E+01 4.04716E-01 6.48277E-01 9.49143E-01 3.90154E+01
 3.23594E+01 4.04772E-01 6.48366E-01 9.49273E-01 3.88966E+01
 3.27341E+01 4.04827E-01 6.48455E-01 9.49402E-01 3.87732E+01
 3.31131E+01 4.04881E-01 6.48542E-01 9.49530E-01 3.86453E+01
 3.34965E+01 4.04935E-01 6.48628E-01 9.49656E-01 3.85132E+01
 3.38844E+01 4.04988E-01 6.48713E-01 9.49781E-01 3.83767E+01
 3.42768E+01 4.05041E-01 6.48797E-01 9.49904E-01 3.82361E+01
 3.46737E+01 4.05093E-01 6.48880E-01 9.50026E-01 3.80915E+01
 3.50752E+01 4.05144E-01 6.48963E-01 9.50146E-01 3.79428E+01
 3.54813E+01 4.05195E-01 6.49044E-01 9.50266E-01 3.77902E+01
 3.58922E+01 4.05245E-01 6.49125E-01 9.50383E-01 3.76338E+01
 3.63078E+01 4.05295E-01 6.49204E-01 9.50500E-01 3.74738E+01
 3.67282E+01 4.05344E-01 6.49283E-01 9.50615E-01 3.73101E+01
 3.71535E+01 4.05393E-01 6.49360E-01 9.50729E-01 3.71428E+01
 3.75837E+01 4.05441E-01 6.49437E-01 9.50841E-01 3.69722E+01
 3.80189E+01 4.05488E-01 6.49513E-01 9.50952E-01 3.67982E+01
 3.84592E+01 4.05535E-01 6.49588E-01 9.51062E-01 3.66210E+01
 3.89045E+01 4.05581E-01 6.49663E-01 9.51171E-01 3.64407E+01
 3.93550E+01 4.05627E-01 6.49736E-01 9.51279E-01 3.62573E+01
 3.98107E+01 4.05672E-01 6.49809E-01 9.51385E-01 3.60710E+01
 4.02717E+01 4.05717E-01 6.49880E-01 9.51490E-01 3.58819E+01
 4.07380E+01 4.05761E-01 6.49951E-01 9.51594E-01 3.56900E+01
 4.12098E+01 4.05805E-01 6.50022E-01 9.51697E-01 3.54955E+01
 4.16869E+01 4.05849E-01 6.50091E-01 9.51798E-01 3.52984E+01
 4.21697E+01 4.05891E-01 6.50159E-01 9.51898E-01 3.50989E+01
 4.26580E+01 4.05934E-01 6.50227E-01 9.51998E-01 3.48970E+01
 4.31519E+01 4.05975E-01 6.50294E-01 9.52096E-01 3.46929E+01
 4.36516E+01 4.06017E-01 6.50360E-01 9.52193E-01 3.44867E+01
 4.41570E+01 4.06058E-01 6.50426E-01 9.52289E-01 3.42783E+01
 4.46684E+01 4.06098E-01 6.50491E-01 9.52383E-01 3.40680E+01
 4.51856E+01 4.06138E-01 6.50555E-01 9.52477E-01 3.38558E+01
 4.57088E+01 4.06178E-01 6.50618E-01 9.52570E-01 3.36419E+01
 4.62381E+01 4.06217E-01 6.50680E-01 9.52661E-01 3.34262E+01
 4.67735E+01 4.06255E-01 6.50742E-01 9.52752E-01 3.32090E+01
 4.73151E+01 4.06293E-01 6.50803E-01 9.52841E-01 3.29902E+01
 4.78630E+01 4.06331E-01 6.50864E-01 9.52930E-01 3.27700E+01
 4.84172E+01 4.06368E-01 6.50924E-01 9.53017E-01 3.25485E+01
 4.89779E+01 4.06405E-01 6.50983E-01 9.53104E-01 3.23258E+01
 4.95450E+01 4.06442E-01 6.51041E-01 9.53189E-01 3.21019E+01
 5.01187E+01 4.06478E-01 6.51099E-01 9.53274E-01 3.18769E+01
 5.06991E+01 4.06513E-01 6.51156E-01 9.53358E-01 3.16509E+01
 5.12861E+01 4.06549E-01 6.51212E-01 9.53440E-01 3.14240E+01
 5.18800E+01 4.06584E-01 6.51268E-01 9.53522E-01 3.11962E+01
 5.24807E+01 4.06618E-01 6.51323E-01 9.53603E-01 3.09677E+01
 5.30884E+01 4.06652E-01 6.51378E-01 9.53682E-01 3.07385E+01
 5.37032E+01 4.06686E-01 6.51432E-01 9.53761E-01 3.05088E+01
 5.43250E+01 4.06719E-01 6.51485E-01 9.53839E-01 3.02785E+01
 5.49541E+01 4.06752E-01 6.51538E-01 9.53917E-01 3.00477E+01
 5.55904E+01 4.06784E-01 6.51590E-01 9.53993E-01 2.98165E+01
 5.62341E+01 4.06817E-01 6.51641E-01 9.54068E-01 2.95851E+01
 5.68853E+01 4.06848E-01 6.51692E-01 9.54143E-01 2.93534E+01
 5.75440E+01 4.06880E-01 6.51743E-01 9.54216E-01 2.91215E+01
 5.82103E+01 4.06911E-01 6.51792E-01 9.54289E-01 2.88895E+01
 5.88844E+01 4.06941E-01 6.51842E-01 9.54361E-01 2.86574E+01
 5.95662E+01 4.06972E-01 6.51890E-01 9.54432E-01 2.84254E+01
 6.02560E+01 4.07002E-01 6.51938E-01 9.54503E-01 2.81934E+01
 6.09537E+01 4.07032E-01 6.51986E-01 9.54572E-01 2.79615E+01
 6.16595E+01 4.07061E-01 6.52033E-01 9.54641E-01 2.77299E+01
 6.23735E+01 4.07090E-01 6.52079E-01 9.54709E-01 2.74985E+01
 6.30957E+01 4.07119E-01 6.52125E-01 9.54776E-01 2.72673E+01
 6.38263E+01 4.07147E-01 6.52171E-01 9.54843E-01 2.70366E+01
 6.45654E+01 4.07175E-01 6.52215E-01 9.54909E-01 2.68062E+01
 6.53131E+01 4.07203E-01 6.52260E-01 9.54974E-01 2.65762E+01
 6.60693E+01 4.07230E-01 6.52304E-01 9.55038E-01 2.63468E+01
 6.68344E+01 4.07257E-01 6.52347E-01 9.55101E-01 2.61179E+01
 6.76083E+01 4.07284E-01 6.52390E-01 9.55164E-01 2.58896E+01
 6.83912E+01 4.07310E-01 6.52432E-01 9.55226E-01 2.56620E+01
 6.91831E+01 4.07336E-01 6.52474E-01 9.55287E-01 2.54350E+01
 6.99842E+01 4.07362E-01 6.52516E-01 9.55348E-01 2.52087E+01
 7.07946E+01 4.07388E-01 6.52557E-01 9.55408E-01 2.49832E+01
 7.16143E+01 4.07413E-01 6.52597E-01 9.55467E-01 2.47585E+01
 7.24436E+01 4.07438E-01 6.52637E-01 9.55526E-01 2.45346E+01
 7.32825E+01 4.07463E-01 6.52677E-01 9.55584E-01 2.43116E+01
 7.41310E+01 4.07487E-01 6.52716E-01 9.55641E-01 2.40895E+01
 7.49894E+01 4.07511E-01 6.52754E-01 9.55698E-01 2.38683E+01
 7.58578E+01 4.07535E-01 6.52793E-01 9.55754E-01 2.36480E+01
 7.67361E+01 4.07559E-01 6.52830E-01 9.55809E-01 2.34288E+01
 7.76247E+01 4.07582E-01 6.52868E-01 9.55864E-01 2.32106E+01
 7.85236E+01 4.07605E-01 6.52905E-01 9.55918E-01 2.29935E+01
 7.94328E+01 4.07628E-01 6.52941E-01 9.55971E-01 2.27774E+01
 8.03526E+01 4.07651E-01 6.52977E-01 9.56024E-01 2.25624E+01
 8.12831E+01 4.07673E-01 6.53013E-01 9.56076E-01 2.23486E+01
 8.22243E+01 4.07695E-01 6.53048E-01 9.56128E-01 2.21359E+01
 8.31764E+01 4.07717E-01 6.53083E-01 9.56179E-01 2.19244E+01
 8.41395E+01 4.07738E-01 6.53118E-01 9.56229E-01 2.17141E+01
 8.51138E+01 4.07759E-01 6.53152E-01 9.56279E-01 2.15050E+01
 8.60994E+01 4.07780E-01 6.53185E-01 9.56329E-01 2.12971E+01
 8.70964E+01 4.07801E-01 6.53219E-01 9.56377E-01 2.10905E+01
 8.81049E+01 4.07822E-01 6.53252E-01 9.56426E-01 2.08851E+01
 8.91251E+01 4.07842E-01 6.53284E-01 9.56473E-01 2.06811E+01
 9.01571E+01 4.07862E-01 6.53316E-01 9.56520E-01 2.04783E+01
 9.12011E+01 4.07882E-01 6.53348E-01 9.56567E-01 2.02768E+01
 9.22571E+01 4.07902E-01 6.53380E-01 9.56613E-01 2.00767E+01
 9.33254E+01 4.07921E-01 6.53411E-01 9.56659E-01 1.98779E+01
 9.44061E+01 4.07940E-01 6.53441E-01 9.56704E-01 1.96805E+01
 9.54993E+01 4.07959E-01 6.53472E-01 9.56748E-01 1.94844E+01
 9.66051E+01 4.07978E-01 6.53502E-01 9.56792E-01 1.92897E+01
 9.77237E+01 4.07997E-01 6.53532E-01 9.56836E-01 1.90964E+01
 9.88553E+01 4.08015E-01 6.53561E-01 9.56879E-01 1.89045E+01
 1.00000E+02 4.08033E-01 6.53590E-01 9.56921E-01 1.87140E+01
