 1.00000E-02 3.39614E-02 5.47768E-02 8.48378E-02 8.93638E-02
 2.00000E-02 3.39736E-02 5.47875E-02 8.49254E-02 8.93639E-02
 3.00000E-02 3.39941E-02 5.48075E-02 8.49397E-02 8.93642E-02
 4.00000E-02 3.40244E-02 5.48421E-02 8.49363E-02 8.93711E-02
 5.00000E-02 3.40652E-02 5.48786E-02 8.49538E-02 8.93797E-02
 6.00000E-02 3.41140E-02 5.49222E-02 8.49662E-02 8.93874E-02
 7.00000E-02 3.41726E-02 5.49757E-02 8.49830E-02 8.93988E-02
 8.00000E-02 3.42426E-02 5.50435E-02 8.50137E-02 8.94179E-02
 9.00000E-02 3.43280E-02 5.51268E-02 8.50544E-02 8.94492E-02
 1.00000E-01 3.44284E-02 5.52275E-02 8.51121E-02 8.94977E-02
 1.10000E-01 3.45473E-02 5.53511E-02 8.51954E-02 8.95694E-02
 1.20000E-01 3.46875E-02 5.55012E-02 8.53071E-02 8.96708E-02
 1.30000E-01 3.48526E-02 5.56826E-02 8.54548E-02 8.98094E-02
 1.40000E-01 3.50457E-02 5.59001E-02 8.56466E-02 8.99929E-02
 1.50000E-01 3.52706E-02 5.61604E-02 8.58904E-02 9.02294E-02
 1.60000E-01 3.55312E-02 5.64683E-02 8.61947E-02 9.05274E-02
 1.70000E-01 3.58315E-02 5.68298E-02 8.65678E-02 9.08968E-02
 1.80000E-01 3.61760E-02 5.72513E-02 8.70183E-02 9.13461E-02
 1.90000E-01 3.65682E-02 5.77390E-02 8.75561E-02 9.18855E-02
 2.00000E-01 3.70125E-02 5.82985E-02 8.81892E-02 9.25234E-02
 2.10000E-01 3.75127E-02 5.89359E-02 8.89264E-02 9.32693E-02
 2.20000E-01 3.80723E-02 5.96571E-02 8.97761E-02 9.41325E-02
 2.30000E-01 3.86952E-02 6.04672E-02 9.07470E-02 9.51208E-02
 2.40000E-01 3.93843E-02 6.13713E-02 9.18457E-02 9.62423E-02
 2.50000E-01 4.01424E-02 6.23736E-02 9.30794E-02 9.75041E-02
 2.60000E-01 4.09719E-02 6.34780E-02 9.44539E-02 9.89128E-02
 2.70000E-01 4.18747E-02 6.46876E-02 9.59743E-02 1.00474E-01
 2.80000E-01 4.28524E-02 6.60051E-02 9.76450E-02 1.02191E-01
 2.90000E-01 4.39061E-02 6.74322E-02 9.94685E-02 1.04068E-01
 3.00000E-01 4.50365E-02 6.89700E-02 1.01447E-01 1.06107E-01
 3.10000E-01 4.62438E-02 7.06190E-02 1.03581E-01 1.08309E-01
 3.20000E-01 4.75281E-02 7.23791E-02 1.05871E-01 1.10674E-01
 3.30000E-01 4.88891E-02 7.42498E-02 1.08316E-01 1.13201E-01
 3.40000E-01 5.03262E-02 7.62301E-02 1.10913E-01 1.15888E-01
 3.50000E-01 5.18388E-02 7.83185E-02 1.13661E-01 1.18732E-01
 3.60000E-01 5.34260E-02 8.05135E-02 1.16556E-01 1.21730E-01
 3.70000E-01 5.50869E-02 8.28130E-02 1.19594E-01 1.24877E-01
 3.80000E-01 5.68205E-02 8.52151E-02 1.22771E-01 1.28171E-01
 3.90000E-01 5.86260E-02 8.77176E-02 1.26083E-01 1.31605E-01
 4.00000E-01 6.05021E-02 9.03185E-02 1.29526E-01 1.35175E-01
 4.10000E-01 6.24481E-02 9.30156E-02 1.33094E-01 1.38875E-01
 4.20000E-01 6.44630E-02 9.58067E-02 1.36784E-01 1.42701E-01
 4.30000E-01 6.65458E-02 9.86899E-02 1.40590E-01 1.46648E-01
 4.40000E-01 6.86959E-02 1.01663E-01 1.44507E-01 1.50710E-01
 4.50000E-01 7.09123E-02 1.04724E-01 1.48532E-01 1.54881E-01
 4.60000E-01 7.31944E-02 1.07872E-01 1.52660E-01 1.59158E-01
 4.70000E-01 7.55416E-02 1.11105E-01 1.56887E-01 1.63535E-01
 4.80000E-01 7.79532E-02 1.14420E-01 1.61208E-01 1.68007E-01
 4.90000E-01 8.04287E-02 1.17817E-01 1.65620E-01 1.72571E-01
 5.00000E-01 8.29677E-02 1.21294E-01 1.70120E-01 1.77221E-01
 5.10000E-01 8.55696E-02 1.24850E-01 1.74704E-01 1.81954E-01
 5.20000E-01 8.82341E-02 1.28484E-01 1.79368E-01 1.86765E-01
 5.30000E-01 9.09608E-02 1.32194E-01 1.84110E-01 1.91652E-01
 5.40000E-01 9.37494E-02 1.35980E-01 1.88926E-01 1.96610E-01
 5.50000E-01 9.65997E-02 1.39840E-01 1.93815E-01 2.01636E-01
 5.60000E-01 9.95113E-02 1.43773E-01 1.98773E-01 2.06728E-01
 5.70000E-01 1.02484E-01 1.47779E-01 2.03799E-01 2.11883E-01
 5.80000E-01 1.05518E-01 1.51857E-01 2.08889E-01 2.17097E-01
 5.90000E-01 1.08612E-01 1.56005E-01 2.14043E-01 2.22369E-01
 6.00000E-01 1.11767E-01 1.60224E-01 2.19258E-01 2.27697E-01
 6.10000E-01 1.14982E-01 1.64513E-01 2.24533E-01 2.33078E-01
 6.20000E-01 1.18245E-01 1.68870E-01 2.29866E-01 2.38511E-01
 6.30000E-01 1.21513E-01 1.73296E-01 2.35256E-01 2.43995E-01
 6.40000E-01 1.24782E-01 1.77789E-01 2.40701E-01 2.49527E-01
 6.50000E-01 1.28052E-01 1.82350E-01 2.46201E-01 2.55108E-01
 6.60000E-01 1.31319E-01 1.86976E-01 2.51755E-01 2.60736E-01
 6.70000E-01 1.34584E-01 1.91625E-01 2.57361E-01 2.66410E-01
 6.80000E-01 1.37844E-01 1.96267E-01 2.63019E-01 2.72130E-01
 6.90000E-01 1.41099E-01 2.00900E-01 2.68729E-01 2.77895E-01
 7.00000E-01 1.44346E-01 2.05524E-01 2.74490E-01 2.83706E-01
 7.10000E-01 1.47586E-01 2.10137E-01 2.80302E-01 2.89562E-01
 7.20000E-01 1.50816E-01 2.14736E-01 2.86163E-01 2.95463E-01
 7.30000E-01 1.54035E-01 2.19320E-01 2.92076E-01 3.01410E-01
 7.40000E-01 1.57243E-01 2.23888E-01 2.98038E-01 3.07403E-01
 7.50000E-01 1.60439E-01 2.28438E-01 3.04051E-01 3.13442E-01
 7.60000E-01 1.63621E-01 2.32969E-01 3.10081E-01 3.20120E-01
 7.70000E-01 1.66789E-01 2.37479E-01 3.16085E-01 3.27448E-01
 7.80000E-01 1.69942E-01 2.41968E-01 3.22059E-01 3.34838E-01
 7.90000E-01 1.73079E-01 2.46434E-01 3.28004E-01 3.42290E-01
 8.00000E-01 1.76199E-01 2.50877E-01 3.33917E-01 3.49802E-01
 8.10000E-01 1.79301E-01 2.55294E-01 3.39796E-01 3.57375E-01
 8.20000E-01 1.82386E-01 2.59686E-01 3.45642E-01 3.65009E-01
 8.30000E-01 1.85451E-01 2.64051E-01 3.51452E-01 3.72702E-01
 8.40000E-01 1.88498E-01 2.68389E-01 3.57225E-01 3.80455E-01
 8.50000E-01 1.91524E-01 2.72698E-01 3.62961E-01 3.88266E-01
 8.60000E-01 1.94530E-01 2.76978E-01 3.68658E-01 3.96137E-01
 8.70000E-01 1.97516E-01 2.81228E-01 3.74315E-01 4.04065E-01
 8.80000E-01 2.00480E-01 2.85448E-01 3.79932E-01 4.12052E-01
 8.90000E-01 2.03422E-01 2.89638E-01 3.85508E-01 4.20095E-01
 9.00000E-01 2.06342E-01 2.93795E-01 3.91041E-01 4.28196E-01
 9.10000E-01 2.09239E-01 2.97921E-01 3.96532E-01 4.36354E-01
 9.20000E-01 2.12114E-01 3.02014E-01 4.01980E-01 4.44567E-01
 9.30000E-01 2.14966E-01 3.06074E-01 4.07385E-01 4.52837E-01
 9.40000E-01 2.17794E-01 3.10101E-01 4.12745E-01 4.61163E-01
 9.50000E-01 2.20599E-01 3.14095E-01 4.18060E-01 4.69543E-01
 9.60000E-01 2.23380E-01 3.18054E-01 4.23330E-01 4.77978E-01
 9.70000E-01 2.26136E-01 3.21979E-01 4.28555E-01 4.86468E-01
 9.80000E-01 2.28869E-01 3.25870E-01 4.33733E-01 4.95013E-01
 9.90000E-01 2.31578E-01 3.29727E-01 4.38866E-01 5.03610E-01
 1.00000E+00 2.34262E-01 3.33548E-01 4.43953E-01 5.12262E-01
 1.01158E+00 2.37339E-01 3.37930E-01 4.49785E-01 5.22346E-01
 1.02329E+00 2.40418E-01 3.42314E-01 4.55620E-01 5.32618E-01
 1.03514E+00 2.43499E-01 3.46701E-01 4.61459E-01 5.43083E-01
 1.04713E+00 2.46580E-01 3.51087E-01 4.67297E-01 5.53743E-01
 1.05925E+00 2.49660E-01 3.55473E-01 4.73135E-01 5.64602E-01
 1.07152E+00 2.52739E-01 3.59857E-01 4.78970E-01 5.75662E-01
 1.08393E+00 2.55816E-01 3.64238E-01 4.85268E-01 5.86929E-01
 1.09648E+00 2.58890E-01 3.68615E-01 4.95501E-01 5.98405E-01
 1.10917E+00 2.61960E-01 3.72986E-01 5.05947E-01 6.10093E-01
 1.12202E+00 2.65025E-01 3.77350E-01 5.16609E-01 6.21998E-01
 1.13501E+00 2.68084E-01 3.81706E-01 5.27493E-01 6.34123E-01
 1.14815E+00 2.71138E-01 3.86054E-01 5.38602E-01 6.46472E-01
 1.16145E+00 2.74184E-01 3.90391E-01 5.49941E-01 6.59049E-01
 1.17490E+00 2.77222E-01 3.94716E-01 5.61514E-01 6.71857E-01
 1.18850E+00 2.80251E-01 3.99029E-01 5.73328E-01 6.84901E-01
 1.20226E+00 2.83271E-01 4.03329E-01 5.85385E-01 6.98184E-01
 1.21619E+00 2.86280E-01 4.07614E-01 5.97672E-01 7.11711E-01
 1.23027E+00 2.89279E-01 4.11883E-01 6.10100E-01 7.25485E-01
 1.24451E+00 2.92265E-01 4.16135E-01 6.22660E-01 7.39511E-01
 1.25893E+00 2.95239E-01 4.20370E-01 6.35351E-01 7.53793E-01
 1.27350E+00 2.98200E-01 4.24585E-01 6.48171E-01 7.68335E-01
 1.28825E+00 3.01147E-01 4.28781E-01 6.61120E-01 7.83141E-01
 1.30317E+00 3.04079E-01 4.32956E-01 6.74197E-01 7.98216E-01
 1.31826E+00 3.06996E-01 4.37109E-01 6.87400E-01 8.13563E-01
 1.33352E+00 3.09896E-01 4.41239E-01 7.00730E-01 8.29189E-01
 1.34896E+00 3.12781E-01 4.45346E-01 7.14184E-01 8.45096E-01
 1.36458E+00 3.15647E-01 4.49428E-01 7.27762E-01 8.61290E-01
 1.38038E+00 3.18497E-01 4.53484E-01 7.41464E-01 8.77775E-01
 1.39637E+00 3.21327E-01 4.57515E-01 7.55287E-01 8.94555E-01
 1.41254E+00 3.24139E-01 4.61518E-01 7.69231E-01 9.11636E-01
 1.42889E+00 3.26931E-01 4.65493E-01 7.83295E-01 9.29022E-01
 1.44544E+00 3.29703E-01 4.69440E-01 7.97477E-01 9.46718E-01
 1.46218E+00 3.32454E-01 4.73358E-01 8.11777E-01 9.64728E-01
 1.47911E+00 3.35185E-01 4.77245E-01 8.26194E-01 9.83058E-01
 1.49624E+00 3.37894E-01 4.81102E-01 8.40725E-01 1.00171E+00
 1.51356E+00 3.40580E-01 4.84928E-01 8.55371E-01 1.02070E+00
 1.53109E+00 3.43245E-01 4.88721E-01 8.70129E-01 1.04001E+00
 1.54882E+00 3.45886E-01 4.92482E-01 8.84999E-01 1.05967E+00
 1.56675E+00 3.48504E-01 4.96210E-01 8.99979E-01 1.07967E+00
 1.58489E+00 3.51099E-01 4.99905E-01 9.15068E-01 1.10003E+00
 1.60325E+00 3.53670E-01 5.03565E-01 9.30264E-01 1.12073E+00
 1.62181E+00 3.56216E-01 5.07190E-01 9.45566E-01 1.14180E+00
 1.64059E+00 3.58738E-01 5.10781E-01 9.60972E-01 1.16323E+00
 1.65959E+00 3.61234E-01 5.14336E-01 9.76482E-01 1.18503E+00
 1.67880E+00 3.63706E-01 5.17855E-01 9.92092E-01 1.20721E+00
 1.69824E+00 3.66152E-01 5.21337E-01 1.00780E+00 1.22976E+00
 1.71791E+00 3.68572E-01 5.24783E-01 1.02361E+00 1.25270E+00
 1.73780E+00 3.70967E-01 5.28193E-01 1.03951E+00 1.27603E+00
 1.75792E+00 3.73335E-01 5.31565E-01 1.05551E+00 1.29976E+00
 1.77828E+00 3.75677E-01 5.34899E-01 1.07160E+00 1.32389E+00
 1.79887E+00 3.77992E-01 5.38196E-01 1.08778E+00 1.34842E+00
 1.81970E+00 3.80281E-01 5.41455E-01 1.10405E+00 1.37336E+00
 1.84077E+00 3.82543E-01 5.44675E-01 1.12041E+00 1.39872E+00
 1.86209E+00 3.84778E-01 5.47858E-01 1.13685E+00 1.42450E+00
 1.88365E+00 3.86986E-01 5.51002E-01 1.15337E+00 1.45070E+00
 1.90546E+00 3.89167E-01 5.54107E-01 1.16997E+00 1.47732E+00
 1.92752E+00 3.91321E-01 5.57174E-01 1.18664E+00 1.50438E+00
 1.94984E+00 3.93448E-01 5.60202E-01 1.20339E+00 1.53188E+00
 1.97242E+00 3.95548E-01 5.63192E-01 1.22021E+00 1.55982E+00
 1.99526E+00 3.97620E-01 5.66143E-01 1.23710E+00 1.58820E+00
 2.01837E+00 3.99665E-01 5.69054E-01 1.25406E+00 1.61703E+00
 2.04174E+00 4.01683E-01 5.71928E-01 1.27108E+00 1.64630E+00
 2.06538E+00 4.03674E-01 5.74762E-01 1.28815E+00 1.67602E+00
 2.08930E+00 4.05637E-01 5.77558E-01 1.30529E+00 1.70618E+00
 2.11349E+00 4.07574E-01 5.80315E-01 1.32247E+00 1.73681E+00
 2.13796E+00 4.09483E-01 5.83034E-01 1.33971E+00 1.76791E+00
 2.16272E+00 4.11366E-01 5.85714E-01 1.35699E+00 1.79949E+00
 2.18776E+00 4.13221E-01 5.88356E-01 1.37431E+00 1.83155E+00
 2.21309E+00 4.15050E-01 5.90960E-01 1.39167E+00 1.86411E+00
 2.23872E+00 4.16852E-01 5.93526E-01 1.40906E+00 1.89716E+00
 2.26464E+00 4.18628E-01 5.96054E-01 1.42649E+00 1.93073E+00
 2.29087E+00 4.20377E-01 5.98544E-01 1.44394E+00 1.96482E+00
 2.31739E+00 4.22100E-01 6.00997E-01 1.46141E+00 1.99944E+00
 2.34423E+00 4.23796E-01 6.03413E-01 1.47890E+00 2.03460E+00
 2.37137E+00 4.25467E-01 6.05792E-01 1.49640E+00 2.07031E+00
 2.39883E+00 4.27112E-01 6.08134E-01 1.51391E+00 2.10657E+00
 2.42661E+00 4.28731E-01 6.10440E-01 1.53142E+00 2.14341E+00
 2.45471E+00 4.30325E-01 6.12709E-01 1.54893E+00 2.18081E+00
 2.48313E+00 4.31894E-01 6.14943E-01 1.56643E+00 2.21881E+00
 2.51189E+00 4.33438E-01 6.17141E-01 1.58391E+00 2.25740E+00
 2.54097E+00 4.34956E-01 6.19303E-01 1.60138E+00 2.29659E+00
 2.57040E+00 4.36451E-01 6.21431E-01 1.61883E+00 2.33641E+00
 2.60016E+00 4.37920E-01 6.23523E-01 1.63625E+00 2.37685E+00
 2.63027E+00 4.39366E-01 6.25581E-01 1.65363E+00 2.41793E+00
 2.66073E+00 4.40787E-01 6.27606E-01 1.67097E+00 2.45965E+00
 2.69153E+00 4.42185E-01 6.29596E-01 1.68827E+00 2.50203E+00
 2.72270E+00 4.43560E-01 6.31553E-01 1.70551E+00 2.54509E+00
 2.75423E+00 4.44911E-01 6.33476E-01 1.72269E+00 2.58882E+00
 2.78612E+00 4.46239E-01 6.35367E-01 1.73981E+00 2.63324E+00
 2.81838E+00 4.47544E-01 6.37226E-01 1.75686E+00 2.67837E+00
 2.85102E+00 4.48827E-01 6.39052E-01 1.77383E+00 2.72421E+00
 2.88403E+00 4.50087E-01 6.40847E-01 1.79071E+00 2.77077E+00
 2.91743E+00 4.51326E-01 6.42610E-01 1.80750E+00 2.81807E+00
 2.95121E+00 4.52543E-01 6.44343E-01 1.82420E+00 2.86611E+00
 2.98538E+00 4.53738E-01 6.46045E-01 1.84079E+00 2.91492E+00
 3.01995E+00 4.54912E-01 6.47716E-01 1.85727E+00 2.96449E+00
 3.05492E+00 4.56065E-01 6.49358E-01 1.87363E+00 3.01485E+00
 3.09030E+00 4.57197E-01 6.50970E-01 1.88987E+00 3.06600E+00
 3.12608E+00 4.58309E-01 6.52554E-01 1.90597E+00 3.11795E+00
 3.16228E+00 4.59401E-01 6.54108E-01 1.92194E+00 3.17073E+00
 3.19890E+00 4.60473E-01 6.55634E-01 1.93776E+00 3.22433E+00
 3.23594E+00 4.61525E-01 6.57133E-01 1.95343E+00 3.27878E+00
 3.27341E+00 4.62558E-01 6.58603E-01 1.96894E+00 3.33408E+00
 3.31131E+00 4.63572E-01 6.60047E-01 1.98428E+00 3.39025E+00
 3.34965E+00 4.64567E-01 6.61464E-01 1.99945E+00 3.44730E+00
 3.38844E+00 4.65544E-01 6.62854E-01 2.01444E+00 3.50524E+00
 3.42768E+00 4.66502E-01 6.64219E-01 2.02924E+00 3.56408E+00
 3.46737E+00 4.67442E-01 6.65557E-01 2.04385E+00 3.62384E+00
 3.50752E+00 4.68365E-01 6.66871E-01 2.05825E+00 3.68454E+00
 3.54813E+00 4.69270E-01 6.68159E-01 2.07245E+00 3.74617E+00
 3.58922E+00 4.70157E-01 6.69423E-01 2.08644E+00 3.80876E+00
 3.63078E+00 4.71028E-01 6.70663E-01 2.10020E+00 3.87232E+00
 3.67282E+00 4.71882E-01 6.71880E-01 2.11374E+00 3.93686E+00
 3.71535E+00 4.72720E-01 6.73072E-01 2.12704E+00 4.00239E+00
 3.75837E+00 4.73542E-01 6.74242E-01 2.14011E+00 4.06894E+00
 3.80189E+00 4.74347E-01 6.75389E-01 2.15292E+00 4.13650E+00
 3.84592E+00 4.75137E-01 6.76514E-01 2.16549E+00 4.20510E+00
 3.89045E+00 4.75912E-01 6.77617E-01 2.17779E+00 4.27474E+00
 3.93550E+00 4.76672E-01 6.78698E-01 2.18984E+00 4.34545E+00
 3.98107E+00 4.77416E-01 6.79758E-01 2.20161E+00 4.41723E+00
 4.02717E+00 4.78146E-01 6.80798E-01 2.21311E+00 4.49010E+00
 4.07380E+00 4.78862E-01 6.81816E-01 2.22432E+00 4.56407E+00
 4.12098E+00 4.79563E-01 6.82815E-01 2.23526E+00 4.63915E+00
 4.16869E+00 4.80250E-01 6.83794E-01 2.24590E+00 4.71536E+00
 4.21697E+00 4.80924E-01 6.84753E-01 2.25624E+00 4.79272E+00
 4.26580E+00 4.81584E-01 6.85693E-01 2.26629E+00 4.87123E+00
 4.31519E+00 4.82231E-01 6.86615E-01 2.27603E+00 4.95090E+00
 4.36516E+00 4.82865E-01 6.87517E-01 2.28546E+00 5.03176E+00
 4.41570E+00 4.83487E-01 6.88402E-01 2.29458E+00 5.11382E+00
 4.46684E+00 4.84096E-01 6.89269E-01 2.30338E+00 5.19709E+00
 4.51856E+00 4.84692E-01 6.90118E-01 2.31186E+00 5.28158E+00
 4.57088E+00 4.85276E-01 6.90950E-01 2.32002E+00 5.36731E+00
 4.62381E+00 4.85849E-01 6.91765E-01 2.32785E+00 5.45429E+00
 4.67735E+00 4.86410E-01 6.92564E-01 2.33536E+00 5.54253E+00
 4.73151E+00 4.86959E-01 6.93346E-01 2.34253E+00 5.63205E+00
 4.78630E+00 4.87497E-01 6.94113E-01 2.34936E+00 5.72287E+00
 4.84172E+00 4.88025E-01 6.94863E-01 2.35586E+00 5.81499E+00
 4.89779E+00 4.88541E-01 6.95598E-01 2.36202E+00 5.90843E+00
 4.95450E+00 4.89047E-01 6.96318E-01 2.36783E+00 6.00321E+00
 5.01187E+00 4.89542E-01 6.97023E-01 2.37331E+00 6.09933E+00
 5.06991E+00 4.90027E-01 6.97714E-01 2.37844E+00 6.19681E+00
 5.12861E+00 4.90502E-01 6.98390E-01 2.38323E+00 6.29567E+00
 5.18800E+00 4.90967E-01 6.99053E-01 2.38767E+00 6.39592E+00
 5.24807E+00 4.91423E-01 6.99701E-01 2.39176E+00 6.49757E+00
 5.30884E+00 4.91869E-01 7.00336E-01 2.39551E+00 6.60063E+00
 5.37032E+00 4.92305E-01 7.00958E-01 2.39891E+00 6.70512E+00
 5.43250E+00 4.92733E-01 7.01567E-01 2.40196E+00 6.81105E+00
 5.49541E+00 4.93152E-01 7.02163E-01 2.40467E+00 6.91844E+00
 5.55904E+00 4.93561E-01 7.02747E-01 2.40703E+00 7.02730E+00
 5.62341E+00 4.93963E-01 7.03318E-01 2.40904E+00 7.13764E+00
 5.68853E+00 4.94356E-01 7.03877E-01 2.41071E+00 7.24948E+00
 5.75440E+00 4.94740E-01 7.04425E-01 2.41204E+00 7.36282E+00
 5.82103E+00 4.95117E-01 7.04961E-01 2.41303E+00 7.47769E+00
 5.88844E+00 4.95485E-01 7.05486E-01 2.41368E+00 7.59409E+00
 5.95662E+00 4.95846E-01 7.05999E-01 2.41398E+00 7.71204E+00
 6.02560E+00 4.96199E-01 7.06502E-01 2.41396E+00 7.83154E+00
 6.09537E+00 4.96545E-01 7.06994E-01 2.41360E+00 7.95262E+00
 6.16595E+00 4.96883E-01 7.07476E-01 2.41290E+00 8.07529E+00
 6.23735E+00 4.97214E-01 7.07947E-01 2.41188E+00 8.19955E+00
 6.30957E+00 4.97538E-01 7.08408E-01 2.41053E+00 8.32542E+00
 6.38263E+00 4.97855E-01 7.08860E-01 2.40886E+00 8.45291E+00
 6.45654E+00 4.98165E-01 7.09302E-01 2.40687E+00 8.58203E+00
 6.53131E+00 4.98469E-01 7.09734E-01 2.40456E+00 8.71280E+00
 6.60693E+00 4.98766E-01 7.10158E-01 2.40194E+00 8.84523E+00
 6.68344E+00 4.99057E-01 7.10572E-01 2.39901E+00 8.97932E+00
 6.76083E+00 4.99342E-01 7.10977E-01 2.39577E+00 9.11510E+00
 6.83912E+00 4.99620E-01 7.11374E-01 2.39223E+00 9.25256E+00
 6.91831E+00 4.99893E-01 7.11762E-01 2.38840E+00 9.39172E+00
 6.99842E+00 5.00160E-01 7.12141E-01 2.38426E+00 9.53259E+00
 7.07946E+00 5.00421E-01 7.12513E-01 2.37984E+00 9.67519E+00
 7.16143E+00 5.00676E-01 7.12877E-01 2.37513E+00 9.81951E+00
 7.24436E+00 5.00926E-01 7.13232E-01 2.37014E+00 9.96558E+00
 7.32825E+00 5.01170E-01 7.13580E-01 2.36488E+00 1.01134E+01
 7.41310E+00 5.01409E-01 7.13921E-01 2.35934E+00 1.02630E+01
 7.49894E+00 5.01643E-01 7.14254E-01 2.35353E+00 1.04143E+01
 7.58578E+00 5.01872E-01 7.14580E-01 2.34746E+00 1.05674E+01
 7.67361E+00 5.02096E-01 7.14899E-01 2.34114E+00 1.07223E+01
 7.76247E+00 5.02315E-01 7.15211E-01 2.33456E+00 1.08790E+01
 7.85236E+00 5.02530E-01 7.15516E-01 2.32773E+00 1.10375E+01
 7.94328E+00 5.02739E-01 7.15815E-01 2.32066E+00 1.11978E+01
 8.03526E+00 5.02945E-01 7.16107E-01 2.31335E+00 1.13599E+01
 8.12831E+00 5.03145E-01 7.16392E-01 2.30581E+00 1.15239E+01
 8.22243E+00 5.03342E-01 7.16672E-01 2.29804E+00 1.16896E+01
 8.31764E+00 5.03534E-01 7.16945E-01 2.29005E+00 1.18572E+01
 8.41395E+00 5.03721E-01 7.17213E-01 2.28184E+00 1.20266E+01
 8.51138E+00 5.03905E-01 7.17474E-01 2.27342E+00 1.21979E+01
 8.60994E+00 5.04085E-01 7.17730E-01 2.26479E+00 1.23710E+01
 8.70964E+00 5.04261E-01 7.17981E-01 2.25596E+00 1.25460E+01
 8.81049E+00 5.04433E-01 7.18225E-01 2.24693E+00 1.27228E+01
 8.91251E+00 5.04601E-01 7.18465E-01 2.23771E+00 1.29014E+01
 9.01571E+00 5.04765E-01 7.18699E-01 2.22831E+00 1.30819E+01
 9.12011E+00 5.04926E-01 7.18928E-01 2.21873E+00 1.32643E+01
 9.22571E+00 5.05084E-01 7.19152E-01 2.20897E+00 1.34485E+01
 9.33254E+00 5.05238E-01 7.19372E-01 2.19904E+00 1.36346E+01
 9.44061E+00 5.05388E-01 7.19586E-01 2.18894E+00 1.38225E+01
 9.54993E+00 5.05535E-01 7.19796E-01 2.17869E+00 1.40122E+01
 9.66051E+00 5.05679E-01 7.20001E-01 2.16828E+00 1.42039E+01
 9.77237E+00 5.05820E-01 7.20201E-01 2.15772E+00 1.43973E+01
 9.88553E+00 5.05958E-01 7.20397E-01 2.14701E+00 1.45926E+01
 1.00000E+01 5.06093E-01 7.20589E-01 2.13617E+00 1.47898E+01
 1.01158E+01 5.06225E-01 7.20777E-01 2.12519E+00 1.49887E+01
 1.02329E+01 5.06353E-01 7.20960E-01 2.11408E+00 1.51895E+01
 1.03514E+01 5.06479E-01 7.21140E-01 2.10285E+00 1.53921E+01
 1.04713E+01 5.06603E-01 7.21315E-01 2.09150E+00 1.55965E+01
 1.05925E+01 5.06723E-01 7.21487E-01 2.08003E+00 1.58027E+01
 1.07152E+01 5.06841E-01 7.21655E-01 2.06846E+00 1.60107E+01
 1.08393E+01 5.06956E-01 7.21819E-01 2.05677E+00 1.62205E+01
 1.09648E+01 5.07069E-01 7.21979E-01 2.04499E+00 1.64321E+01
 1.10917E+01 5.07179E-01 7.22136E-01 2.03311E+00 1.66454E+01
 1.12202E+01 5.07287E-01 7.22290E-01 2.02114E+00 1.68604E+01
 1.13501E+01 5.07392E-01 7.22440E-01 2.00908E+00 1.70772E+01
 1.14815E+01 5.07495E-01 7.22586E-01 1.99694E+00 1.72956E+01
 1.16145E+01 5.07596E-01 7.22730E-01 1.98472E+00 1.75158E+01
 1.17490E+01 5.07695E-01 7.22870E-01 1.97243E+00 1.77376E+01
 1.18850E+01 5.07791E-01 7.23007E-01 1.96006E+00 1.79611E+01
 1.20226E+01 5.07885E-01 7.23142E-01 1.94763E+00 1.81862E+01
 1.21619E+01 5.07978E-01 7.23273E-01 1.93514E+00 1.84129E+01
 1.23027E+01 5.08068E-01 7.23401E-01 1.92260E+00 1.86412E+01
 1.24451E+01 5.08156E-01 7.23526E-01 1.90999E+00 1.88710E+01
 1.25893E+01 5.08242E-01 7.23649E-01 1.89734E+00 1.91024E+01
 1.27350E+01 5.08326E-01 7.23769E-01 1.88464E+00 1.93353E+01
 1.28825E+01 5.08408E-01 7.23886E-01 1.87190E+00 1.95696E+01
 1.30317E+01 5.08489E-01 7.24001E-01 1.85913E+00 1.98054E+01
 1.31826E+01 5.08568E-01 7.24113E-01 1.84631E+00 2.00426E+01
 1.33352E+01 5.08645E-01 7.24223E-01 1.83347E+00 2.02812E+01
 1.34896E+01 5.08720E-01 7.24330E-01 1.82059E+00 2.05212E+01
 1.36458E+01 5.08794E-01 7.24435E-01 1.80770E+00 2.07624E+01
 1.38038E+01 5.08866E-01 7.24537E-01 1.79478E+00 2.10049E+01
 1.39637E+01 5.08936E-01 7.24637E-01 1.78184E+00 2.12486E+01
 1.41254E+01 5.09005E-01 7.24735E-01 1.76889E+00 2.14935E+01
 1.42889E+01 5.09072E-01 7.24831E-01 1.75593E+00 2.17396E+01
 1.44544E+01 5.09138E-01 7.24925E-01 1.74296E+00 2.19868E+01
 1.46218E+01 5.09202E-01 7.25016E-01 1.72998E+00 2.22350E+01
 1.47911E+01 5.09265E-01 7.25106E-01 1.71700E+00 2.24842E+01
 1.49624E+01 5.09326E-01 7.25193E-01 1.70402E+00 2.27344E+01
 1.51356E+01 5.09386E-01 7.25279E-01 1.69104E+00 2.29855E+01
 1.53109E+01 5.09445E-01 7.25362E-01 1.67807E+00 2.32374E+01
 1.54882E+01 5.09503E-01 7.25444E-01 1.66511E+00 2.34902E+01
 1.56675E+01 5.09559E-01 7.25524E-01 1.65215E+00 2.37437E+01
 1.58489E+01 5.09614E-01 7.25602E-01 1.63921E+00 2.39978E+01
 1.60325E+01 5.09667E-01 7.25679E-01 1.62629E+00 2.42526E+01
 1.62181E+01 5.09720E-01 7.25753E-01 1.61339E+00 2.45080E+01
 1.64059E+01 5.09771E-01 7.25826E-01 1.60050E+00 2.47639E+01
 1.65959E+01 5.09821E-01 7.25898E-01 1.58764E+00 2.50202E+01
 1.67880E+01 5.09870E-01 7.25968E-01 1.57480E+00 2.52768E+01
 1.69824E+01 5.09918E-01 7.26036E-01 1.56199E+00 2.55338E+01
 1.71791E+01 5.09965E-01 7.26103E-01 1.54921E+00 2.57910E+01
 1.73780E+01 5.10011E-01 7.26168E-01 1.53645E+00 2.60484E+01
 1.75792E+01 5.10056E-01 7.26232E-01 1.52374E+00 2.63058E+01
 1.77828E+01 5.10099E-01 7.26294E-01 1.51105E+00 2.65633E+01
 1.79887E+01 5.10142E-01 7.26355E-01 1.49841E+00 2.68207E+01
 1.81970E+01 5.10184E-01 7.26414E-01 1.48580E+00 2.70779E+01
 1.84077E+01 5.10225E-01 7.26473E-01 1.47323E+00 2.73350E+01
 1.86209E+01 5.10265E-01 7.26530E-01 1.46070E+00 2.75917E+01
 1.88365E+01 5.10304E-01 7.26585E-01 1.44822E+00 2.78480E+01
 1.90546E+01 5.10342E-01 7.26640E-01 1.43578E+00 2.81039E+01
 1.92752E+01 5.10380E-01 7.26693E-01 1.42339E+00 2.83592E+01
 1.94984E+01 5.10416E-01 7.26745E-01 1.41105E+00 2.86138E+01
 1.97242E+01 5.10452E-01 7.26796E-01 1.39875E+00 2.88677E+01
 1.99526E+01 5.10487E-01 7.26845E-01 1.38651E+00 2.91208E+01
 2.01837E+01 5.10521E-01 7.26894E-01 1.37431E+00 2.93729E+01
 2.04174E+01 5.10554E-01 7.26941E-01 1.36217E+00 2.96241E+01
 2.06538E+01 5.10587E-01 7.26988E-01 1.35009E+00 2.98741E+01
 2.08930E+01 5.10619E-01 7.27033E-01 1.33806E+00 3.01229E+01
 2.11349E+01 5.10650E-01 7.27078E-01 1.32609E+00 3.03705E+01
 2.13796E+01 5.10680E-01 7.27121E-01 1.31417E+00 3.06166E+01
 2.16272E+01 5.10710E-01 7.27163E-01 1.30232E+00 3.08612E+01
 2.18776E+01 5.10739E-01 7.27205E-01 1.29052E+00 3.11042E+01
 2.21309E+01 5.10768E-01 7.27245E-01 1.27879E+00 3.13456E+01
 2.23872E+01 5.10795E-01 7.27285E-01 1.26711E+00 3.15851E+01
 2.26464E+01 5.10823E-01 7.27324E-01 1.25550E+00 3.18227E+01
 2.29087E+01 5.10849E-01 7.27362E-01 1.24395E+00 3.20583E+01
 2.31739E+01 5.10875E-01 7.27398E-01 1.23247E+00 3.22918E+01
 2.34423E+01 5.10901E-01 7.27435E-01 1.22105E+00 3.25231E+01
 2.37137E+01 5.10925E-01 7.27470E-01 1.20969E+00 3.27521E+01
 2.39883E+01 5.10950E-01 7.27505E-01 1.19841E+00 3.29786E+01
 2.42661E+01 5.10973E-01 7.27538E-01 1.18718E+00 3.32026E+01
 2.45471E+01 5.10997E-01 7.27571E-01 1.17603E+00 3.34240E+01
 2.48313E+01 5.11019E-01 7.27604E-01 1.16495E+00 3.36427E+01
 2.51189E+01 5.11041E-01 7.27635E-01 1.15393E+00 3.38585E+01
 2.54097E+01 5.11063E-01 7.27666E-01 1.14298E+00 3.40713E+01
 2.57040E+01 5.11084E-01 7.27696E-01 1.13210E+00 3.42811E+01
 2.60016E+01 5.11105E-01 7.27726E-01 1.12130E+00 3.44878E+01
 2.63027E+01 5.11125E-01 7.27754E-01 1.11056E+00 3.46912E+01
 2.66073E+01 5.11145E-01 7.27783E-01 1.09989E+00 3.48912E+01
 2.69153E+01 5.11164E-01 7.27810E-01 1.08929E+00 3.50878E+01
 2.72270E+01 5.11183E-01 7.27837E-01 1.07877E+00 3.52808E+01
 2.75423E+01 5.11202E-01 7.27863E-01 1.06832E+00 3.54702E+01
 2.78612E+01 5.11220E-01 7.27889E-01 1.05794E+00 3.56558E+01
 2.81838E+01 5.11237E-01 7.27914E-01 1.04763E+00 3.58376E+01
 2.85102E+01 5.11255E-01 7.27939E-01 1.03739E+00 3.60154E+01
 2.88403E+01 5.11271E-01 7.27963E-01 1.02723E+00 3.61891E+01
 2.91743E+01 5.11288E-01 7.27986E-01 1.01714E+00 3.63588E+01
 2.95121E+01 5.11304E-01 7.28009E-01 1.00713E+00 3.65242E+01
 2.98538E+01 5.11320E-01 7.28031E-01 9.97184E-01 3.66853E+01
 3.01995E+01 5.11335E-01 7.28053E-01 9.87314E-01 3.68420E+01
 3.05492E+01 5.11350E-01 7.28075E-01 9.77519E-01 3.69942E+01
 3.09030E+01 5.11365E-01 7.28096E-01 9.69095E-01 3.71418E+01
 3.12608E+01 5.11379E-01 7.28116E-01 9.69123E-01 3.72848E+01
 3.16228E+01 5.11393E-01 7.28136E-01 9.69149E-01 3.74231E+01
 3.19890E+01 5.11407E-01 7.28156E-01 9.69175E-01 3.75566E+01
 3.23594E+01 5.11420E-01 7.28175E-01 9.69201E-01 3.76853E+01
 3.27341E+01 5.11434E-01 7.28193E-01 9.69225E-01 3.78089E+01
 3.31131E+01 5.11446E-01 7.28212E-01 9.69250E-01 3.79276E+01
 3.34965E+01 5.11459E-01 7.28230E-01 9.69274E-01 3.80413E+01
 3.38844E+01 5.11471E-01 7.28247E-01 9.69297E-01 3.81498E+01
 3.42768E+01 5.11483E-01 7.28264E-01 9.69319E-01 3.82531E+01
 3.46737E+01 5.11495E-01 7.28281E-01 9.69342E-01 3.83512E+01
 3.50752E+01 5.11506E-01 7.28297E-01 9.69363E-01 3.84440E+01
 3.54813E+01 5.11517E-01 7.28313E-01 9.69384E-01 3.85315E+01
 3.58922E+01 5.11528E-01 7.28328E-01 9.69405E-01 3.86136E+01
 3.63078E+01 5.11539E-01 7.28344E-01 9.69425E-01 3.86902E+01
 3.67282E+01 5.11549E-01 7.28359E-01 9.69445E-01 3.87615E+01
 3.71535E+01 5.11560E-01 7.28373E-01 9.69465E-01 3.88272E+01
 3.75837E+01 5.11570E-01 7.28387E-01 9.69483E-01 3.88875E+01
 3.80189E+01 5.11579E-01 7.28401E-01 9.69502E-01 3.89422E+01
 3.84592E+01 5.11589E-01 7.28415E-01 9.69520E-01 3.89913E+01
 3.89045E+01 5.11598E-01 7.28428E-01 9.69538E-01 3.90349E+01
 3.93550E+01 5.11607E-01 7.28441E-01 9.69555E-01 3.90728E+01
 3.98107E+01 5.11616E-01 7.28454E-01 9.69572E-01 3.91052E+01
 4.02717E+01 5.11625E-01 7.28466E-01 9.69588E-01 3.91319E+01
 4.07380E+01 5.11633E-01 7.28478E-01 9.69604E-01 3.91531E+01
 4.12098E+01 5.11642E-01 7.28490E-01 9.69620E-01 3.91686E+01
 4.16869E+01 5.11650E-01 7.28501E-01 9.69635E-01 3.91785E+01
 4.21697E+01 5.11658E-01 7.28513E-01 9.69650E-01 3.91829E+01
 4.26580E+01 5.11666E-01 7.28524E-01 9.69665E-01 3.91816E+01
 4.31519E+01 5.11673E-01 7.28535E-01 9.69679E-01 3.91748E+01
 4.36516E+01 5.11681E-01 7.28545E-01 9.69694E-01 3.91624E+01
 4.41570E+01 5.11688E-01 7.28555E-01 9.69707E-01 3.91445E+01
 4.46684E+01 5.11695E-01 7.28565E-01 9.69721E-01 3.91211E+01
 4.51856E+01 5.11702E-01 7.28575E-01 9.69734E-01 3.90922E+01
 4.57088E+01 5.11708E-01 7.28585E-01 9.69747E-01 3.90579E+01
 4.62381E+01 5.11715E-01 7.28594E-01 9.69759E-01 3.90182E+01
 4.67735E+01 5.11722E-01 7.28604E-01 9.69771E-01 3.89731E+01
 4.73151E+01 5.11728E-01 7.28613E-01 9.69783E-01 3.89227E+01
 4.78630E+01 5.11734E-01 7.28621E-01 9.69795E-01 3.88670E+01
 4.84172E+01 5.11740E-01 7.28630E-01 9.69806E-01 3.88061E+01
 4.89779E+01 5.11746E-01 7.28638E-01 9.69818E-01 3.87401E+01
 4.95450E+01 5.11752E-01 7.28647E-01 9.69828E-01 3.86689E+01
 5.01187E+01 5.11757E-01 7.28655E-01 9.69839E-01 3.85927E+01
 5.06991E+01 5.11763E-01 7.28662E-01 9.69850E-01 3.85115E+01
 5.12861E+01 5.11768E-01 7.28670E-01 9.69860E-01 3.84254E+01
 5.18800E+01 5.11773E-01 7.28677E-01 9.69870E-01 3.83344E+01
 5.24807E+01 5.11779E-01 7.28685E-01 9.69879E-01 3.82387E+01
 5.30884E+01 5.11784E-01 7.28692E-01 9.69889E-01 3.81382E+01
 5.37032E+01 5.11789E-01 7.28699E-01 9.69898E-01 3.80331E+01
 5.43250E+01 5.11793E-01 7.28706E-01 9.69907E-01 3.79234E+01
 5.49541E+01 5.11798E-01 7.28712E-01 9.69916E-01 3.78092E+01
 5.55904E+01 5.11803E-01 7.28719E-01 9.69925E-01 3.76906E+01
 5.62341E+01 5.11807E-01 7.28725E-01 9.69933E-01 3.75677E+01
 5.68853E+01 5.11811E-01 7.28732E-01 9.69942E-01 3.74405E+01
 5.75440E+01 5.11816E-01 7.28738E-01 9.69950E-01 3.73092E+01
 5.82103E+01 5.11820E-01 7.28744E-01 9.69958E-01 3.71738E+01
 5.88844E+01 5.11824E-01 7.28749E-01 9.69965E-01 3.70345E+01
 5.95662E+01 5.11828E-01 7.28755E-01 9.69973E-01 3.68912E+01
 6.02560E+01 5.11832E-01 7.28761E-01 9.69980E-01 3.67441E+01
 6.09537E+01 5.11836E-01 7.28766E-01 9.69988E-01 3.65933E+01
 6.16595E+01 5.11839E-01 7.28771E-01 9.69995E-01 3.64389E+01
 6.23735E+01 5.11843E-01 7.28777E-01 9.70002E-01 3.62810E+01
 6.30957E+01 5.11847E-01 7.28782E-01 9.70008E-01 3.61197E+01
 6.38263E+01 5.11850E-01 7.28787E-01 9.70015E-01 3.59550E+01
 6.45654E+01 5.11854E-01 7.28791E-01 9.70021E-01 3.57870E+01
 6.53131E+01 5.11857E-01 7.28796E-01 9.70028E-01 3.56159E+01
 6.60693E+01 5.11860E-01 7.28801E-01 9.70034E-01 3.54418E+01
 6.68344E+01 5.11863E-01 7.28805E-01 9.70040E-01 3.52647E+01
 6.76083E+01 5.11866E-01 7.28810E-01 9.70046E-01 3.50847E+01
 6.83912E+01 5.11869E-01 7.28814E-01 9.70052E-01 3.49020E+01
 6.91831E+01 5.11872E-01 7.28818E-01 9.70057E-01 3.47165E+01
 6.99842E+01 5.11875E-01 7.28822E-01 9.70063E-01 3.45286E+01
 7.07946E+01 5.11878E-01 7.28826E-01 9.70068E-01 3.43381E+01
 7.16143E+01 5.11881E-01 7.28830E-01 9.70073E-01 3.41452E+01
 7.24436E+01 5.11884E-01 7.28834E-01 9.70078E-01 3.39501E+01
 7.32825E+01 5.11886E-01 7.28838E-01 9.70083E-01 3.37528E+01
 7.41310E+01 5.11889E-01 7.28842E-01 9.70088E-01 3.35533E+01
 7.49894E+01 5.11891E-01 7.28845E-01 9.70093E-01 3.33519E+01
 7.58578E+01 5.11894E-01 7.28849E-01 9.70098E-01 3.31485E+01
 7.67361E+01 5.11896E-01 7.28852E-01 9.70102E-01 3.29433E+01
 7.76247E+01 5.11899E-01 7.28856E-01 9.70107E-01 3.27363E+01
 7.85236E+01 5.11901E-01 7.28859E-01 9.70111E-01 3.25277E+01
 7.94328E+01 5.11903E-01 7.28862E-01 9.70115E-01 3.23176E+01
 8.03526E+01 5.11905E-01 7.28865E-01 9.70120E-01 3.21059E+01
 8.12831E+01 5.11907E-01 7.28868E-01 9.70124E-01 3.18929E+01
 8.22243E+01 5.11910E-01 7.28871E-01 9.70128E-01 3.16786E+01
 8.31764E+01 5.11912E-01 7.28874E-01 9.70132E-01 3.14630E+01
 8.41395E+01 5.11914E-01 7.28877E-01 9.70135E-01 3.12463E+01
 8.51138E+01 5.11916E-01 7.28880E-01 9.70139E-01 3.10286E+01
 8.60994E+01 5.11918E-01 7.28883E-01 9.70143E-01 3.08099E+01
 8.70964E+01 5.11919E-01 7.28885E-01 9.70146E-01 3.05902E+01
 8.81049E+01 5.11921E-01 7.28888E-01 9.70150E-01 3.03698E+01
 8.91251E+01 5.11923E-01 7.28890E-01 9.70153E-01 3.01486E+01
 9.01571E+01 5.11925E-01 7.28893E-01 9.70156E-01 2.99268E+01
 9.12011E+01 5.11926E-01 7.28895E-01 9.70160E-01 2.97043E+01
 9.22571E+01 5.11928E-01 7.28898E-01 9.70163E-01 2.94813E+01
 9.33254E+01 5.11930E-01 7.28900E-01 9.70166E-01 2.92579E+01
 9.44061E+01 5.11931E-01 7.28902E-01 9.70169E-01 2.90341E+01
 9.54993E+01 5.11933E-01 7.28904E-01 9.70172E-01 2.88100E+01
 9.66051E+01 5.11934E-01 7.28907E-01 9.70175E-01 2.85856E+01
 9.77237E+01 5.11936E-01 7.28909E-01 9.70178E-01 2.83610E+01
 9.88553E+01 5.11937E-01 7.28911E-01 9.70180E-01 2.81363E+01
 1.00000E+02 5.11939E-01 7.28913E-01 9.70183E-01 2.79116E+01
