 1.00000E-02 1.88870E-02 3.55612E-02 6.39763E-02 6.85684E-02
 2.00000E-02 1.89324E-02 3.55974E-02 6.39843E-02 6.85961E-02
 3.00000E-02 1.89908E-02 3.56633E-02 6.39977E-02 6.85998E-02
 4.00000E-02 1.90762E-02 3.57514E-02 6.40176E-02 6.85981E-02
 5.00000E-02 1.91863E-02 3.58650E-02 6.40467E-02 6.86071E-02
 6.00000E-02 1.93250E-02 3.60126E-02 6.40921E-02 6.86240E-02
 7.00000E-02 1.94969E-02 3.61988E-02 6.41658E-02 6.86657E-02
 8.00000E-02 1.97097E-02 3.64358E-02 6.42858E-02 6.87513E-02
 9.00000E-02 1.99713E-02 3.67382E-02 6.44755E-02 6.89055E-02
 1.00000E-01 2.02931E-02 3.71241E-02 6.47634E-02 6.91593E-02
 1.10000E-01 2.06871E-02 3.76146E-02 6.51854E-02 6.95496E-02
 1.20000E-01 2.11672E-02 3.82327E-02 6.57788E-02 7.01172E-02
 1.30000E-01 2.17478E-02 3.90046E-02 6.65872E-02 7.09078E-02
 1.40000E-01 2.24438E-02 3.99562E-02 6.76554E-02 7.19702E-02
 1.50000E-01 2.32695E-02 4.11142E-02 6.90296E-02 7.33533E-02
 1.60000E-01 2.42381E-02 4.25030E-02 7.07543E-02 7.51053E-02
 1.70000E-01 2.53608E-02 4.41446E-02 7.28696E-02 7.72692E-02
 1.80000E-01 2.66468E-02 4.60563E-02 7.54083E-02 7.98813E-02
 1.90000E-01 2.81029E-02 4.82512E-02 7.83950E-02 8.29677E-02
 2.00000E-01 2.97337E-02 5.07375E-02 8.18440E-02 8.65445E-02
 2.10000E-01 3.15421E-02 5.35193E-02 8.57606E-02 9.06174E-02
 2.20000E-01 3.35298E-02 5.65973E-02 9.01424E-02 9.51834E-02
 2.30000E-01 3.56975E-02 5.99702E-02 9.49804E-02 1.00232E-01
 2.40000E-01 3.80455E-02 6.36351E-02 1.00261E-01 1.05748E-01
 2.50000E-01 4.05740E-02 6.75881E-02 1.05969E-01 1.11713E-01
 2.60000E-01 4.32832E-02 7.18256E-02 1.12087E-01 1.18105E-01
 2.70000E-01 4.61734E-02 7.63438E-02 1.18598E-01 1.24904E-01
 2.80000E-01 4.92453E-02 8.11393E-02 1.25484E-01 1.32089E-01
 2.90000E-01 5.24996E-02 8.62092E-02 1.32729E-01 1.39639E-01
 3.00000E-01 5.59373E-02 9.15509E-02 1.40319E-01 1.47536E-01
 3.10000E-01 5.95599E-02 9.71625E-02 1.48241E-01 1.55764E-01
 3.20000E-01 6.33686E-02 1.03042E-01 1.56482E-01 1.64306E-01
 3.30000E-01 6.73651E-02 1.09189E-01 1.65032E-01 1.73150E-01
 3.40000E-01 7.15511E-02 1.15601E-01 1.73882E-01 1.82285E-01
 3.50000E-01 7.59282E-02 1.22279E-01 1.83026E-01 1.91701E-01
 3.60000E-01 8.04944E-02 1.29220E-01 1.92456E-01 2.01392E-01
 3.70000E-01 8.51440E-02 1.36426E-01 2.02167E-01 2.11352E-01
 3.80000E-01 8.98217E-02 1.43877E-01 2.12157E-01 2.21579E-01
 3.90000E-01 9.45188E-02 1.51401E-01 2.22422E-01 2.32071E-01
 4.00000E-01 9.92268E-02 1.58942E-01 2.32960E-01 2.42828E-01
 4.10000E-01 1.03938E-01 1.66489E-01 2.43773E-01 2.53851E-01
 4.20000E-01 1.08645E-01 1.74029E-01 2.54795E-01 2.65145E-01
 4.30000E-01 1.13342E-01 1.81551E-01 2.65809E-01 2.76602E-01
 4.40000E-01 1.18021E-01 1.89047E-01 2.76783E-01 2.88022E-01
 4.50000E-01 1.22677E-01 1.96505E-01 2.87703E-01 2.99385E-01
 4.60000E-01 1.27305E-01 2.03918E-01 2.98557E-01 3.10680E-01
 4.70000E-01 1.31900E-01 2.11279E-01 3.09333E-01 3.21894E-01
 4.80000E-01 1.36458E-01 2.18579E-01 3.20022E-01 3.33016E-01
 4.90000E-01 1.40974E-01 2.25813E-01 3.30612E-01 3.44037E-01
 5.00000E-01 1.45445E-01 2.32974E-01 3.41097E-01 3.54947E-01
 5.10000E-01 1.49867E-01 2.40058E-01 3.51469E-01 3.65740E-01
 5.20000E-01 1.54238E-01 2.47060E-01 3.61720E-01 3.76408E-01
 5.30000E-01 1.58556E-01 2.53975E-01 3.71845E-01 3.86944E-01
 5.40000E-01 1.62817E-01 2.60801E-01 3.81839E-01 3.97343E-01
 5.50000E-01 1.67020E-01 2.67534E-01 3.91697E-01 4.07601E-01
 5.60000E-01 1.71164E-01 2.74172E-01 4.01415E-01 4.17714E-01
 5.70000E-01 1.75247E-01 2.80712E-01 4.10990E-01 4.27678E-01
 5.80000E-01 1.79268E-01 2.87152E-01 4.20420E-01 4.37490E-01
 5.90000E-01 1.83225E-01 2.93492E-01 4.29701E-01 4.49231E-01
 6.00000E-01 1.87119E-01 2.99729E-01 4.38833E-01 4.62589E-01
 6.10000E-01 1.90949E-01 3.05863E-01 4.47814E-01 4.76048E-01
 6.20000E-01 1.94714E-01 3.11893E-01 4.56643E-01 4.89605E-01
 6.30000E-01 1.98413E-01 3.17820E-01 4.65320E-01 5.03257E-01
 6.40000E-01 2.02048E-01 3.23642E-01 4.73845E-01 5.17002E-01
 6.50000E-01 2.05618E-01 3.29361E-01 4.82217E-01 5.30835E-01
 6.60000E-01 2.09124E-01 3.34976E-01 4.90438E-01 5.44753E-01
 6.70000E-01 2.12565E-01 3.40487E-01 4.98508E-01 5.58755E-01
 6.80000E-01 2.15941E-01 3.45896E-01 5.06427E-01 5.72838E-01
 6.90000E-01 2.19255E-01 3.51204E-01 5.14197E-01 5.86997E-01
 7.00000E-01 2.22505E-01 3.56410E-01 5.21820E-01 6.01232E-01
 7.10000E-01 2.25693E-01 3.61516E-01 5.29296E-01 6.15540E-01
 7.20000E-01 2.28819E-01 3.66524E-01 5.36627E-01 6.29917E-01
 7.30000E-01 2.31884E-01 3.71433E-01 5.43816E-01 6.44363E-01
 7.40000E-01 2.34889E-01 3.76247E-01 5.50863E-01 6.58873E-01
 7.50000E-01 2.37834E-01 3.80965E-01 5.57770E-01 6.73447E-01
 7.60000E-01 2.40721E-01 3.85589E-01 5.64541E-01 6.88081E-01
 7.70000E-01 2.43551E-01 3.90121E-01 5.71176E-01 7.02775E-01
 7.80000E-01 2.46323E-01 3.94562E-01 5.78120E-01 7.17525E-01
 7.90000E-01 2.49040E-01 3.98914E-01 5.89161E-01 7.32330E-01
 8.00000E-01 2.51702E-01 4.03178E-01 6.00114E-01 7.47188E-01
 8.10000E-01 2.54310E-01 4.07355E-01 6.10978E-01 7.62097E-01
 8.20000E-01 2.56865E-01 4.11448E-01 6.21751E-01 7.77056E-01
 8.30000E-01 2.59368E-01 4.15457E-01 6.32434E-01 7.92062E-01
 8.40000E-01 2.61820E-01 4.19384E-01 6.43024E-01 8.07114E-01
 8.50000E-01 2.64222E-01 4.23232E-01 6.53522E-01 8.22211E-01
 8.60000E-01 2.66575E-01 4.27001E-01 6.63926E-01 8.37351E-01
 8.70000E-01 2.68879E-01 4.30693E-01 6.74237E-01 8.52532E-01
 8.80000E-01 2.71137E-01 4.34309E-01 6.84453E-01 8.67753E-01
 8.90000E-01 2.73349E-01 4.37852E-01 6.94574E-01 8.83013E-01
 9.00000E-01 2.75515E-01 4.41322E-01 7.04601E-01 8.98310E-01
 9.10000E-01 2.77637E-01 4.44721E-01 7.14532E-01 9.13644E-01
 9.20000E-01 2.79716E-01 4.48051E-01 7.24367E-01 9.29012E-01
 9.30000E-01 2.81752E-01 4.51313E-01 7.34107E-01 9.44414E-01
 9.40000E-01 2.83747E-01 4.54508E-01 7.43751E-01 9.59849E-01
 9.50000E-01 2.85702E-01 4.57639E-01 7.53299E-01 9.75316E-01
 9.60000E-01 2.87616E-01 4.60706E-01 7.62751E-01 9.90813E-01
 9.70000E-01 2.89492E-01 4.63711E-01 7.72107E-01 1.00634E+00
 9.80000E-01 2.91330E-01 4.66655E-01 7.81368E-01 1.02190E+00
 9.90000E-01 2.93131E-01 4.69539E-01 7.90533E-01 1.03748E+00
 1.00000E+00 2.94895E-01 4.72365E-01 7.99603E-01 1.05309E+00
 1.01158E+00 2.96894E-01 4.75567E-01 8.09986E-01 1.07120E+00
 1.02329E+00 2.98869E-01 4.78730E-01 8.20360E-01 1.08955E+00
 1.03514E+00 3.00820E-01 4.81855E-01 8.30722E-01 1.10815E+00
 1.04713E+00 3.02746E-01 4.84941E-01 8.41068E-01 1.12700E+00
 1.05925E+00 3.04648E-01 4.87988E-01 8.51398E-01 1.14610E+00
 1.07152E+00 3.06526E-01 4.90996E-01 8.61706E-01 1.16546E+00
 1.08393E+00 3.08380E-01 4.93965E-01 8.71992E-01 1.18507E+00
 1.09648E+00 3.10209E-01 4.96895E-01 8.82251E-01 1.20494E+00
 1.10917E+00 3.12014E-01 4.99786E-01 8.92481E-01 1.22508E+00
 1.12202E+00 3.13794E-01 5.02637E-01 9.02680E-01 1.24548E+00
 1.13501E+00 3.15550E-01 5.05450E-01 9.12844E-01 1.26615E+00
 1.14815E+00 3.17281E-01 5.08224E-01 9.22970E-01 1.28709E+00
 1.16145E+00 3.18989E-01 5.10958E-01 9.33055E-01 1.30831E+00
 1.17490E+00 3.20672E-01 5.13654E-01 9.43097E-01 1.32978E+00
 1.18850E+00 3.22330E-01 5.16311E-01 9.53093E-01 1.35151E+00
 1.20226E+00 3.23965E-01 5.18929E-01 9.63039E-01 1.37350E+00
 1.21619E+00 3.25576E-01 5.21509E-01 9.72933E-01 1.39576E+00
 1.23027E+00 3.27162E-01 5.24051E-01 9.82772E-01 1.41829E+00
 1.24451E+00 3.28725E-01 5.26554E-01 9.92553E-01 1.44110E+00
 1.25893E+00 3.30264E-01 5.29019E-01 1.00227E+00 1.46418E+00
 1.27350E+00 3.31780E-01 5.31447E-01 1.01193E+00 1.48755E+00
 1.28825E+00 3.33272E-01 5.33837E-01 1.02152E+00 1.51120E+00
 1.30317E+00 3.34741E-01 5.36190E-01 1.03104E+00 1.53515E+00
 1.31826E+00 3.36186E-01 5.38505E-01 1.04048E+00 1.55939E+00
 1.33352E+00 3.37609E-01 5.40784E-01 1.04986E+00 1.58393E+00
 1.34896E+00 3.39009E-01 5.43026E-01 1.05915E+00 1.60877E+00
 1.36458E+00 3.40386E-01 5.45233E-01 1.06836E+00 1.63393E+00
 1.38038E+00 3.41741E-01 5.47403E-01 1.07749E+00 1.65940E+00
 1.39637E+00 3.43073E-01 5.49537E-01 1.08653E+00 1.68519E+00
 1.41254E+00 3.44384E-01 5.51636E-01 1.09549E+00 1.71131E+00
 1.42889E+00 3.45672E-01 5.53700E-01 1.10435E+00 1.73776E+00
 1.44544E+00 3.46939E-01 5.55730E-01 1.11312E+00 1.76454E+00
 1.46218E+00 3.48185E-01 5.57725E-01 1.12180E+00 1.79166E+00
 1.47911E+00 3.49409E-01 5.59686E-01 1.13037E+00 1.81914E+00
 1.49624E+00 3.50612E-01 5.61613E-01 1.13885E+00 1.84696E+00
 1.51356E+00 3.51795E-01 5.63507E-01 1.14722E+00 1.87515E+00
 1.53109E+00 3.52957E-01 5.65368E-01 1.15548E+00 1.90370E+00
 1.54882E+00 3.54098E-01 5.67197E-01 1.16364E+00 1.93262E+00
 1.56675E+00 3.55220E-01 5.68993E-01 1.17169E+00 1.96192E+00
 1.58489E+00 3.56321E-01 5.70758E-01 1.17963E+00 1.99160E+00
 1.60325E+00 3.57403E-01 5.72491E-01 1.18746E+00 2.02168E+00
 1.62181E+00 3.58466E-01 5.74193E-01 1.19517E+00 2.05215E+00
 1.64059E+00 3.59509E-01 5.75864E-01 1.20276E+00 2.08303E+00
 1.65959E+00 3.60534E-01 5.77505E-01 1.21024E+00 2.11433E+00
 1.67880E+00 3.61540E-01 5.79117E-01 1.21760E+00 2.14604E+00
 1.69824E+00 3.62527E-01 5.80698E-01 1.22483E+00 2.17818E+00
 1.71791E+00 3.63496E-01 5.82251E-01 1.23195E+00 2.21076E+00
 1.73780E+00 3.64448E-01 5.83775E-01 1.23894E+00 2.24378E+00
 1.75792E+00 3.65381E-01 5.85270E-01 1.24580E+00 2.27725E+00
 1.77828E+00 3.66298E-01 5.86738E-01 1.25254E+00 2.31118E+00
 1.79887E+00 3.67197E-01 5.88178E-01 1.25916E+00 2.34558E+00
 1.81970E+00 3.68079E-01 5.89591E-01 1.26564E+00 2.38046E+00
 1.84077E+00 3.68944E-01 5.90977E-01 1.27200E+00 2.41583E+00
 1.86209E+00 3.69793E-01 5.92337E-01 1.27823E+00 2.45169E+00
 1.88365E+00 3.70626E-01 5.93671E-01 1.28433E+00 2.48806E+00
 1.90546E+00 3.71442E-01 5.94979E-01 1.29031E+00 2.52495E+00
 1.92752E+00 3.72244E-01 5.96262E-01 1.29615E+00 2.56236E+00
 1.94984E+00 3.73029E-01 5.97521E-01 1.30186E+00 2.60030E+00
 1.97242E+00 3.73799E-01 5.98755E-01 1.30744E+00 2.63880E+00
 1.99526E+00 3.74555E-01 5.99964E-01 1.31290E+00 2.67784E+00
 2.01837E+00 3.75295E-01 6.01151E-01 1.31822E+00 2.71746E+00
 2.04174E+00 3.76022E-01 6.02314E-01 1.32341E+00 2.75766E+00
 2.06538E+00 3.76733E-01 6.03454E-01 1.32847E+00 2.79844E+00
 2.08930E+00 3.77431E-01 6.04572E-01 1.33341E+00 2.83983E+00
 2.11349E+00 3.78115E-01 6.05667E-01 1.33821E+00 2.88183E+00
 2.13796E+00 3.78786E-01 6.06741E-01 1.34289E+00 2.92446E+00
 2.16272E+00 3.79443E-01 6.07794E-01 1.34744E+00 2.96773E+00
 2.18776E+00 3.80087E-01 6.08825E-01 1.35186E+00 3.01165E+00
 2.21309E+00 3.80718E-01 6.09836E-01 1.35615E+00 3.05623E+00
 2.23872E+00 3.81336E-01 6.10826E-01 1.36032E+00 3.10149E+00
 2.26464E+00 3.81942E-01 6.11797E-01 1.36436E+00 3.14745E+00
 2.29087E+00 3.82535E-01 6.12748E-01 1.36828E+00 3.19411E+00
 2.31739E+00 3.83117E-01 6.13679E-01 1.37207E+00 3.24148E+00
 2.34423E+00 3.83687E-01 6.14592E-01 1.37575E+00 3.28960E+00
 2.37137E+00 3.84245E-01 6.15486E-01 1.37930E+00 3.33846E+00
 2.39883E+00 3.84792E-01 6.16362E-01 1.38273E+00 3.38808E+00
 2.42661E+00 3.85327E-01 6.17220E-01 1.38604E+00 3.43848E+00
 2.45471E+00 3.85852E-01 6.18060E-01 1.38923E+00 3.48968E+00
 2.48313E+00 3.86366E-01 6.18883E-01 1.39230E+00 3.54169E+00
 2.51189E+00 3.86869E-01 6.19689E-01 1.39526E+00 3.59452E+00
 2.54097E+00 3.87362E-01 6.20479E-01 1.39810E+00 3.64819E+00
 2.57040E+00 3.87844E-01 6.21252E-01 1.40083E+00 3.70273E+00
 2.60016E+00 3.88317E-01 6.22009E-01 1.40345E+00 3.75814E+00
 2.63027E+00 3.88780E-01 6.22750E-01 1.40595E+00 3.81444E+00
 2.66073E+00 3.89233E-01 6.23476E-01 1.40835E+00 3.87166E+00
 2.69153E+00 3.89677E-01 6.24186E-01 1.41063E+00 3.92980E+00
 2.72270E+00 3.90111E-01 6.24882E-01 1.41281E+00 3.98889E+00
 2.75423E+00 3.90536E-01 6.25563E-01 1.41488E+00 4.04895E+00
 2.78612E+00 3.90953E-01 6.26230E-01 1.41685E+00 4.10999E+00
 2.81838E+00 3.91360E-01 6.26883E-01 1.41871E+00 4.17203E+00
 2.85102E+00 3.91759E-01 6.27522E-01 1.42046E+00 4.23509E+00
 2.88403E+00 3.92150E-01 6.28148E-01 1.42212E+00 4.29920E+00
 2.91743E+00 3.92532E-01 6.28761E-01 1.42367E+00 4.36436E+00
 2.95121E+00 3.92906E-01 6.29360E-01 1.42512E+00 4.43060E+00
 2.98538E+00 3.93273E-01 6.29947E-01 1.42648E+00 4.49795E+00
 3.01995E+00 3.93631E-01 6.30521E-01 1.42773E+00 4.56641E+00
 3.05492E+00 3.93982E-01 6.31083E-01 1.42889E+00 4.63602E+00
 3.09030E+00 3.94326E-01 6.31633E-01 1.42996E+00 4.70679E+00
 3.12608E+00 3.94662E-01 6.32172E-01 1.43092E+00 4.77874E+00
 3.16228E+00 3.94991E-01 6.32699E-01 1.43180E+00 4.85189E+00
 3.19890E+00 3.95313E-01 6.33214E-01 1.43258E+00 4.92627E+00
 3.23594E+00 3.95628E-01 6.33719E-01 1.43327E+00 5.00189E+00
 3.27341E+00 3.95936E-01 6.34213E-01 1.43386E+00 5.07879E+00
 3.31131E+00 3.96237E-01 6.34696E-01 1.43437E+00 5.15697E+00
 3.34965E+00 3.96533E-01 6.35169E-01 1.43478E+00 5.23646E+00
 3.38844E+00 3.96821E-01 6.35631E-01 1.43511E+00 5.31729E+00
 3.42768E+00 3.97104E-01 6.36084E-01 1.43534E+00 5.39948E+00
 3.46737E+00 3.97380E-01 6.36527E-01 1.43549E+00 5.48304E+00
 3.50752E+00 3.97651E-01 6.36960E-01 1.43555E+00 5.56800E+00
 3.54813E+00 3.97916E-01 6.37384E-01 1.43552E+00 5.65439E+00
 3.58922E+00 3.98175E-01 6.37799E-01 1.43541E+00 5.74222E+00
 3.63078E+00 3.98428E-01 6.38204E-01 1.43521E+00 5.83153E+00
 3.67282E+00 3.98676E-01 6.38601E-01 1.43492E+00 5.92232E+00
 3.71535E+00 3.98918E-01 6.38990E-01 1.43455E+00 6.01462E+00
 3.75837E+00 3.99155E-01 6.39370E-01 1.43409E+00 6.10846E+00
 3.80189E+00 3.99387E-01 6.39741E-01 1.43355E+00 6.20386E+00
 3.84592E+00 3.99614E-01 6.40105E-01 1.43293E+00 6.30084E+00
 3.89045E+00 3.99836E-01 6.40460E-01 1.43222E+00 6.39942E+00
 3.93550E+00 4.00053E-01 6.40808E-01 1.43142E+00 6.49963E+00
 3.98107E+00 4.00266E-01 6.41149E-01 1.43055E+00 6.60149E+00
 4.02717E+00 4.00474E-01 6.41481E-01 1.42959E+00 6.70502E+00
 4.07380E+00 4.00677E-01 6.41807E-01 1.42854E+00 6.81024E+00
 4.12098E+00 4.00876E-01 6.42125E-01 1.42741E+00 6.91717E+00
 4.16869E+00 4.01070E-01 6.42437E-01 1.42620E+00 7.02584E+00
 4.21697E+00 4.01260E-01 6.42741E-01 1.42491E+00 7.13626E+00
 4.26580E+00 4.01446E-01 6.43039E-01 1.42354E+00 7.24847E+00
 4.31519E+00 4.01628E-01 6.43331E-01 1.42208E+00 7.36247E+00
 4.36516E+00 4.01806E-01 6.43616E-01 1.42054E+00 7.47829E+00
 4.41570E+00 4.01980E-01 6.43894E-01 1.41891E+00 7.59595E+00
 4.46684E+00 4.02150E-01 6.44167E-01 1.41721E+00 7.71547E+00
 4.51856E+00 4.02317E-01 6.44434E-01 1.41542E+00 7.83687E+00
 4.57088E+00 4.02480E-01 6.44694E-01 1.41355E+00 7.96016E+00
 4.62381E+00 4.02639E-01 6.44949E-01 1.41159E+00 8.08538E+00
 4.67735E+00 4.02794E-01 6.45199E-01 1.40956E+00 8.21252E+00
 4.73151E+00 4.02947E-01 6.45443E-01 1.40744E+00 8.34162E+00
 4.78630E+00 4.03095E-01 6.45681E-01 1.40524E+00 8.47269E+00
 4.84172E+00 4.03241E-01 6.45914E-01 1.40296E+00 8.60575E+00
 4.89779E+00 4.03383E-01 6.46142E-01 1.40059E+00 8.74080E+00
 4.95450E+00 4.03523E-01 6.46365E-01 1.39815E+00 8.87788E+00
 5.01187E+00 4.03659E-01 6.46583E-01 1.39562E+00 9.01698E+00
 5.06991E+00 4.03792E-01 6.46797E-01 1.39301E+00 9.15813E+00
 5.12861E+00 4.03922E-01 6.47005E-01 1.39032E+00 9.30134E+00
 5.18800E+00 4.04049E-01 6.47209E-01 1.38754E+00 9.44663E+00
 5.24807E+00 4.04174E-01 6.47408E-01 1.38469E+00 9.59399E+00
 5.30884E+00 4.04296E-01 6.47603E-01 1.38175E+00 9.74345E+00
 5.37032E+00 4.04415E-01 6.47794E-01 1.37873E+00 9.89501E+00
 5.43250E+00 4.04531E-01 6.47980E-01 1.37563E+00 1.00487E+01
 5.49541E+00 4.04645E-01 6.48162E-01 1.37246E+00 1.02045E+01
 5.55904E+00 4.04756E-01 6.48341E-01 1.36920E+00 1.03624E+01
 5.62341E+00 4.04865E-01 6.48515E-01 1.36586E+00 1.05225E+01
 5.68853E+00 4.04971E-01 6.48685E-01 1.36243E+00 1.06847E+01
 5.75440E+00 4.05075E-01 6.48852E-01 1.35893E+00 1.08490E+01
 5.82103E+00 4.05177E-01 6.49015E-01 1.35536E+00 1.10155E+01
 5.88844E+00 4.05276E-01 6.49174E-01 1.35170E+00 1.11841E+01
 5.95662E+00 4.05373E-01 6.49330E-01 1.34796E+00 1.13549E+01
 6.02560E+00 4.05468E-01 6.49482E-01 1.34414E+00 1.15278E+01
 6.09537E+00 4.05561E-01 6.49631E-01 1.34025E+00 1.17029E+01
 6.16595E+00 4.05652E-01 6.49776E-01 1.33628E+00 1.18801E+01
 6.23735E+00 4.05741E-01 6.49918E-01 1.33223E+00 1.20595E+01
 6.30957E+00 4.05828E-01 6.50057E-01 1.32811E+00 1.22410E+01
 6.38263E+00 4.05913E-01 6.50193E-01 1.32391E+00 1.24246E+01
 6.45654E+00 4.05996E-01 6.50326E-01 1.31964E+00 1.26103E+01
 6.53131E+00 4.06077E-01 6.50456E-01 1.31529E+00 1.27982E+01
 6.60693E+00 4.06156E-01 6.50583E-01 1.31086E+00 1.29881E+01
 6.68344E+00 4.06234E-01 6.50708E-01 1.30637E+00 1.31801E+01
 6.76083E+00 4.06309E-01 6.50829E-01 1.30180E+00 1.33742E+01
 6.83912E+00 4.06384E-01 6.50948E-01 1.29716E+00 1.35703E+01
 6.91831E+00 4.06456E-01 6.51064E-01 1.29245E+00 1.37684E+01
 6.99842E+00 4.06527E-01 6.51177E-01 1.28766E+00 1.39686E+01
 7.07946E+00 4.06596E-01 6.51288E-01 1.28281E+00 1.41707E+01
 7.16143E+00 4.06664E-01 6.51397E-01 1.27789E+00 1.43748E+01
 7.24436E+00 4.06730E-01 6.51503E-01 1.27290E+00 1.45809E+01
 7.32825E+00 4.06795E-01 6.51606E-01 1.26785E+00 1.47888E+01
 7.41310E+00 4.06858E-01 6.51708E-01 1.26273E+00 1.49986E+01
 7.49894E+00 4.06920E-01 6.51807E-01 1.25754E+00 1.52103E+01
 7.58578E+00 4.06980E-01 6.51904E-01 1.25229E+00 1.54238E+01
 7.67361E+00 4.07039E-01 6.51998E-01 1.24698E+00 1.56391E+01
 7.76247E+00 4.07097E-01 6.52091E-01 1.24161E+00 1.58562E+01
 7.85236E+00 4.07154E-01 6.52181E-01 1.23617E+00 1.60749E+01
 7.94328E+00 4.07209E-01 6.52270E-01 1.23068E+00 1.62953E+01
 8.03526E+00 4.07263E-01 6.52356E-01 1.22512E+00 1.65174E+01
 8.12831E+00 4.07316E-01 6.52441E-01 1.21951E+00 1.67410E+01
 8.22243E+00 4.07367E-01 6.52523E-01 1.21384E+00 1.69661E+01
 8.31764E+00 4.07418E-01 6.52604E-01 1.20812E+00 1.71928E+01
 8.41395E+00 4.07467E-01 6.52683E-01 1.20234E+00 1.74208E+01
 8.51138E+00 4.07515E-01 6.52760E-01 1.19651E+00 1.76503E+01
 8.60994E+00 4.07562E-01 6.52836E-01 1.19063E+00 1.78811E+01
 8.70964E+00 4.07608E-01 6.52909E-01 1.18470E+00 1.81131E+01
 8.81049E+00 4.07653E-01 6.52981E-01 1.17872E+00 1.83464E+01
 8.91251E+00 4.07697E-01 6.53052E-01 1.17269E+00 1.85808E+01
 9.01571E+00 4.07740E-01 6.53121E-01 1.16661E+00 1.88163E+01
 9.12011E+00 4.07782E-01 6.53188E-01 1.16049E+00 1.90528E+01
 9.22571E+00 4.07823E-01 6.53254E-01 1.15433E+00 1.92903E+01
 9.33254E+00 4.07863E-01 6.53318E-01 1.14812E+00 1.95287E+01
 9.44061E+00 4.07903E-01 6.53381E-01 1.14187E+00 1.97678E+01
 9.54993E+00 4.07941E-01 6.53443E-01 1.13558E+00 2.00078E+01
 9.66051E+00 4.07978E-01 6.53503E-01 1.12925E+00 2.02483E+01
 9.77237E+00 4.08015E-01 6.53561E-01 1.12288E+00 2.04895E+01
 9.88553E+00 4.08051E-01 6.53619E-01 1.11648E+00 2.07312E+01
 1.00000E+01 4.08086E-01 6.53675E-01 1.11004E+00 2.09733E+01
 1.01158E+01 4.08120E-01 6.53730E-01 1.10357E+00 2.12157E+01
 1.02329E+01 4.08154E-01 6.53783E-01 1.09707E+00 2.14584E+01
 1.03514E+01 4.08186E-01 6.53836E-01 1.09053E+00 2.17013E+01
 1.04713E+01 4.08218E-01 6.53887E-01 1.08397E+00 2.19442E+01
 1.05925E+01 4.08250E-01 6.53937E-01 1.07738E+00 2.21872E+01
 1.07152E+01 4.08280E-01 6.53986E-01 1.07076E+00 2.24300E+01
 1.08393E+01 4.08310E-01 6.54034E-01 1.06411E+00 2.26727E+01
 1.09648E+01 4.08339E-01 6.54081E-01 1.05745E+00 2.29151E+01
 1.10917E+01 4.08368E-01 6.54126E-01 1.05076E+00 2.31570E+01
 1.12202E+01 4.08396E-01 6.54171E-01 1.04404E+00 2.33985E+01
 1.13501E+01 4.08423E-01 6.54215E-01 1.03731E+00 2.36394E+01
 1.14815E+01 4.08450E-01 6.54257E-01 1.03056E+00 2.38797E+01
 1.16145E+01 4.08476E-01 6.54299E-01 1.02379E+00 2.41191E+01
 1.17490E+01 4.08501E-01 6.54340E-01 1.01700E+00 2.43577E+01
 1.18850E+01 4.08526E-01 6.54380E-01 1.01020E+00 2.45953E+01
 1.20226E+01 4.08550E-01 6.54419E-01 1.00339E+00 2.48317E+01
 1.21619E+01 4.08574E-01 6.54457E-01 9.96565E-01 2.50670E+01
 1.23027E+01 4.08597E-01 6.54494E-01 9.89728E-01 2.53010E+01
 1.24451E+01 4.08620E-01 6.54530E-01 9.82881E-01 2.55335E+01
 1.25893E+01 4.08642E-01 6.54566E-01 9.76026E-01 2.57645E+01
 1.27350E+01 4.08664E-01 6.54601E-01 9.69163E-01 2.59939E+01
 1.28825E+01 4.08685E-01 6.54635E-01 9.62294E-01 2.62216E+01
 1.30317E+01 4.08706E-01 6.54668E-01 9.58499E-01 2.64474E+01
 1.31826E+01 4.08726E-01 6.54700E-01 9.58547E-01 2.66712E+01
 1.33352E+01 4.08746E-01 6.54732E-01 9.58593E-01 2.68930E+01
 1.34896E+01 4.08765E-01 6.54763E-01 9.58638E-01 2.71126E+01
 1.36458E+01 4.08784E-01 6.54793E-01 9.58683E-01 2.73299E+01
 1.38038E+01 4.08803E-01 6.54823E-01 9.58726E-01 2.75448E+01
 1.39637E+01 4.08821E-01 6.54852E-01 9.58768E-01 2.77572E+01
 1.41254E+01 4.08838E-01 6.54880E-01 9.58810E-01 2.79670E+01
 1.42889E+01 4.08856E-01 6.54908E-01 9.58850E-01 2.81740E+01
 1.44544E+01 4.08873E-01 6.54935E-01 9.58890E-01 2.83783E+01
 1.46218E+01 4.08889E-01 6.54961E-01 9.58929E-01 2.85796E+01
 1.47911E+01 4.08905E-01 6.54987E-01 9.58966E-01 2.87779E+01
 1.49624E+01 4.08921E-01 6.55012E-01 9.59003E-01 2.89731E+01
 1.51356E+01 4.08936E-01 6.55037E-01 9.59039E-01 2.91650E+01
 1.53109E+01 4.08951E-01 6.55061E-01 9.59075E-01 2.93536E+01
 1.54882E+01 4.08966E-01 6.55085E-01 9.59109E-01 2.95387E+01
 1.56675E+01 4.08980E-01 6.55108E-01 9.59143E-01 2.97203E+01
 1.58489E+01 4.08994E-01 6.55130E-01 9.59176E-01 2.98983E+01
 1.60325E+01 4.09008E-01 6.55152E-01 9.59208E-01 3.00726E+01
 1.62181E+01 4.09022E-01 6.55174E-01 9.59240E-01 3.02431E+01
 1.64059E+01 4.09035E-01 6.55195E-01 9.59270E-01 3.04096E+01
 1.65959E+01 4.09048E-01 6.55215E-01 9.59300E-01 3.05722E+01
 1.67880E+01 4.09060E-01 6.55235E-01 9.59330E-01 3.07307E+01
 1.69824E+01 4.09072E-01 6.55255E-01 9.59359E-01 3.08850E+01
 1.71791E+01 4.09084E-01 6.55274E-01 9.59387E-01 3.10351E+01
 1.73780E+01 4.09096E-01 6.55293E-01 9.59414E-01 3.11809E+01
 1.75792E+01 4.09107E-01 6.55311E-01 9.59441E-01 3.13224E+01
 1.77828E+01 4.09119E-01 6.55329E-01 9.59467E-01 3.14593E+01
 1.79887E+01 4.09130E-01 6.55346E-01 9.59493E-01 3.15918E+01
 1.81970E+01 4.09140E-01 6.55364E-01 9.59518E-01 3.17197E+01
 1.84077E+01 4.09151E-01 6.55380E-01 9.59542E-01 3.18429E+01
 1.86209E+01 4.09161E-01 6.55397E-01 9.59566E-01 3.19614E+01
 1.88365E+01 4.09171E-01 6.55413E-01 9.59589E-01 3.20752E+01
 1.90546E+01 4.09181E-01 6.55428E-01 9.59612E-01 3.21841E+01
 1.92752E+01 4.09190E-01 6.55443E-01 9.59635E-01 3.22882E+01
 1.94984E+01 4.09199E-01 6.55458E-01 9.59656E-01 3.23874E+01
 1.97242E+01 4.09208E-01 6.55473E-01 9.59678E-01 3.24816E+01
 1.99526E+01 4.09217E-01 6.55487E-01 9.59699E-01 3.25709E+01
 2.01837E+01 4.09226E-01 6.55501E-01 9.59719E-01 3.26551E+01
 2.04174E+01 4.09235E-01 6.55515E-01 9.59739E-01 3.27343E+01
 2.06538E+01 4.09243E-01 6.55528E-01 9.59758E-01 3.28084E+01
 2.08930E+01 4.09251E-01 6.55541E-01 9.59777E-01 3.28774E+01
 2.11349E+01 4.09259E-01 6.55554E-01 9.59796E-01 3.29413E+01
 2.13796E+01 4.09267E-01 6.55566E-01 9.59814E-01 3.30000E+01
 2.16272E+01 4.09274E-01 6.55578E-01 9.59832E-01 3.30537E+01
 2.18776E+01 4.09282E-01 6.55590E-01 9.59849E-01 3.31021E+01
 2.21309E+01 4.09289E-01 6.55602E-01 9.59866E-01 3.31454E+01
 2.23872E+01 4.09296E-01 6.55613E-01 9.59883E-01 3.31836E+01
 2.26464E+01 4.09303E-01 6.55624E-01 9.59899E-01 3.32165E+01
 2.29087E+01 4.09310E-01 6.55635E-01 9.59915E-01 3.32444E+01
 2.31739E+01 4.09316E-01 6.55645E-01 9.59930E-01 3.32671E+01
 2.34423E+01 4.09323E-01 6.55656E-01 9.59945E-01 3.32846E+01
 2.37137E+01 4.09329E-01 6.55666E-01 9.59960E-01 3.32971E+01
 2.39883E+01 4.09335E-01 6.55676E-01 9.59975E-01 3.33044E+01
 2.42661E+01 4.09341E-01 6.55685E-01 9.59989E-01 3.33067E+01
 2.45471E+01 4.09347E-01 6.55695E-01 9.60002E-01 3.33039E+01
 2.48313E+01 4.09353E-01 6.55704E-01 9.60016E-01 3.32962E+01
 2.51189E+01 4.09358E-01 6.55713E-01 9.60029E-01 3.32834E+01
 2.54097E+01 4.09364E-01 6.55722E-01 9.60042E-01 3.32657E+01
 2.57040E+01 4.09369E-01 6.55730E-01 9.60055E-01 3.32431E+01
 2.60016E+01 4.09374E-01 6.55739E-01 9.60067E-01 3.32156E+01
 2.63027E+01 4.09380E-01 6.55747E-01 9.60079E-01 3.31834E+01
 2.66073E+01 4.09385E-01 6.55755E-01 9.60091E-01 3.31463E+01
 2.69153E+01 4.09389E-01 6.55763E-01 9.60102E-01 3.31045E+01
 2.72270E+01 4.09394E-01 6.55770E-01 9.60113E-01 3.30581E+01
 2.75423E+01 4.09399E-01 6.55778E-01 9.60124E-01 3.30070E+01
 2.78612E+01 4.09403E-01 6.55785E-01 9.60135E-01 3.29514E+01
 2.81838E+01 4.09408E-01 6.55792E-01 9.60145E-01 3.28914E+01
 2.85102E+01 4.09412E-01 6.55799E-01 9.60156E-01 3.28268E+01
 2.88403E+01 4.09417E-01 6.55806E-01 9.60166E-01 3.27580E+01
 2.91743E+01 4.09421E-01 6.55813E-01 9.60176E-01 3.26848E+01
 2.95121E+01 4.09425E-01 6.55819E-01 9.60185E-01 3.26074E+01
 2.98538E+01 4.09429E-01 6.55826E-01 9.60194E-01 3.25258E+01
 3.01995E+01 4.09433E-01 6.55832E-01 9.60204E-01 3.24401E+01
 3.05492E+01 4.09436E-01 6.55838E-01 9.60212E-01 3.23504E+01
 3.09030E+01 4.09440E-01 6.55844E-01 9.60221E-01 3.22568E+01
 3.12608E+01 4.09444E-01 6.55850E-01 9.60230E-01 3.21594E+01
 3.16228E+01 4.09447E-01 6.55855E-01 9.60238E-01 3.20581E+01
 3.19890E+01 4.09451E-01 6.55861E-01 9.60246E-01 3.19531E+01
 3.23594E+01 4.09454E-01 6.55866E-01 9.60254E-01 3.18445E+01
 3.27341E+01 4.09458E-01 6.55872E-01 9.60262E-01 3.17324E+01
 3.31131E+01 4.09461E-01 6.55877E-01 9.60269E-01 3.16168E+01
 3.34965E+01 4.09464E-01 6.55882E-01 9.60277E-01 3.14978E+01
 3.38844E+01 4.09467E-01 6.55887E-01 9.60284E-01 3.13755E+01
 3.42768E+01 4.09470E-01 6.55892E-01 9.60291E-01 3.12500E+01
 3.46737E+01 4.09473E-01 6.55897E-01 9.60298E-01 3.11214E+01
 3.50752E+01 4.09476E-01 6.55901E-01 9.60305E-01 3.09897E+01
 3.54813E+01 4.09479E-01 6.55906E-01 9.60312E-01 3.08550E+01
 3.58922E+01 4.09481E-01 6.55910E-01 9.60318E-01 3.07175E+01
 3.63078E+01 4.09484E-01 6.55914E-01 9.60324E-01 3.05772E+01
 3.67282E+01 4.09487E-01 6.55919E-01 9.60330E-01 3.04342E+01
 3.71535E+01 4.09489E-01 6.55923E-01 9.60337E-01 3.02885E+01
 3.75837E+01 4.09492E-01 6.55927E-01 9.60342E-01 3.01404E+01
 3.80189E+01 4.09494E-01 6.55931E-01 9.60348E-01 2.99897E+01
 3.84592E+01 4.09497E-01 6.55935E-01 9.60354E-01 2.98367E+01
 3.89045E+01 4.09499E-01 6.55938E-01 9.60359E-01 2.96814E+01
 3.93550E+01 4.09501E-01 6.55942E-01 9.60365E-01 2.95239E+01
 3.98107E+01 4.09504E-01 6.55946E-01 9.60370E-01 2.93643E+01
 4.02717E+01 4.09506E-01 6.55949E-01 9.60375E-01 2.92027E+01
 4.07380E+01 4.09508E-01 6.55953E-01 9.60380E-01 2.90391E+01
 4.12098E+01 4.09510E-01 6.55956E-01 9.60385E-01 2.88736E+01
 4.16869E+01 4.09512E-01 6.55959E-01 9.60390E-01 2.87064E+01
 4.21697E+01 4.09514E-01 6.55962E-01 9.60395E-01 2.85374E+01
 4.26580E+01 4.09516E-01 6.55966E-01 9.60399E-01 2.83668E+01
 4.31519E+01 4.09518E-01 6.55969E-01 9.60404E-01 2.81946E+01
 4.36516E+01 4.09520E-01 6.55972E-01 9.60408E-01 2.80209E+01
 4.41570E+01 4.09522E-01 6.55974E-01 9.60412E-01 2.78459E+01
 4.46684E+01 4.09523E-01 6.55977E-01 9.60416E-01 2.76695E+01
 4.51856E+01 4.09525E-01 6.55980E-01 9.60420E-01 2.74919E+01
 4.57088E+01 4.09527E-01 6.55983E-01 9.60424E-01 2.73131E+01
 4.62381E+01 4.09529E-01 6.55985E-01 9.60428E-01 2.71331E+01
 4.67735E+01 4.09530E-01 6.55988E-01 9.60432E-01 2.69522E+01
 4.73151E+01 4.09532E-01 6.55991E-01 9.60436E-01 2.67703E+01
 4.78630E+01 4.09533E-01 6.55993E-01 9.60440E-01 2.65874E+01
 4.84172E+01 4.09535E-01 6.55996E-01 9.60443E-01 2.64038E+01
 4.89779E+01 4.09536E-01 6.55998E-01 9.60447E-01 2.62193E+01
 4.95450E+01 4.09538E-01 6.56000E-01 9.60450E-01 2.60342E+01
 5.01187E+01 4.09539E-01 6.56003E-01 9.60453E-01 2.58484E+01
 5.06991E+01 4.09541E-01 6.56005E-01 9.60457E-01 2.56621E+01
 5.12861E+01 4.09542E-01 6.56007E-01 9.60460E-01 2.54752E+01
 5.18800E+01 4.09543E-01 6.56009E-01 9.60463E-01 2.52879E+01
 5.24807E+01 4.09544E-01 6.56011E-01 9.60466E-01 2.51002E+01
 5.30884E+01 4.09546E-01 6.56013E-01 9.60469E-01 2.49122E+01
 5.37032E+01 4.09547E-01 6.56015E-01 9.60472E-01 2.47238E+01
 5.43250E+01 4.09548E-01 6.56017E-01 9.60475E-01 2.45353E+01
 5.49541E+01 4.09549E-01 6.56019E-01 9.60477E-01 2.43466E+01
 5.55904E+01 4.09551E-01 6.56021E-01 9.60480E-01 2.41577E+01
 5.62341E+01 4.09552E-01 6.56023E-01 9.60483E-01 2.39688E+01
 5.68853E+01 4.09553E-01 6.56024E-01 9.60485E-01 2.37798E+01
 5.75440E+01 4.09554E-01 6.56026E-01 9.60488E-01 2.35909E+01
 5.82103E+01 4.09555E-01 6.56028E-01 9.60490E-01 2.34021E+01
 5.88844E+01 4.09556E-01 6.56029E-01 9.60493E-01 2.32133E+01
 5.95662E+01 4.09557E-01 6.56031E-01 9.60495E-01 2.30248E+01
 6.02560E+01 4.09558E-01 6.56033E-01 9.60497E-01 2.28364E+01
 6.09537E+01 4.09559E-01 6.56034E-01 9.60499E-01 2.26483E+01
 6.16595E+01 4.09560E-01 6.56036E-01 9.60502E-01 2.24605E+01
 6.23735E+01 4.09561E-01 6.56037E-01 9.60504E-01 2.22730E+01
 6.30957E+01 4.09562E-01 6.56038E-01 9.60506E-01 2.20858E+01
 6.38263E+01 4.09562E-01 6.56040E-01 9.60508E-01 2.18991E+01
 6.45654E+01 4.09563E-01 6.56041E-01 9.60510E-01 2.17129E+01
 6.53131E+01 4.09564E-01 6.56043E-01 9.60512E-01 2.15270E+01
 6.60693E+01 4.09565E-01 6.56044E-01 9.60514E-01 2.13418E+01
 6.68344E+01 4.09566E-01 6.56045E-01 9.60516E-01 2.11570E+01
 6.76083E+01 4.09567E-01 6.56046E-01 9.60518E-01 2.09728E+01
 6.83912E+01 4.09567E-01 6.56048E-01 9.60519E-01 2.07893E+01
 6.91831E+01 4.09568E-01 6.56049E-01 9.60521E-01 2.06063E+01
 6.99842E+01 4.09569E-01 6.56050E-01 9.60523E-01 2.04240E+01
 7.07946E+01 4.09569E-01 6.56051E-01 9.60524E-01 2.02425E+01
 7.16143E+01 4.09570E-01 6.56052E-01 9.60526E-01 2.00616E+01
 7.24436E+01 4.09571E-01 6.56053E-01 9.60528E-01 1.98815E+01
 7.32825E+01 4.09572E-01 6.56054E-01 9.60529E-01 1.97021E+01
 7.41310E+01 4.09572E-01 6.56055E-01 9.60531E-01 1.95235E+01
 7.49894E+01 4.09573E-01 6.56056E-01 9.60532E-01 1.93458E+01
 7.58578E+01 4.09573E-01 6.56057E-01 9.60534E-01 1.91688E+01
 7.67361E+01 4.09574E-01 6.56058E-01 9.60535E-01 1.89927E+01
 7.76247E+01 4.09575E-01 6.56059E-01 9.60536E-01 1.88175E+01
 7.85236E+01 4.09575E-01 6.56060E-01 9.60538E-01 1.86432E+01
 7.94328E+01 4.09576E-01 6.56061E-01 9.60539E-01 1.84698E+01
 8.03526E+01 4.09576E-01 6.56062E-01 9.60540E-01 1.82973E+01
 8.12831E+01 4.09577E-01 6.56063E-01 9.60542E-01 1.81258E+01
 8.22243E+01 4.09577E-01 6.56064E-01 9.60543E-01 1.79552E+01
 8.31764E+01 4.09578E-01 6.56065E-01 9.60544E-01 1.77856E+01
 8.41395E+01 4.09578E-01 6.56065E-01 9.60545E-01 1.76170E+01
 8.51138E+01 4.09579E-01 6.56066E-01 9.60546E-01 1.74494E+01
 8.60994E+01 4.09579E-01 6.56067E-01 9.60548E-01 1.72828E+01
 8.70964E+01 4.09580E-01 6.56068E-01 9.60549E-01 1.71172E+01
 8.81049E+01 4.09580E-01 6.56068E-01 9.60550E-01 1.69527E+01
 8.91251E+01 4.09581E-01 6.56069E-01 9.60551E-01 1.67892E+01
 9.01571E+01 4.09581E-01 6.56070E-01 9.60552E-01 1.66267E+01
 9.12011E+01 4.09582E-01 6.56071E-01 9.60553E-01 1.64654E+01
 9.22571E+01 4.09582E-01 6.56071E-01 9.60554E-01 1.63051E+01
 9.33254E+01 4.09582E-01 6.56072E-01 9.60555E-01 1.61458E+01
 9.44061E+01 4.09583E-01 6.56073E-01 9.60556E-01 1.59877E+01
 9.54993E+01 4.09583E-01 6.56073E-01 9.60557E-01 1.58307E+01
 9.66051E+01 4.09584E-01 6.56074E-01 9.60558E-01 1.56747E+01
 9.77237E+01 4.09584E-01 6.56074E-01 9.60558E-01 1.55199E+01
 9.88553E+01 4.09584E-01 6.56075E-01 9.60559E-01 1.53662E+01
 1.00000E+02 4.09585E-01 6.56075E-01 9.60560E-01 1.52136E+01
