 1.00000E-02 1.66213E-01 1.93754E-01 2.21320E-01 2.24584E-01
 2.00000E-02 1.66204E-01 1.93638E-01 2.21203E-01 2.24466E-01
 3.00000E-02 1.66059E-01 1.93515E-01 2.21009E-01 2.24269E-01
 4.00000E-02 1.65813E-01 1.93262E-01 2.20737E-01 2.23993E-01
 5.00000E-02 1.65496E-01 1.92917E-01 2.20387E-01 2.23638E-01
 6.00000E-02 1.65122E-01 1.92512E-01 2.19958E-01 2.23205E-01
 7.00000E-02 1.64675E-01 1.92027E-01 2.19452E-01 2.22691E-01
 8.00000E-02 1.64159E-01 1.91467E-01 2.18867E-01 2.22098E-01
 9.00000E-02 1.63574E-01 1.90834E-01 2.18202E-01 2.21428E-01
 1.00000E-01 1.62921E-01 1.90129E-01 2.17459E-01 2.20685E-01
 1.10000E-01 1.62202E-01 1.89348E-01 2.16636E-01 2.19860E-01
 1.20000E-01 1.61417E-01 1.88496E-01 2.15741E-01 2.18960E-01
 1.30000E-01 1.60563E-01 1.87572E-01 2.14767E-01 2.17981E-01
 1.40000E-01 1.59647E-01 1.86577E-01 2.13720E-01 2.16929E-01
 1.50000E-01 1.58664E-01 1.85512E-01 2.12595E-01 2.15800E-01
 1.60000E-01 1.57617E-01 1.84376E-01 2.11396E-01 2.14596E-01
 1.70000E-01 1.56507E-01 1.83169E-01 2.10123E-01 2.13318E-01
 1.80000E-01 1.55334E-01 1.81895E-01 2.08778E-01 2.11967E-01
 1.90000E-01 1.54099E-01 1.80552E-01 2.07360E-01 2.10541E-01
 2.00000E-01 1.52803E-01 1.79141E-01 2.05870E-01 2.09043E-01
 2.10000E-01 1.51446E-01 1.77664E-01 2.04307E-01 2.07475E-01
 2.20000E-01 1.50030E-01 1.76121E-01 2.02675E-01 2.05835E-01
 2.30000E-01 1.48556E-01 1.74513E-01 2.00974E-01 2.04124E-01
 2.40000E-01 1.47024E-01 1.72842E-01 1.99203E-01 2.02345E-01
 2.50000E-01 1.45436E-01 1.71107E-01 1.97364E-01 2.00497E-01
 2.60000E-01 1.43793E-01 1.69312E-01 1.95459E-01 1.98583E-01
 2.70000E-01 1.42096E-01 1.67455E-01 1.93487E-01 1.96601E-01
 2.80000E-01 1.40346E-01 1.65538E-01 1.91451E-01 1.94555E-01
 2.90000E-01 1.38544E-01 1.63564E-01 1.89351E-01 1.92443E-01
 3.00000E-01 1.36691E-01 1.61532E-01 1.87188E-01 1.90269E-01
 3.10000E-01 1.34790E-01 1.59444E-01 1.84964E-01 1.88032E-01
 3.20000E-01 1.32841E-01 1.57301E-01 1.82679E-01 1.85735E-01
 3.30000E-01 1.30846E-01 1.55105E-01 1.80335E-01 1.83378E-01
 3.40000E-01 1.28806E-01 1.52857E-01 1.77933E-01 1.80962E-01
 3.50000E-01 1.26722E-01 1.50559E-01 1.75476E-01 1.78490E-01
 3.60000E-01 1.24597E-01 1.48212E-01 1.72962E-01 1.75962E-01
 3.70000E-01 1.22432E-01 1.45817E-01 1.70395E-01 1.73379E-01
 3.80000E-01 1.20227E-01 1.43377E-01 1.67776E-01 1.70743E-01
 3.90000E-01 1.17986E-01 1.40892E-01 1.65106E-01 1.68056E-01
 4.00000E-01 1.15710E-01 1.38364E-01 1.62386E-01 1.65319E-01
 4.10000E-01 1.13400E-01 1.35795E-01 1.59619E-01 1.62534E-01
 4.20000E-01 1.11059E-01 1.33188E-01 1.56807E-01 1.59702E-01
 4.30000E-01 1.08687E-01 1.30543E-01 1.53949E-01 1.56825E-01
 4.40000E-01 1.12882E-01 1.28810E-01 1.51050E-01 1.53905E-01
 4.50000E-01 1.17918E-01 1.34643E-01 1.50128E-01 1.51858E-01
 4.60000E-01 1.23054E-01 1.40599E-01 1.56864E-01 1.58682E-01
 4.70000E-01 1.28289E-01 1.46677E-01 1.63747E-01 1.65656E-01
 4.80000E-01 1.33622E-01 1.52878E-01 1.70777E-01 1.72780E-01
 4.90000E-01 1.39052E-01 1.59201E-01 1.77954E-01 1.80054E-01
 5.00000E-01 1.44578E-01 1.65644E-01 1.85278E-01 1.87478E-01
 5.10000E-01 1.50200E-01 1.72208E-01 1.92748E-01 1.95052E-01
 5.20000E-01 1.55916E-01 1.78892E-01 2.00366E-01 2.02776E-01
 5.30000E-01 1.61726E-01 1.85695E-01 2.08130E-01 2.10649E-01
 5.40000E-01 1.67628E-01 1.92617E-01 2.16041E-01 2.18673E-01
 5.50000E-01 1.73622E-01 1.99658E-01 2.24098E-01 2.26847E-01
 5.60000E-01 1.79707E-01 2.06816E-01 2.32302E-01 2.35171E-01
 5.70000E-01 1.85881E-01 2.14091E-01 2.40652E-01 2.43645E-01
 5.80000E-01 1.92144E-01 2.21482E-01 2.49148E-01 2.52268E-01
 5.90000E-01 1.98496E-01 2.28989E-01 2.57791E-01 2.61042E-01
 6.00000E-01 2.04934E-01 2.36611E-01 2.66580E-01 2.69966E-01
 6.10000E-01 2.11457E-01 2.44348E-01 2.75515E-01 2.79039E-01
 6.20000E-01 2.18066E-01 2.52199E-01 2.84597E-01 2.88263E-01
 6.30000E-01 2.24759E-01 2.60163E-01 2.93824E-01 2.97636E-01
 6.40000E-01 2.31535E-01 2.68240E-01 3.03197E-01 3.07160E-01
 6.50000E-01 2.38392E-01 2.76428E-01 3.12715E-01 3.16833E-01
 6.60000E-01 2.45330E-01 2.84728E-01 3.22380E-01 3.26657E-01
 6.70000E-01 2.52348E-01 2.93138E-01 3.32190E-01 3.36630E-01
 6.80000E-01 2.59445E-01 3.01658E-01 3.42145E-01 3.46753E-01
 6.90000E-01 2.66619E-01 3.10288E-01 3.52246E-01 3.57027E-01
 7.00000E-01 2.73871E-01 3.19026E-01 3.62493E-01 3.67450E-01
 7.10000E-01 2.81197E-01 3.27871E-01 3.72884E-01 3.78023E-01
 7.20000E-01 2.88599E-01 3.36824E-01 3.83421E-01 3.88746E-01
 7.30000E-01 2.96073E-01 3.45883E-01 3.94103E-01 3.99619E-01
 7.40000E-01 3.03621E-01 3.55048E-01 4.04930E-01 4.10642E-01
 7.50000E-01 3.11239E-01 3.64318E-01 4.15902E-01 4.21815E-01
 7.60000E-01 3.18928E-01 3.73692E-01 4.27018E-01 4.33138E-01
 7.70000E-01 3.26686E-01 3.83169E-01 4.38279E-01 4.44611E-01
 7.80000E-01 3.34512E-01 3.92749E-01 4.49685E-01 4.56234E-01
 7.90000E-01 3.42406E-01 4.02431E-01 4.61235E-01 4.68006E-01
 8.00000E-01 3.50365E-01 4.12214E-01 4.72930E-01 4.79929E-01
 8.10000E-01 3.58389E-01 4.22097E-01 4.84769E-01 4.92002E-01
 8.20000E-01 3.66477E-01 4.32080E-01 4.96752E-01 5.04224E-01
 8.30000E-01 3.74628E-01 4.42162E-01 5.08879E-01 5.16597E-01
 8.40000E-01 3.82840E-01 4.52342E-01 5.21150E-01 5.29119E-01
 8.50000E-01 3.91113E-01 4.62619E-01 5.33565E-01 5.41791E-01
 8.60000E-01 3.99446E-01 4.72993E-01 5.46124E-01 5.54614E-01
 8.70000E-01 4.07836E-01 4.83463E-01 5.58826E-01 5.67586E-01
 8.80000E-01 4.16284E-01 4.94027E-01 5.71672E-01 5.80708E-01
 8.90000E-01 4.24789E-01 5.04685E-01 5.84661E-01 5.93980E-01
 9.00000E-01 4.33348E-01 5.15437E-01 5.97793E-01 6.07402E-01
 9.10000E-01 4.41962E-01 5.26281E-01 6.11069E-01 6.20974E-01
 9.20000E-01 4.50628E-01 5.37217E-01 6.24488E-01 6.34696E-01
 9.30000E-01 4.59347E-01 5.48244E-01 6.38049E-01 6.48568E-01
 9.40000E-01 4.68116E-01 5.59361E-01 6.51754E-01 6.62590E-01
 9.50000E-01 4.76935E-01 5.70567E-01 6.65601E-01 6.76762E-01
 9.60000E-01 4.85803E-01 5.81862E-01 6.79591E-01 6.91083E-01
 9.70000E-01 4.94718E-01 5.93244E-01 6.93723E-01 7.05555E-01
 9.80000E-01 5.03680E-01 6.04713E-01 7.07997E-01 7.20176E-01
 9.90000E-01 5.12687E-01 6.16267E-01 7.22414E-01 7.34947E-01
 1.00000E+00 5.21739E-01 6.27907E-01 7.36973E-01 7.49869E-01
 1.01158E+00 5.32275E-01 6.41490E-01 7.54008E-01 7.67334E-01
 1.02329E+00 5.42990E-01 6.55345E-01 7.71435E-01 7.85206E-01
 1.03514E+00 5.53887E-01 6.69474E-01 7.89260E-01 8.03495E-01
 1.04713E+00 5.64966E-01 6.83883E-01 8.07495E-01 8.22209E-01
 1.05925E+00 5.76230E-01 6.98576E-01 8.26147E-01 8.41359E-01
 1.07152E+00 5.87680E-01 7.13558E-01 8.45226E-01 8.60955E-01
 1.08393E+00 5.99318E-01 7.28833E-01 8.64742E-01 8.81007E-01
 1.09648E+00 6.11145E-01 7.44406E-01 8.84704E-01 9.01527E-01
 1.10917E+00 6.23163E-01 7.60280E-01 9.05123E-01 9.22524E-01
 1.12202E+00 6.35372E-01 7.76462E-01 9.26009E-01 9.44011E-01
 1.13501E+00 6.47775E-01 7.92954E-01 9.47372E-01 9.65997E-01
 1.14815E+00 6.60373E-01 8.09763E-01 9.69223E-01 9.88496E-01
 1.16145E+00 6.73166E-01 8.26892E-01 9.91573E-01 1.01152E+00
 1.17490E+00 6.86157E-01 8.44345E-01 1.01443E+00 1.03508E+00
 1.18850E+00 6.99345E-01 8.62129E-01 1.03781E+00 1.05919E+00
 1.20226E+00 7.12732E-01 8.80246E-01 1.06173E+00 1.08385E+00
 1.21619E+00 7.26319E-01 8.98702E-01 1.08619E+00 1.10910E+00
 1.23027E+00 7.40107E-01 9.17502E-01 1.11121E+00 1.13493E+00
 1.24451E+00 7.54096E-01 9.36649E-01 1.13679E+00 1.16136E+00
 1.25893E+00 7.68288E-01 9.56148E-01 1.16296E+00 1.18841E+00
 1.27350E+00 7.82682E-01 9.76005E-01 1.18972E+00 1.21609E+00
 1.28825E+00 7.97279E-01 9.96222E-01 1.21709E+00 1.24441E+00
 1.30317E+00 8.12080E-01 1.01681E+00 1.24509E+00 1.27339E+00
 1.31826E+00 8.27084E-01 1.03776E+00 1.27372E+00 1.30305E+00
 1.33352E+00 8.42293E-01 1.05909E+00 1.30299E+00 1.33340E+00
 1.34896E+00 8.57705E-01 1.08079E+00 1.33294E+00 1.36445E+00
 1.36458E+00 8.73322E-01 1.10288E+00 1.36356E+00 1.39623E+00
 1.38038E+00 8.89143E-01 1.12536E+00 1.39487E+00 1.42875E+00
 1.39637E+00 9.05167E-01 1.14823E+00 1.42689E+00 1.46202E+00
 1.41254E+00 9.21394E-01 1.17149E+00 1.45964E+00 1.49607E+00
 1.42889E+00 9.37824E-01 1.19516E+00 1.49313E+00 1.53092E+00
 1.44544E+00 9.54456E-01 1.21923E+00 1.52737E+00 1.56657E+00
 1.46218E+00 9.71290E-01 1.24370E+00 1.56238E+00 1.60305E+00
 1.47911E+00 9.88324E-01 1.26859E+00 1.59819E+00 1.64039E+00
 1.49624E+00 1.00556E+00 1.29389E+00 1.63480E+00 1.67859E+00
 1.51356E+00 1.02299E+00 1.31961E+00 1.67224E+00 1.71768E+00
 1.53109E+00 1.04062E+00 1.34575E+00 1.71052E+00 1.75769E+00
 1.54882E+00 1.05844E+00 1.37232E+00 1.74965E+00 1.79862E+00
 1.56675E+00 1.07646E+00 1.39931E+00 1.78967E+00 1.84051E+00
 1.58489E+00 1.09468E+00 1.42674E+00 1.83059E+00 1.88337E+00
 1.60325E+00 1.11308E+00 1.45460E+00 1.87242E+00 1.92723E+00
 1.62181E+00 1.13167E+00 1.48290E+00 1.91519E+00 1.97211E+00
 1.64059E+00 1.15045E+00 1.51164E+00 1.95892E+00 2.01804E+00
 1.65959E+00 1.16941E+00 1.54082E+00 2.00363E+00 2.06504E+00
 1.67880E+00 1.18856E+00 1.57045E+00 2.04933E+00 2.11313E+00
 1.69824E+00 1.20788E+00 1.60052E+00 2.09606E+00 2.16234E+00
 1.71791E+00 1.22739E+00 1.63105E+00 2.14382E+00 2.21270E+00
 1.73780E+00 1.24706E+00 1.66202E+00 2.19265E+00 2.26422E+00
 1.75792E+00 1.26691E+00 1.69345E+00 2.24257E+00 2.31695E+00
 1.77828E+00 1.28692E+00 1.72534E+00 2.29359E+00 2.37091E+00
 1.79887E+00 1.30711E+00 1.75768E+00 2.34575E+00 2.42612E+00
 1.81970E+00 1.32745E+00 1.79047E+00 2.39907E+00 2.48262E+00
 1.84077E+00 1.34795E+00 1.82373E+00 2.45356E+00 2.54043E+00
 1.86209E+00 1.36860E+00 1.85744E+00 2.50927E+00 2.59959E+00
 1.88365E+00 1.38941E+00 1.89161E+00 2.56620E+00 2.66013E+00
 1.90546E+00 1.41036E+00 1.92624E+00 2.62439E+00 2.72207E+00
 1.92752E+00 1.43146E+00 1.96133E+00 2.68386E+00 2.78546E+00
 1.94984E+00 1.45269E+00 1.99688E+00 2.74464E+00 2.85032E+00
 1.97242E+00 1.47406E+00 2.03289E+00 2.80676E+00 2.91670E+00
 1.99526E+00 1.49556E+00 2.06935E+00 2.87025E+00 2.98461E+00
 2.01837E+00 1.51718E+00 2.10628E+00 2.93512E+00 3.05411E+00
 2.04174E+00 1.53892E+00 2.14365E+00 3.00142E+00 3.12523E+00
 2.06538E+00 1.56078E+00 2.18148E+00 3.06916E+00 3.19800E+00
 2.08930E+00 1.58275E+00 2.21976E+00 3.13838E+00 3.27247E+00
 2.11349E+00 1.60483E+00 2.25849E+00 3.20912E+00 3.34867E+00
 2.13796E+00 1.62700E+00 2.29767E+00 3.28139E+00 3.42664E+00
 2.16272E+00 1.64928E+00 2.33729E+00 3.35523E+00 3.50643E+00
 2.18776E+00 1.67164E+00 2.37735E+00 3.43068E+00 3.58808E+00
 2.21309E+00 1.69408E+00 2.41785E+00 3.50776E+00 3.67163E+00
 2.23872E+00 1.71661E+00 2.45878E+00 3.58650E+00 3.75712E+00
 2.26464E+00 1.73921E+00 2.50014E+00 3.66695E+00 3.84460E+00
 2.29087E+00 1.76188E+00 2.54193E+00 3.74913E+00 3.93411E+00
 2.31739E+00 1.78461E+00 2.58414E+00 3.83307E+00 4.02571E+00
 2.34423E+00 1.80739E+00 2.62676E+00 3.91882E+00 4.11945E+00
 2.37137E+00 1.83023E+00 2.66980E+00 4.00641E+00 4.21536E+00
 2.39883E+00 1.85311E+00 2.71324E+00 4.09587E+00 4.31351E+00
 2.42661E+00 1.87603E+00 2.75708E+00 4.18724E+00 4.41394E+00
 2.45471E+00 1.89898E+00 2.80131E+00 4.28056E+00 4.51670E+00
 2.48313E+00 1.92196E+00 2.84593E+00 4.37586E+00 4.62186E+00
 2.51189E+00 1.94496E+00 2.89092E+00 4.47318E+00 4.72947E+00
 2.54097E+00 1.96798E+00 2.93629E+00 4.57256E+00 4.83958E+00
 2.57040E+00 1.99100E+00 2.98203E+00 4.67404E+00 4.95225E+00
 2.60016E+00 2.01403E+00 3.02812E+00 4.77766E+00 5.06755E+00
 2.63027E+00 2.03705E+00 3.07455E+00 4.88346E+00 5.18552E+00
 2.66073E+00 2.06006E+00 3.12133E+00 4.99147E+00 5.30625E+00
 2.69153E+00 2.08306E+00 3.16844E+00 5.10175E+00 5.42978E+00
 2.72270E+00 2.10603E+00 3.21587E+00 5.21432E+00 5.55618E+00
 2.75423E+00 2.12898E+00 3.26362E+00 5.32924E+00 5.68553E+00
 2.78612E+00 2.15189E+00 3.31167E+00 5.44654E+00 5.81788E+00
 2.81838E+00 2.17476E+00 3.36001E+00 5.56628E+00 5.95332E+00
 2.85102E+00 2.19759E+00 3.40863E+00 5.68848E+00 6.09191E+00
 2.88403E+00 2.22036E+00 3.45752E+00 5.81321E+00 6.23372E+00
 2.91743E+00 2.24308E+00 3.50668E+00 5.94049E+00 6.37882E+00
 2.95121E+00 2.26573E+00 3.55609E+00 6.07037E+00 6.52731E+00
 2.98538E+00 2.28831E+00 3.60573E+00 6.20291E+00 6.67925E+00
 3.01995E+00 2.31082E+00 3.65561E+00 6.33815E+00 6.83472E+00
 3.05492E+00 2.33325E+00 3.70570E+00 6.47612E+00 6.99381E+00
 3.09030E+00 2.35559E+00 3.75599E+00 6.61689E+00 7.15660E+00
 3.12608E+00 2.37785E+00 3.80648E+00 6.76049E+00 7.32318E+00
 3.16228E+00 2.40000E+00 3.85714E+00 6.90698E+00 7.49363E+00
 3.19890E+00 2.42205E+00 3.90798E+00 7.05639E+00 7.66804E+00
 3.23594E+00 2.44400E+00 3.95896E+00 7.20879E+00 7.84652E+00
 3.27341E+00 2.46583E+00 4.01009E+00 7.36421E+00 8.02914E+00
 3.31131E+00 2.48755E+00 4.06135E+00 7.52271E+00 8.21601E+00
 3.34965E+00 2.50915E+00 4.11272E+00 7.68434E+00 8.40722E+00
 3.38844E+00 2.53062E+00 4.16419E+00 7.84914E+00 8.60288E+00
 3.42768E+00 2.55196E+00 4.21575E+00 8.01716E+00 8.80309E+00
 3.46737E+00 2.57316E+00 4.26739E+00 8.18846E+00 9.00796E+00
 3.50752E+00 2.59422E+00 4.31909E+00 8.36308E+00 9.21759E+00
 3.54813E+00 2.61514E+00 4.37083E+00 8.54108E+00 9.43209E+00
 3.58922E+00 2.63592E+00 4.42261E+00 8.72250E+00 9.65158E+00
 3.63078E+00 2.65654E+00 4.47441E+00 8.90739E+00 9.87617E+00
 3.67282E+00 2.67701E+00 4.52622E+00 9.09581E+00 1.01060E+01
 3.71535E+00 2.69731E+00 4.57802E+00 9.28780E+00 1.03411E+01
 3.75837E+00 2.71746E+00 4.62980E+00 9.48342E+00 1.05818E+01
 3.80189E+00 2.73744E+00 4.68155E+00 9.68271E+00 1.08280E+01
 3.84592E+00 2.75725E+00 4.73324E+00 9.88573E+00 1.10799E+01
 3.89045E+00 2.77689E+00 4.78488E+00 1.00925E+01 1.13377E+01
 3.93550E+00 2.79635E+00 4.83644E+00 1.03031E+01 1.16015E+01
 3.98107E+00 2.81564E+00 4.88791E+00 1.05176E+01 1.18714E+01
 4.02717E+00 2.83474E+00 4.93928E+00 1.07361E+01 1.21476E+01
 4.07380E+00 2.85366E+00 4.99054E+00 1.09584E+01 1.24302E+01
 4.12098E+00 2.87240E+00 5.04166E+00 1.11849E+01 1.27194E+01
 4.16869E+00 2.89095E+00 5.09265E+00 1.14154E+01 1.30152E+01
 4.21697E+00 2.90931E+00 5.14348E+00 1.16500E+01 1.33180E+01
 4.26580E+00 2.92748E+00 5.19414E+00 1.18887E+01 1.36278E+01
 4.31519E+00 2.94546E+00 5.24463E+00 1.21317E+01 1.39448E+01
 4.36516E+00 2.96324E+00 5.29492E+00 1.23790E+01 1.42691E+01
 4.41570E+00 2.98083E+00 5.34500E+00 1.26305E+01 1.46010E+01
 4.46684E+00 2.99822E+00 5.39488E+00 1.28864E+01 1.49406E+01
 4.51856E+00 3.01541E+00 5.44452E+00 1.31467E+01 1.52881E+01
 4.57088E+00 3.03240E+00 5.49392E+00 1.34115E+01 1.56436E+01
 4.62381E+00 3.04919E+00 5.54308E+00 1.36807E+01 1.60074E+01
 4.67735E+00 3.06578E+00 5.59197E+00 1.39545E+01 1.63797E+01
 4.73151E+00 3.08216E+00 5.64059E+00 1.42328E+01 1.67606E+01
 4.78630E+00 3.09835E+00 5.68893E+00 1.45157E+01 1.71503E+01
 4.84172E+00 3.11433E+00 5.73697E+00 1.48032E+01 1.75491E+01
 4.89779E+00 3.13010E+00 5.78471E+00 1.50955E+01 1.79571E+01
 4.95450E+00 3.14568E+00 5.83214E+00 1.53924E+01 1.83746E+01
 5.01187E+00 3.16104E+00 5.87924E+00 1.56941E+01 1.88018E+01
 5.06991E+00 3.17621E+00 5.92602E+00 1.60006E+01 1.92390E+01
 5.12861E+00 3.19117E+00 5.97245E+00 1.63119E+01 1.96862E+01
 5.18800E+00 3.20592E+00 6.01854E+00 1.66280E+01 2.01438E+01
 5.24807E+00 3.22048E+00 6.06426E+00 1.69490E+01 2.06121E+01
 5.30884E+00 3.23483E+00 6.10963E+00 1.72749E+01 2.10912E+01
 5.37032E+00 3.24897E+00 6.15462E+00 1.76058E+01 2.15814E+01
 5.43250E+00 3.26292E+00 6.19923E+00 1.79415E+01 2.20830E+01
 5.49541E+00 3.27666E+00 6.24346E+00 1.82823E+01 2.25962E+01
 5.55904E+00 3.29021E+00 6.28729E+00 1.86280E+01 2.31213E+01
 5.62341E+00 3.30355E+00 6.33073E+00 1.89787E+01 2.36586E+01
 5.68853E+00 3.31670E+00 6.37376E+00 1.93344E+01 2.42083E+01
 5.75440E+00 3.32964E+00 6.41638E+00 1.96952E+01 2.47708E+01
 5.82103E+00 3.34239E+00 6.45858E+00 2.00610E+01 2.53464E+01
 5.88844E+00 3.35495E+00 6.50037E+00 2.04319E+01 2.59352E+01
 5.95662E+00 3.36731E+00 6.54172E+00 2.08077E+01 2.65377E+01
 6.02560E+00 3.37948E+00 6.58265E+00 2.11887E+01 2.71542E+01
 6.09537E+00 3.39145E+00 6.62314E+00 2.15747E+01 2.77849E+01
 6.16595E+00 3.40324E+00 6.66320E+00 2.19657E+01 2.84303E+01
 6.23735E+00 3.41483E+00 6.70282E+00 2.23618E+01 2.90906E+01
 6.30957E+00 3.42624E+00 6.74199E+00 2.27629E+01 2.97662E+01
 6.38263E+00 3.43747E+00 6.78071E+00 2.31690E+01 3.04574E+01
 6.45654E+00 3.44851E+00 6.81899E+00 2.35802E+01 3.11646E+01
 6.53131E+00 3.45936E+00 6.85681E+00 2.39963E+01 3.18882E+01
 6.60693E+00 3.47004E+00 6.89418E+00 2.44174E+01 3.26286E+01
 6.68344E+00 3.48054E+00 6.93109E+00 2.48434E+01 3.33861E+01
 6.76083E+00 3.49086E+00 6.96755E+00 2.52743E+01 3.41611E+01
 6.83912E+00 3.50100E+00 7.00356E+00 2.57102E+01 3.49540E+01
 6.91831E+00 3.51097E+00 7.03910E+00 2.61508E+01 3.57653E+01
 6.99842E+00 3.52077E+00 7.07418E+00 2.65963E+01 3.65953E+01
 7.07946E+00 3.53040E+00 7.10881E+00 2.70466E+01 3.74445E+01
 7.16143E+00 3.53986E+00 7.14297E+00 2.75016E+01 3.83134E+01
 7.24436E+00 3.54915E+00 7.17668E+00 2.79612E+01 3.92023E+01
 7.32825E+00 3.55828E+00 7.20993E+00 2.84255E+01 4.01118E+01
 7.41310E+00 3.56725E+00 7.24272E+00 2.88944E+01 4.10423E+01
 7.49894E+00 3.57605E+00 7.27506E+00 2.93678E+01 4.19943E+01
 7.58578E+00 3.58470E+00 7.30693E+00 2.98456E+01 4.29682E+01
 7.67361E+00 3.59319E+00 7.33836E+00 3.03279E+01 4.39647E+01
 7.76247E+00 3.60153E+00 7.36933E+00 3.08144E+01 4.49842E+01
 7.85236E+00 3.60972E+00 7.39985E+00 3.13052E+01 4.60271E+01
 7.94328E+00 3.61775E+00 7.42992E+00 3.18002E+01 4.70942E+01
 8.03526E+00 3.62564E+00 7.45954E+00 3.22992E+01 4.81859E+01
 8.12831E+00 3.63338E+00 7.48872E+00 3.28023E+01 4.93027E+01
 8.22243E+00 3.64097E+00 7.51745E+00 3.33093E+01 5.04454E+01
 8.31764E+00 3.64843E+00 7.54574E+00 3.38201E+01 5.16143E+01
 8.41395E+00 3.65574E+00 7.57360E+00 3.43347E+01 5.28102E+01
 8.51138E+00 3.66292E+00 7.60102E+00 3.48529E+01 5.40337E+01
 8.60994E+00 3.66996E+00 7.62801E+00 3.53746E+01 5.52853E+01
 8.70964E+00 3.67686E+00 7.65457E+00 3.58998E+01 5.65658E+01
 8.81049E+00 3.68364E+00 7.68071E+00 3.64283E+01 5.78758E+01
 8.91251E+00 3.69028E+00 7.70642E+00 3.69601E+01 5.92159E+01
 9.01571E+00 3.69680E+00 7.73172E+00 3.74949E+01 6.05868E+01
 9.12011E+00 3.70319E+00 7.75660E+00 3.80328E+01 6.19893E+01
 9.22571E+00 3.70945E+00 7.78107E+00 3.85735E+01 6.34241E+01
 9.33254E+00 3.71560E+00 7.80513E+00 3.91170E+01 6.48918E+01
 9.44061E+00 3.72162E+00 7.82879E+00 3.96631E+01 6.63933E+01
 9.54993E+00 3.72752E+00 7.85205E+00 4.02117E+01 6.79293E+01
 9.66051E+00 3.73331E+00 7.87492E+00 4.07627E+01 6.95006E+01
 9.77237E+00 3.73899E+00 7.89739E+00 4.13159E+01 7.11080E+01
 9.88553E+00 3.74455E+00 7.91947E+00 4.18713E+01 7.27522E+01
 1.00000E+01 3.75000E+00 7.94118E+00 4.24286E+01 7.44342E+01
 1.01158E+01 3.75534E+00 7.96250E+00 4.29877E+01 7.61548E+01
 1.02329E+01 3.76058E+00 7.98345E+00 4.35486E+01 7.79149E+01
 1.03514E+01 3.76571E+00 8.00403E+00 4.41110E+01 7.97153E+01
 1.04713E+01 3.77074E+00 8.02424E+00 4.46748E+01 8.15570E+01
 1.05925E+01 3.77566E+00 8.04409E+00 4.52399E+01 8.34408E+01
 1.07152E+01 3.78049E+00 8.06359E+00 4.58061E+01 8.53678E+01
 1.08393E+01 3.78522E+00 8.08273E+00 4.63733E+01 8.73389E+01
 1.09648E+01 3.78985E+00 8.10153E+00 4.69413E+01 8.93551E+01
 1.10917E+01 3.79439E+00 8.11998E+00 4.75100E+01 9.14174E+01
 1.12202E+01 3.79883E+00 8.13809E+00 4.80792E+01 9.35269E+01
 1.13501E+01 3.80319E+00 8.15587E+00 4.86487E+01 9.56846E+01
 1.14815E+01 3.80745E+00 8.17332E+00 4.92185E+01 9.78915E+01
 1.16145E+01 3.81163E+00 8.19045E+00 4.97884E+01 1.00149E+02
 1.17490E+01 3.81572E+00 8.20725E+00 5.03582E+01 1.02458E+02
 1.18850E+01 3.81972E+00 8.22374E+00 5.09278E+01 1.04819E+02
 1.20226E+01 3.82365E+00 8.23992E+00 5.14970E+01 1.07235E+02
 1.21619E+01 3.82749E+00 8.25579E+00 5.20657E+01 1.09705E+02
 1.23027E+01 3.83125E+00 8.27136E+00 5.26337E+01 1.12232E+02
 1.24451E+01 3.83493E+00 8.28663E+00 5.32009E+01 1.14816E+02
 1.25893E+01 3.83854E+00 8.30161E+00 5.37670E+01 1.17459E+02
 1.27350E+01 3.84207E+00 8.31630E+00 5.43321E+01 1.20162E+02
 1.28825E+01 3.84552E+00 8.33070E+00 5.48959E+01 1.22927E+02
 1.30317E+01 3.84891E+00 8.34483E+00 5.54583E+01 1.25754E+02
 1.31826E+01 3.85222E+00 8.35868E+00 5.60191E+01 1.28645E+02
 1.33352E+01 3.85546E+00 8.37226E+00 5.65783E+01 1.31602E+02
 1.34896E+01 3.85863E+00 8.38557E+00 5.71356E+01 1.34627E+02
 1.36458E+01 3.86174E+00 8.39862E+00 5.76909E+01 1.37719E+02
 1.38038E+01 3.86478E+00 8.41142E+00 5.82441E+01 1.40882E+02
 1.39637E+01 3.86776E+00 8.42396E+00 5.87951E+01 1.44116E+02
 1.41254E+01 3.87067E+00 8.43625E+00 5.93436E+01 1.47424E+02
 1.42889E+01 3.87352E+00 8.44829E+00 5.98897E+01 1.50806E+02
 1.44544E+01 3.87631E+00 8.46010E+00 6.04332E+01 1.54264E+02
 1.46218E+01 3.87904E+00 8.47167E+00 6.09739E+01 1.57801E+02
 1.47911E+01 3.88171E+00 8.48300E+00 6.15117E+01 1.61417E+02
 1.49624E+01 3.88433E+00 8.49411E+00 6.20465E+01 1.65115E+02
 1.51356E+01 3.88689E+00 8.50499E+00 6.25782E+01 1.68896E+02
 1.53109E+01 3.88939E+00 8.51565E+00 6.31067E+01 1.72762E+02
 1.54882E+01 3.89184E+00 8.52610E+00 6.36318E+01 1.76715E+02
 1.56675E+01 3.89424E+00 8.53633E+00 6.41535E+01 1.80757E+02
 1.58489E+01 3.89658E+00 8.54635E+00 6.46717E+01 1.84889E+02
 1.60325E+01 3.89888E+00 8.55617E+00 6.51862E+01 1.89115E+02
 1.62181E+01 3.90112E+00 8.56578E+00 6.56970E+01 1.93434E+02
 1.64059E+01 3.90332E+00 8.57520E+00 6.62039E+01 1.97851E+02
 1.65959E+01 3.90547E+00 8.58442E+00 6.67069E+01 2.02366E+02
 1.67880E+01 3.90757E+00 8.59346E+00 6.72059E+01 2.06982E+02
 1.69824E+01 3.90963E+00 8.60230E+00 6.77008E+01 2.11702E+02
 1.71791E+01 3.91164E+00 8.61096E+00 6.81916E+01 2.16526E+02
 1.73780E+01 3.91361E+00 8.61944E+00 6.86781E+01 2.21458E+02
 1.75792E+01 3.91553E+00 8.62775E+00 6.91602E+01 2.26499E+02
 1.77828E+01 3.91741E+00 8.63588E+00 6.96380E+01 2.31653E+02
 1.79887E+01 3.91926E+00 8.64384E+00 7.01114E+01 2.36921E+02
 1.81970E+01 3.92106E+00 8.65163E+00 7.05802E+01 2.42306E+02
 1.84077E+01 3.92282E+00 8.65926E+00 7.10444E+01 2.47810E+02
 1.86209E+01 3.92454E+00 8.66673E+00 7.15040E+01 2.53436E+02
 1.88365E+01 3.92623E+00 8.67404E+00 7.19589E+01 2.59186E+02
 1.90546E+01 3.92788E+00 8.68120E+00 7.24092E+01 2.65063E+02
 1.92752E+01 3.92949E+00 8.68821E+00 7.28546E+01 2.71070E+02
 1.94984E+01 3.93107E+00 8.69506E+00 7.32952E+01 2.77209E+02
 1.97242E+01 3.93261E+00 8.70177E+00 7.37310E+01 2.83483E+02
 1.99526E+01 3.93412E+00 8.70834E+00 7.41618E+01 2.89895E+02
 2.01837E+01 3.93560E+00 8.71477E+00 7.45878E+01 2.96447E+02
 2.04174E+01 3.93704E+00 8.72106E+00 7.50088E+01 3.03143E+02
 2.06538E+01 3.93845E+00 8.72722E+00 7.54249E+01 3.09985E+02
 2.08930E+01 3.93983E+00 8.73324E+00 7.58360E+01 3.16977E+02
 2.11349E+01 3.94118E+00 8.73914E+00 7.62420E+01 3.24121E+02
 2.13796E+01 3.94250E+00 8.74491E+00 7.66431E+01 3.31420E+02
 2.16272E+01 3.94379E+00 8.75056E+00 7.70391E+01 3.38878E+02
 2.18776E+01 3.94505E+00 8.75608E+00 7.74301E+01 3.46498E+02
 2.21309E+01 3.94628E+00 8.76148E+00 7.78160E+01 3.54283E+02
 2.23872E+01 3.94749E+00 8.76677E+00 7.81969E+01 3.62237E+02
 2.26464E+01 3.94867E+00 8.77195E+00 7.85727E+01 3.70362E+02
 2.29087E+01 3.94983E+00 8.77701E+00 7.89435E+01 3.78662E+02
 2.31739E+01 3.95095E+00 8.78196E+00 7.93092E+01 3.87141E+02
 2.34423E+01 3.95206E+00 8.78681E+00 7.96699E+01 3.95801E+02
 2.37137E+01 3.95313E+00 8.79155E+00 8.00256E+01 4.04648E+02
 2.39883E+01 3.95419E+00 8.79619E+00 8.03763E+01 4.13683E+02
 2.42661E+01 3.95522E+00 8.80072E+00 8.07219E+01 4.22911E+02
 2.45471E+01 3.95623E+00 8.80516E+00 8.10626E+01 4.32336E+02
 2.48313E+01 3.95721E+00 8.80950E+00 8.13983E+01 4.41962E+02
 2.51189E+01 3.95818E+00 8.81375E+00 8.17291E+01 4.51791E+02
 2.54097E+01 3.95912E+00 8.81790E+00 8.20549E+01 4.61829E+02
 2.57040E+01 3.96004E+00 8.82197E+00 8.23759E+01 4.72078E+02
 2.60016E+01 3.96094E+00 8.82594E+00 8.26920E+01 4.82544E+02
 2.63027E+01 3.96182E+00 8.82983E+00 8.30032E+01 4.93229E+02
 2.66073E+01 3.96268E+00 8.83363E+00 8.33096E+01 5.04139E+02
 2.69153E+01 3.96353E+00 8.83735E+00 8.36112E+01 5.15276E+02
 2.72270E+01 3.96435E+00 8.84098E+00 8.39081E+01 5.26646E+02
 2.75423E+01 3.96515E+00 8.84454E+00 8.42003E+01 5.38253E+02
 2.78612E+01 3.96594E+00 8.84802E+00 8.44878E+01 5.50101E+02
 2.81838E+01 3.96671E+00 8.85142E+00 8.47707E+01 5.62194E+02
 2.85102E+01 3.96746E+00 8.85475E+00 8.50489E+01 5.74537E+02
 2.88403E+01 3.96819E+00 8.85800E+00 8.53226E+01 5.87134E+02
 2.91743E+01 3.96891E+00 8.86119E+00 8.55918E+01 5.99989E+02
 2.95121E+01 3.96962E+00 8.86430E+00 8.58565E+01 6.13108E+02
 2.98538E+01 3.97030E+00 8.86734E+00 8.61167E+01 6.26494E+02
 3.01995E+01 3.97097E+00 8.87032E+00 8.63726E+01 6.40153E+02
 3.05492E+01 3.97163E+00 8.87323E+00 8.66241E+01 6.54088E+02
 3.09030E+01 3.97227E+00 8.87607E+00 8.68713E+01 6.68306E+02
 3.12608E+01 3.97290E+00 8.87886E+00 8.71142E+01 6.82810E+02
 3.16228E+01 3.97351E+00 8.88158E+00 8.73529E+01 6.97605E+02
 3.19890E+01 3.97411E+00 8.88424E+00 8.75875E+01 7.12696E+02
 3.23594E+01 3.97469E+00 8.88684E+00 8.78179E+01 7.28088E+02
 3.27341E+01 3.97527E+00 8.88939E+00 8.80443E+01 7.43786E+02
 3.31131E+01 3.97583E+00 8.89187E+00 8.82666E+01 7.59794E+02
 3.34965E+01 3.97637E+00 8.89431E+00 8.84850E+01 7.76118E+02
 3.38844E+01 3.97691E+00 8.89668E+00 8.86995E+01 7.92763E+02
 3.42768E+01 3.97743E+00 8.89901E+00 8.89100E+01 8.09734E+02
 3.46737E+01 3.97794E+00 8.90128E+00 8.91168E+01 8.27035E+02
 3.50752E+01 3.97844E+00 8.90351E+00 8.93198E+01 8.44671E+02
 3.54813E+01 3.97893E+00 8.90568E+00 8.95190E+01 8.62649E+02
 3.58922E+01 3.97941E+00 8.90780E+00 8.97146E+01 8.80972E+02
 3.63078E+01 3.97987E+00 8.90988E+00 8.99065E+01 8.99646E+02
 3.67282E+01 3.98033E+00 8.91191E+00 9.00949E+01 9.18676E+02
 3.71535E+01 3.98077E+00 8.91390E+00 9.02797E+01 9.38068E+02
 3.75837E+01 3.98121E+00 8.91584E+00 9.04611E+01 9.57825E+02
 3.80189E+01 3.98164E+00 8.91774E+00 9.06391E+01 9.77953E+02
 3.84592E+01 3.98205E+00 8.91959E+00 9.08137E+01 9.98458E+02
 3.89045E+01 3.98246E+00 8.92141E+00 9.09849E+01 1.01934E+03
 3.93550E+01 3.98286E+00 8.92318E+00 9.11529E+01 1.04062E+03
 3.98107E+01 3.98324E+00 8.92492E+00 9.13177E+01 1.06228E+03
 4.02717E+01 3.98362E+00 8.92661E+00 9.14792E+01 1.08434E+03
 4.07380E+01 3.98400E+00 8.92827E+00 9.16377E+01 1.10680E+03
 4.12098E+01 3.98436E+00 8.92989E+00 9.17931E+01 1.12967E+03
 4.16869E+01 3.98471E+00 8.93147E+00 9.19455E+01 1.15295E+03
 4.21697E+01 3.98506E+00 8.93302E+00 9.20948E+01 1.17665E+03
 4.26580E+01 3.98540E+00 8.93453E+00 9.22413E+01 1.20076E+03
 4.31519E+01 3.98573E+00 8.93601E+00 9.23849E+01 1.22530E+03
 4.36516E+01 3.98605E+00 8.93746E+00 9.25256E+01 1.25028E+03
 4.41570E+01 3.98637E+00 8.93887E+00 9.26635E+01 1.27568E+03
 4.46684E+01 3.98668E+00 8.94026E+00 9.27987E+01 1.30153E+03
 4.51856E+01 3.98698E+00 8.94161E+00 9.29312E+01 1.32782E+03
 4.57088E+01 3.98728E+00 8.94293E+00 9.30611E+01 1.35456E+03
 4.62381E+01 3.98757E+00 8.94422E+00 9.31883E+01 1.38175E+03
 4.67735E+01 3.98785E+00 8.94548E+00 9.33130E+01 1.40940E+03
 4.73151E+01 3.98812E+00 8.94672E+00 9.34352E+01 1.43751E+03
 4.78630E+01 3.98839E+00 8.94792E+00 9.35549E+01 1.46608E+03
 4.84172E+01 3.98866E+00 8.94910E+00 9.36722E+01 1.49513E+03
 4.89779E+01 3.98891E+00 8.95025E+00 9.37871E+01 1.52464E+03
 4.95450E+01 3.98917E+00 8.95138E+00 9.38996E+01 1.55463E+03
 5.01187E+01 3.98941E+00 8.95248E+00 9.40099E+01 1.58511E+03
 5.06991E+01 3.98965E+00 8.95356E+00 9.41179E+01 1.61606E+03
 5.12861E+01 3.98989E+00 8.95461E+00 9.42236E+01 1.64750E+03
 5.18800E+01 3.99012E+00 8.95564E+00 9.43272E+01 1.67943E+03
 5.24807E+01 3.99034E+00 8.95664E+00 9.44287E+01 1.71185E+03
 5.30884E+01 3.99056E+00 8.95762E+00 9.45280E+01 1.74477E+03
 5.37032E+01 3.99078E+00 8.95858E+00 9.46253E+01 1.77818E+03
 5.43250E+01 3.99098E+00 8.95952E+00 9.47206E+01 1.81210E+03
 5.49541E+01 3.99119E+00 8.96044E+00 9.48139E+01 1.84651E+03
 5.55904E+01 3.99139E+00 8.96134E+00 9.49052E+01 1.88143E+03
 5.62341E+01 3.99158E+00 8.96221E+00 9.49947E+01 1.91685E+03
 5.68853E+01 3.99178E+00 8.96307E+00 9.50822E+01 1.95278E+03
 5.75440E+01 3.99196E+00 8.96391E+00 9.51680E+01 1.98922E+03
 5.82103E+01 3.99215E+00 8.96472E+00 9.52519E+01 2.02616E+03
 5.88844E+01 3.99232E+00 8.96552E+00 9.53340E+01 2.06362E+03
 5.95662E+01 3.99250E+00 8.96631E+00 9.54145E+01 2.10158E+03
 6.02560E+01 3.99267E+00 8.96707E+00 9.54932E+01 2.14006E+03
 6.09537E+01 3.99284E+00 8.96782E+00 9.55703E+01 2.17904E+03
 6.16595E+01 3.99300E+00 8.96855E+00 9.56457E+01 2.21854E+03
 6.23735E+01 3.99316E+00 8.96926E+00 9.57195E+01 2.25854E+03
 6.30957E+01 3.99331E+00 8.96996E+00 9.57918E+01 2.29905E+03
 6.38263E+01 3.99346E+00 8.97064E+00 9.58625E+01 2.34007E+03
 6.45654E+01 3.99361E+00 8.97131E+00 9.59317E+01 2.38160E+03
 6.53131E+01 3.99376E+00 8.97196E+00 9.59994E+01 2.42362E+03
 6.60693E+01 3.99390E+00 8.97259E+00 9.60657E+01 2.46615E+03
 6.68344E+01 3.99404E+00 8.97322E+00 9.61305E+01 2.50918E+03
 6.76083E+01 3.99417E+00 8.97382E+00 9.61940E+01 2.55271E+03
 6.83912E+01 3.99431E+00 8.97442E+00 9.62561E+01 2.59673E+03
 6.91831E+01 3.99444E+00 8.97500E+00 9.63169E+01 2.64124E+03
 6.99842E+01 3.99456E+00 8.97557E+00 9.63763E+01 2.68623E+03
 7.07946E+01 3.99469E+00 8.97612E+00 9.64345E+01 2.73171E+03
 7.16143E+01 3.99481E+00 8.97666E+00 9.64914E+01 2.77766E+03
 7.24436E+01 3.99493E+00 8.97719E+00 9.65471E+01 2.82409E+03
 7.32825E+01 3.99504E+00 8.97771E+00 9.66016E+01 2.87098E+03
 7.41310E+01 3.99515E+00 8.97822E+00 9.66549E+01 2.91834E+03
 7.49894E+01 3.99526E+00 8.97871E+00 9.67070E+01 2.96615E+03
 7.58578E+01 3.99537E+00 8.97919E+00 9.67581E+01 3.01441E+03
 7.67361E+01 3.99548E+00 8.97967E+00 9.68080E+01 3.06311E+03
 7.76247E+01 3.99558E+00 8.98013E+00 9.68568E+01 3.11226E+03
 7.85236E+01 3.99568E+00 8.98058E+00 9.69045E+01 3.16183E+03
 7.94328E+01 3.99578E+00 8.98102E+00 9.69512E+01 3.21182E+03
 8.03526E+01 3.99587E+00 8.98145E+00 9.69969E+01 3.26222E+03
 8.12831E+01 3.99597E+00 8.98187E+00 9.70416E+01 3.31303E+03
 8.22243E+01 3.99606E+00 8.98229E+00 9.70853E+01 3.36424E+03
 8.31764E+01 3.99615E+00 8.98269E+00 9.71281E+01 3.41583E+03
 8.41395E+01 3.99624E+00 8.98308E+00 9.71699E+01 3.46780E+03
 8.51138E+01 3.99632E+00 8.98347E+00 9.72108E+01 3.52014E+03
 8.60994E+01 3.99641E+00 8.98384E+00 9.72508E+01 3.57284E+03
 8.70964E+01 3.99649E+00 8.98421E+00 9.72900E+01 3.62588E+03
 8.81049E+01 3.99657E+00 8.98457E+00 9.73282E+01 3.67926E+03
 8.91251E+01 3.99665E+00 8.98492E+00 9.73657E+01 3.73297E+03
 9.01571E+01 3.99672E+00 8.98526E+00 9.74023E+01 3.78699E+03
 9.12011E+01 3.99680E+00 8.98560E+00 9.74380E+01 3.84131E+03
 9.22571E+01 3.99687E+00 8.98592E+00 9.74731E+01 3.89592E+03
 9.33254E+01 3.99694E+00 8.98624E+00 9.75073E+01 3.95081E+03
 9.44061E+01 3.99701E+00 8.98656E+00 9.75408E+01 4.00597E+03
 9.54993E+01 3.99708E+00 8.98686E+00 9.75735E+01 4.06138E+03
 9.66051E+01 3.99714E+00 8.98716E+00 9.76055E+01 4.11703E+03
 9.77237E+01 3.99721E+00 8.98745E+00 9.76368E+01 4.17291E+03
 9.88553E+01 3.99727E+00 8.98774E+00 9.76674E+01 4.22900E+03
 1.00000E+02 3.99734E+00 8.98802E+00 9.76974E+01 4.28529E+03
