 1.00000E-02 3.39362E-02 5.47890E-02 8.49255E-02 8.93696E-02
 2.00000E-02 3.39900E-02 5.48085E-02 8.49291E-02 8.93697E-02
 3.00000E-02 3.40238E-02 5.48414E-02 8.49356E-02 8.93703E-02
 4.00000E-02 3.40792E-02 5.48887E-02 8.49526E-02 8.93772E-02
 5.00000E-02 3.41487E-02 5.49526E-02 8.49735E-02 8.93889E-02
 6.00000E-02 3.42377E-02 5.50372E-02 8.50063E-02 8.94104E-02
 7.00000E-02 3.43521E-02 5.51487E-02 8.50615E-02 8.94527E-02
 8.00000E-02 3.44956E-02 5.52953E-02 8.51520E-02 8.95292E-02
 9.00000E-02 3.46755E-02 5.54869E-02 8.52928E-02 8.96568E-02
 1.00000E-01 3.49002E-02 5.57359E-02 8.55012E-02 8.98538E-02
 1.10000E-01 3.51779E-02 5.60551E-02 8.57955E-02 9.01383E-02
 1.20000E-01 3.55183E-02 5.64584E-02 8.61977E-02 9.05328E-02
 1.30000E-01 3.59307E-02 5.69599E-02 8.67266E-02 9.10587E-02
 1.40000E-01 3.64254E-02 5.75745E-02 8.74042E-02 9.17388E-02
 1.50000E-01 3.70114E-02 5.83161E-02 8.82509E-02 9.25940E-02
 1.60000E-01 3.76982E-02 5.91986E-02 8.92881E-02 9.36467E-02
 1.70000E-01 3.84942E-02 6.02354E-02 9.05350E-02 9.49170E-02
 1.80000E-01 3.94072E-02 6.14385E-02 9.20094E-02 9.64244E-02
 1.90000E-01 4.04436E-02 6.28179E-02 9.37272E-02 9.81856E-02
 2.00000E-01 4.16087E-02 6.43822E-02 9.57024E-02 1.00215E-01
 2.10000E-01 4.29064E-02 6.61376E-02 9.79448E-02 1.02523E-01
 2.20000E-01 4.43393E-02 6.80887E-02 1.00462E-01 1.05119E-01
 2.30000E-01 4.59084E-02 7.02373E-02 1.03257E-01 1.08006E-01
 2.40000E-01 4.76142E-02 7.25838E-02 1.06332E-01 1.11186E-01
 2.50000E-01 4.94557E-02 7.51266E-02 1.09683E-01 1.14655E-01
 2.60000E-01 5.14314E-02 7.78629E-02 1.13305E-01 1.18409E-01
 2.70000E-01 5.35393E-02 8.07887E-02 1.17191E-01 1.22441E-01
 2.80000E-01 5.57772E-02 8.38995E-02 1.21333E-01 1.26740E-01
 2.90000E-01 5.81426E-02 8.71902E-02 1.25721E-01 1.31297E-01
 3.00000E-01 6.06330E-02 9.06554E-02 1.30343E-01 1.36099E-01
 3.10000E-01 6.32458E-02 9.42900E-02 1.35188E-01 1.41134E-01
 3.20000E-01 6.59788E-02 9.80886E-02 1.40245E-01 1.46389E-01
 3.30000E-01 6.88298E-02 1.02046E-01 1.45502E-01 1.51852E-01
 3.40000E-01 7.17966E-02 1.06158E-01 1.50949E-01 1.57510E-01
 3.50000E-01 7.48776E-02 1.10420E-01 1.56574E-01 1.63351E-01
 3.60000E-01 7.80709E-02 1.14827E-01 1.62368E-01 1.69364E-01
 3.70000E-01 8.13751E-02 1.19375E-01 1.68321E-01 1.75536E-01
 3.80000E-01 8.47888E-02 1.24062E-01 1.74424E-01 1.81858E-01
 3.90000E-01 8.83108E-02 1.28884E-01 1.80668E-01 1.88319E-01
 4.00000E-01 9.19399E-02 1.33837E-01 1.87046E-01 1.94909E-01
 4.10000E-01 9.56753E-02 1.38918E-01 1.93550E-01 2.01620E-01
 4.20000E-01 9.95160E-02 1.44126E-01 2.00173E-01 2.08444E-01
 4.30000E-01 1.03461E-01 1.49457E-01 2.06910E-01 2.15372E-01
 4.40000E-01 1.07510E-01 1.54910E-01 2.13754E-01 2.22399E-01
 4.50000E-01 1.11662E-01 1.60481E-01 2.20701E-01 2.29517E-01
 4.60000E-01 1.15916E-01 1.66170E-01 2.27745E-01 2.36721E-01
 4.70000E-01 1.20272E-01 1.71973E-01 2.34882E-01 2.44007E-01
 4.80000E-01 1.24672E-01 1.77890E-01 2.42109E-01 2.51369E-01
 4.90000E-01 1.29072E-01 1.83918E-01 2.49422E-01 2.58805E-01
 5.00000E-01 1.33470E-01 1.90056E-01 2.56817E-01 2.66310E-01
 5.10000E-01 1.37861E-01 1.96290E-01 2.64293E-01 2.73882E-01
 5.20000E-01 1.42243E-01 2.02529E-01 2.71846E-01 2.81519E-01
 5.30000E-01 1.46611E-01 2.08749E-01 2.79475E-01 2.89219E-01
 5.40000E-01 1.50965E-01 2.14948E-01 2.87178E-01 2.96981E-01
 5.50000E-01 1.55299E-01 2.21120E-01 2.94954E-01 3.04805E-01
 5.60000E-01 1.59614E-01 2.27262E-01 3.02801E-01 3.12690E-01
 5.70000E-01 1.63904E-01 2.33372E-01 3.10718E-01 3.20637E-01
 5.80000E-01 1.68170E-01 2.39445E-01 3.18706E-01 3.28645E-01
 5.90000E-01 1.72408E-01 2.45479E-01 3.26732E-01 3.36716E-01
 6.00000E-01 1.76616E-01 2.51471E-01 3.34707E-01 3.44851E-01
 6.10000E-01 1.80793E-01 2.57418E-01 3.42624E-01 3.53005E-01
 6.20000E-01 1.84937E-01 2.63319E-01 3.50477E-01 3.62514E-01
 6.30000E-01 1.89047E-01 2.69170E-01 3.58266E-01 3.72230E-01
 6.40000E-01 1.93121E-01 2.74971E-01 3.65986E-01 3.82026E-01
 6.50000E-01 1.97158E-01 2.80719E-01 3.73637E-01 3.91901E-01
 6.60000E-01 2.01157E-01 2.86412E-01 3.81215E-01 4.01855E-01
 6.70000E-01 2.05116E-01 2.92050E-01 3.88718E-01 4.11885E-01
 6.80000E-01 2.09035E-01 2.97630E-01 3.96146E-01 4.21991E-01
 6.90000E-01 2.12914E-01 3.03152E-01 4.03496E-01 4.32172E-01
 7.00000E-01 2.16750E-01 3.08615E-01 4.10767E-01 4.42426E-01
 7.10000E-01 2.20544E-01 3.14017E-01 4.17957E-01 4.52752E-01
 7.20000E-01 2.24296E-01 3.19358E-01 4.25066E-01 4.63150E-01
 7.30000E-01 2.28003E-01 3.24638E-01 4.32093E-01 4.73618E-01
 7.40000E-01 2.31667E-01 3.29855E-01 4.39036E-01 4.84155E-01
 7.50000E-01 2.35287E-01 3.35009E-01 4.45896E-01 4.94761E-01
 7.60000E-01 2.38863E-01 3.40099E-01 4.52672E-01 5.05434E-01
 7.70000E-01 2.42393E-01 3.45127E-01 4.59363E-01 5.16173E-01
 7.80000E-01 2.45879E-01 3.50090E-01 4.65970E-01 5.26977E-01
 7.90000E-01 2.49321E-01 3.54990E-01 4.72491E-01 5.37845E-01
 8.00000E-01 2.52717E-01 3.59826E-01 4.78928E-01 5.48777E-01
 8.10000E-01 2.56068E-01 3.64597E-01 4.85279E-01 5.59772E-01
 8.20000E-01 2.59375E-01 3.69306E-01 4.91546E-01 5.70828E-01
 8.30000E-01 2.62637E-01 3.73950E-01 4.97728E-01 5.81944E-01
 8.40000E-01 2.65855E-01 3.78531E-01 5.03825E-01 5.93121E-01
 8.50000E-01 2.69028E-01 3.83049E-01 5.09838E-01 6.04357E-01
 8.60000E-01 2.72157E-01 3.87504E-01 5.15768E-01 6.15651E-01
 8.70000E-01 2.75242E-01 3.91897E-01 5.21615E-01 6.27002E-01
 8.80000E-01 2.78283E-01 3.96227E-01 5.27378E-01 6.38411E-01
 8.90000E-01 2.81281E-01 4.00496E-01 5.33060E-01 6.49875E-01
 9.00000E-01 2.84236E-01 4.04703E-01 5.42538E-01 6.61394E-01
 9.10000E-01 2.87149E-01 4.08850E-01 5.52705E-01 6.72967E-01
 9.20000E-01 2.90019E-01 4.12937E-01 5.62936E-01 6.84594E-01
 9.30000E-01 2.92847E-01 4.16964E-01 5.73231E-01 6.96274E-01
 9.40000E-01 2.95634E-01 4.20931E-01 5.83590E-01 7.08007E-01
 9.50000E-01 2.98379E-01 4.24841E-01 5.94012E-01 7.19791E-01
 9.60000E-01 3.01084E-01 4.28692E-01 6.04457E-01 7.31625E-01
 9.70000E-01 3.03749E-01 4.32486E-01 6.14873E-01 7.43510E-01
 9.80000E-01 3.06374E-01 4.36224E-01 6.25258E-01 7.55445E-01
 9.90000E-01 3.08960E-01 4.39906E-01 6.35610E-01 7.67429E-01
 1.00000E+00 3.11507E-01 4.43532E-01 6.45929E-01 7.79460E-01
 1.01158E+00 3.14408E-01 4.47663E-01 6.57835E-01 7.93452E-01
 1.02329E+00 3.17291E-01 4.51768E-01 6.69831E-01 8.07670E-01
 1.03514E+00 3.20156E-01 4.55847E-01 6.81916E-01 8.22118E-01
 1.04713E+00 3.23002E-01 4.59899E-01 6.94088E-01 8.36798E-01
 1.05925E+00 3.25827E-01 4.63922E-01 7.06346E-01 8.51714E-01
 1.07152E+00 3.28633E-01 4.67917E-01 7.18688E-01 8.66870E-01
 1.08393E+00 3.31418E-01 4.71882E-01 7.31112E-01 8.82268E-01
 1.09648E+00 3.34181E-01 4.75817E-01 7.43619E-01 8.97912E-01
 1.10917E+00 3.36923E-01 4.79720E-01 7.56205E-01 9.13805E-01
 1.12202E+00 3.39642E-01 4.83592E-01 7.68870E-01 9.29952E-01
 1.13501E+00 3.42339E-01 4.87431E-01 7.81611E-01 9.46355E-01
 1.14815E+00 3.45012E-01 4.91238E-01 7.94429E-01 9.63018E-01
 1.16145E+00 3.47662E-01 4.95011E-01 8.07320E-01 9.79945E-01
 1.17490E+00 3.50287E-01 4.98749E-01 8.20284E-01 9.97140E-01
 1.18850E+00 3.52889E-01 5.02453E-01 8.33318E-01 1.01461E+00
 1.20226E+00 3.55466E-01 5.06122E-01 8.46422E-01 1.03235E+00
 1.21619E+00 3.58017E-01 5.09755E-01 8.59594E-01 1.05037E+00
 1.23027E+00 3.60543E-01 5.13352E-01 8.72831E-01 1.06867E+00
 1.24451E+00 3.63044E-01 5.16912E-01 8.86133E-01 1.08726E+00
 1.25893E+00 3.65519E-01 5.20436E-01 8.99497E-01 1.10614E+00
 1.27350E+00 3.67967E-01 5.23922E-01 9.12923E-01 1.12532E+00
 1.28825E+00 3.70389E-01 5.27371E-01 9.26407E-01 1.14480E+00
 1.30317E+00 3.72785E-01 5.30782E-01 9.39949E-01 1.16458E+00
 1.31826E+00 3.75154E-01 5.34154E-01 9.53547E-01 1.18467E+00
 1.33352E+00 3.77495E-01 5.37488E-01 9.67198E-01 1.20507E+00
 1.34896E+00 3.79810E-01 5.40784E-01 9.80901E-01 1.22579E+00
 1.36458E+00 3.82097E-01 5.44041E-01 9.94654E-01 1.24684E+00
 1.38038E+00 3.84357E-01 5.47258E-01 1.00845E+00 1.26821E+00
 1.39637E+00 3.86589E-01 5.50437E-01 1.02230E+00 1.28991E+00
 1.41254E+00 3.88794E-01 5.53576E-01 1.03619E+00 1.31195E+00
 1.42889E+00 3.90971E-01 5.56676E-01 1.05012E+00 1.33433E+00
 1.44544E+00 3.93121E-01 5.59736E-01 1.06410E+00 1.35705E+00
 1.46218E+00 3.95242E-01 5.62757E-01 1.07810E+00 1.38013E+00
 1.47911E+00 3.97336E-01 5.65739E-01 1.09215E+00 1.40357E+00
 1.49624E+00 3.99403E-01 5.68681E-01 1.10623E+00 1.42737E+00
 1.51356E+00 4.01441E-01 5.71583E-01 1.12033E+00 1.45154E+00
 1.53109E+00 4.03452E-01 5.74446E-01 1.13447E+00 1.47608E+00
 1.54882E+00 4.05435E-01 5.77269E-01 1.14863E+00 1.50101E+00
 1.56675E+00 4.07390E-01 5.80053E-01 1.16281E+00 1.52632E+00
 1.58489E+00 4.09318E-01 5.82798E-01 1.17702E+00 1.55202E+00
 1.60325E+00 4.11218E-01 5.85504E-01 1.19124E+00 1.57812E+00
 1.62181E+00 4.13091E-01 5.88170E-01 1.20547E+00 1.60462E+00
 1.64059E+00 4.14936E-01 5.90798E-01 1.21972E+00 1.63154E+00
 1.65959E+00 4.16755E-01 5.93387E-01 1.23398E+00 1.65887E+00
 1.67880E+00 4.18546E-01 5.95938E-01 1.24825E+00 1.68663E+00
 1.69824E+00 4.20311E-01 5.98450E-01 1.26252E+00 1.71482E+00
 1.71791E+00 4.22048E-01 6.00924E-01 1.27679E+00 1.74345E+00
 1.73780E+00 4.23759E-01 6.03360E-01 1.29106E+00 1.77250E+00
 1.75792E+00 4.25444E-01 6.05759E-01 1.30532E+00 1.80197E+00
 1.77828E+00 4.27102E-01 6.08120E-01 1.31957E+00 1.83188E+00
 1.79887E+00 4.28734E-01 6.10444E-01 1.33381E+00 1.86223E+00
 1.81970E+00 4.30340E-01 6.12731E-01 1.34804E+00 1.89302E+00
 1.84077E+00 4.31921E-01 6.14981E-01 1.36225E+00 1.92427E+00
 1.86209E+00 4.33476E-01 6.17195E-01 1.37643E+00 1.95599E+00
 1.88365E+00 4.35006E-01 6.19373E-01 1.39060E+00 1.98818E+00
 1.90546E+00 4.36510E-01 6.21515E-01 1.40473E+00 2.02084E+00
 1.92752E+00 4.37990E-01 6.23622E-01 1.41883E+00 2.05400E+00
 1.94984E+00 4.39445E-01 6.25694E-01 1.43289E+00 2.08766E+00
 1.97242E+00 4.40876E-01 6.27731E-01 1.44692E+00 2.12183E+00
 1.99526E+00 4.42282E-01 6.29734E-01 1.46090E+00 2.15652E+00
 2.01837E+00 4.43665E-01 6.31703E-01 1.47483E+00 2.19173E+00
 2.04174E+00 4.45024E-01 6.33638E-01 1.48872E+00 2.22749E+00
 2.06538E+00 4.46360E-01 6.35540E-01 1.50254E+00 2.26379E+00
 2.08930E+00 4.47672E-01 6.37408E-01 1.51632E+00 2.30064E+00
 2.11349E+00 4.48962E-01 6.39245E-01 1.53002E+00 2.33807E+00
 2.13796E+00 4.50229E-01 6.41048E-01 1.54366E+00 2.37607E+00
 2.16272E+00 4.51473E-01 6.42821E-01 1.55724E+00 2.41466E+00
 2.18776E+00 4.52696E-01 6.44561E-01 1.57073E+00 2.45385E+00
 2.21309E+00 4.53897E-01 6.46271E-01 1.58415E+00 2.49364E+00
 2.23872E+00 4.55076E-01 6.47950E-01 1.59749E+00 2.53406E+00
 2.26464E+00 4.56234E-01 6.49598E-01 1.61073E+00 2.57512E+00
 2.29087E+00 4.57371E-01 6.51217E-01 1.62389E+00 2.61681E+00
 2.31739E+00 4.58487E-01 6.52806E-01 1.63696E+00 2.65916E+00
 2.34423E+00 4.59582E-01 6.54366E-01 1.64992E+00 2.70218E+00
 2.37137E+00 4.60658E-01 6.55898E-01 1.66278E+00 2.74588E+00
 2.39883E+00 4.61714E-01 6.57401E-01 1.67554E+00 2.79026E+00
 2.42661E+00 4.62750E-01 6.58876E-01 1.68818E+00 2.83535E+00
 2.45471E+00 4.63766E-01 6.60323E-01 1.70071E+00 2.88116E+00
 2.48313E+00 4.64764E-01 6.61744E-01 1.71311E+00 2.92769E+00
 2.51189E+00 4.65743E-01 6.63138E-01 1.72540E+00 2.97497E+00
 2.54097E+00 4.66703E-01 6.64505E-01 1.73755E+00 3.02300E+00
 2.57040E+00 4.67645E-01 6.65846E-01 1.74958E+00 3.07179E+00
 2.60016E+00 4.68569E-01 6.67162E-01 1.76146E+00 3.12137E+00
 2.63027E+00 4.69476E-01 6.68453E-01 1.77321E+00 3.17174E+00
 2.66073E+00 4.70365E-01 6.69718E-01 1.78481E+00 3.22291E+00
 2.69153E+00 4.71236E-01 6.70960E-01 1.79627E+00 3.27491E+00
 2.72270E+00 4.72091E-01 6.72177E-01 1.80757E+00 3.32774E+00
 2.75423E+00 4.72930E-01 6.73371E-01 1.81871E+00 3.38143E+00
 2.78612E+00 4.73752E-01 6.74541E-01 1.82970E+00 3.43597E+00
 2.81838E+00 4.74558E-01 6.75689E-01 1.84052E+00 3.49140E+00
 2.85102E+00 4.75348E-01 6.76814E-01 1.85117E+00 3.54771E+00
 2.88403E+00 4.76123E-01 6.77917E-01 1.86166E+00 3.60494E+00
 2.91743E+00 4.76882E-01 6.78998E-01 1.87196E+00 3.66308E+00
 2.95121E+00 4.77626E-01 6.80058E-01 1.88209E+00 3.72217E+00
 2.98538E+00 4.78356E-01 6.81096E-01 1.89203E+00 3.78221E+00
 3.01995E+00 4.79071E-01 6.82114E-01 1.90179E+00 3.84321E+00
 3.05492E+00 4.79771E-01 6.83112E-01 1.91136E+00 3.90520E+00
 3.09030E+00 4.80458E-01 6.84089E-01 1.92073E+00 3.96819E+00
 3.12608E+00 4.81131E-01 6.85047E-01 1.92991E+00 4.03220E+00
 3.16228E+00 4.81790E-01 6.85986E-01 1.93889E+00 4.09723E+00
 3.19890E+00 4.82436E-01 6.86906E-01 1.94766E+00 4.16332E+00
 3.23594E+00 4.83069E-01 6.87807E-01 1.95623E+00 4.23047E+00
 3.27341E+00 4.83689E-01 6.88690E-01 1.96459E+00 4.29869E+00
 3.31131E+00 4.84296E-01 6.89555E-01 1.97274E+00 4.36802E+00
 3.34965E+00 4.84891E-01 6.90402E-01 1.98067E+00 4.43846E+00
 3.38844E+00 4.85474E-01 6.91232E-01 1.98838E+00 4.51002E+00
 3.42768E+00 4.86045E-01 6.92045E-01 1.99588E+00 4.58274E+00
 3.46737E+00 4.86604E-01 6.92841E-01 2.00315E+00 4.65662E+00
 3.50752E+00 4.87152E-01 6.93621E-01 2.01020E+00 4.73168E+00
 3.54813E+00 4.87688E-01 6.94384E-01 2.01702E+00 4.80794E+00
 3.58922E+00 4.88214E-01 6.95132E-01 2.02361E+00 4.88541E+00
 3.63078E+00 4.88728E-01 6.95865E-01 2.02996E+00 4.96412E+00
 3.67282E+00 4.89232E-01 6.96582E-01 2.03608E+00 5.04407E+00
 3.71535E+00 4.89725E-01 6.97284E-01 2.04197E+00 5.12529E+00
 3.75837E+00 4.90208E-01 6.97972E-01 2.04762E+00 5.20780E+00
 3.80189E+00 4.90681E-01 6.98646E-01 2.05303E+00 5.29161E+00
 3.84592E+00 4.91144E-01 6.99305E-01 2.05820E+00 5.37674E+00
 3.89045E+00 4.91598E-01 6.99951E-01 2.06312E+00 5.46320E+00
 3.93550E+00 4.92041E-01 7.00583E-01 2.06780E+00 5.55102E+00
 3.98107E+00 4.92476E-01 7.01201E-01 2.07224E+00 5.64021E+00
 4.02717E+00 4.92901E-01 7.01807E-01 2.07643E+00 5.73079E+00
 4.07380E+00 4.93318E-01 7.02400E-01 2.08037E+00 5.82278E+00
 4.12098E+00 4.93726E-01 7.02980E-01 2.08407E+00 5.91620E+00
 4.16869E+00 4.94125E-01 7.03549E-01 2.08751E+00 6.01105E+00
 4.21697E+00 4.94515E-01 7.04105E-01 2.09071E+00 6.10737E+00
 4.26580E+00 4.94898E-01 7.04649E-01 2.09366E+00 6.20516E+00
 4.31519E+00 4.95272E-01 7.05182E-01 2.09635E+00 6.30445E+00
 4.36516E+00 4.95638E-01 7.05704E-01 2.09880E+00 6.40525E+00
 4.41570E+00 4.95997E-01 7.06214E-01 2.10099E+00 6.50758E+00
 4.46684E+00 4.96348E-01 7.06714E-01 2.10294E+00 6.61146E+00
 4.51856E+00 4.96691E-01 7.07202E-01 2.10463E+00 6.71690E+00
 4.57088E+00 4.97027E-01 7.07681E-01 2.10607E+00 6.82392E+00
 4.62381E+00 4.97356E-01 7.08149E-01 2.10726E+00 6.93254E+00
 4.67735E+00 4.97678E-01 7.08607E-01 2.10821E+00 7.04277E+00
 4.73151E+00 4.97993E-01 7.09056E-01 2.10890E+00 7.15464E+00
 4.78630E+00 4.98301E-01 7.09495E-01 2.10934E+00 7.26815E+00
 4.84172E+00 4.98602E-01 7.09924E-01 2.10954E+00 7.38332E+00
 4.89779E+00 4.98897E-01 7.10344E-01 2.10949E+00 7.50018E+00
 4.95450E+00 4.99186E-01 7.10755E-01 2.10920E+00 7.61872E+00
 5.01187E+00 4.99469E-01 7.11157E-01 2.10866E+00 7.73898E+00
 5.06991E+00 4.99745E-01 7.11551E-01 2.10787E+00 7.86097E+00
 5.12861E+00 5.00015E-01 7.11936E-01 2.10685E+00 7.98470E+00
 5.18800E+00 5.00280E-01 7.12313E-01 2.10558E+00 8.11019E+00
 5.24807E+00 5.00539E-01 7.12681E-01 2.10408E+00 8.23744E+00
 5.30884E+00 5.00792E-01 7.13042E-01 2.10234E+00 8.36648E+00
 5.37032E+00 5.01040E-01 7.13395E-01 2.10036E+00 8.49733E+00
 5.43250E+00 5.01282E-01 7.13740E-01 2.09815E+00 8.62998E+00
 5.49541E+00 5.01520E-01 7.14078E-01 2.09571E+00 8.76447E+00
 5.55904E+00 5.01752E-01 7.14408E-01 2.09304E+00 8.90079E+00
 5.62341E+00 5.01979E-01 7.14731E-01 2.09014E+00 9.03897E+00
 5.68853E+00 5.02201E-01 7.15047E-01 2.08701E+00 9.17901E+00
 5.75440E+00 5.02418E-01 7.15357E-01 2.08366E+00 9.32093E+00
 5.82103E+00 5.02630E-01 7.15659E-01 2.08010E+00 9.46474E+00
 5.88844E+00 5.02838E-01 7.15955E-01 2.07631E+00 9.61045E+00
 5.95662E+00 5.03042E-01 7.16245E-01 2.07231E+00 9.75807E+00
 6.02560E+00 5.03240E-01 7.16528E-01 2.06810E+00 9.90761E+00
 6.09537E+00 5.03435E-01 7.16805E-01 2.06367E+00 1.00591E+01
 6.16595E+00 5.03625E-01 7.17076E-01 2.05904E+00 1.02125E+01
 6.23735E+00 5.03811E-01 7.17341E-01 2.05420E+00 1.03679E+01
 6.30957E+00 5.03993E-01 7.17600E-01 2.04917E+00 1.05252E+01
 6.38263E+00 5.04171E-01 7.17853E-01 2.04393E+00 1.06845E+01
 6.45654E+00 5.04346E-01 7.18101E-01 2.03850E+00 1.08457E+01
 6.53131E+00 5.04516E-01 7.18344E-01 2.03287E+00 1.10090E+01
 6.60693E+00 5.04682E-01 7.18581E-01 2.02706E+00 1.11742E+01
 6.68344E+00 5.04845E-01 7.18813E-01 2.02106E+00 1.13414E+01
 6.76083E+00 5.05005E-01 7.19040E-01 2.01488E+00 1.15106E+01
 6.83912E+00 5.05161E-01 7.19262E-01 2.00851E+00 1.16818E+01
 6.91831E+00 5.05313E-01 7.19479E-01 2.00198E+00 1.18551E+01
 6.99842E+00 5.05462E-01 7.19691E-01 1.99526E+00 1.20303E+01
 7.07946E+00 5.05608E-01 7.19899E-01 1.98838E+00 1.22075E+01
 7.16143E+00 5.05751E-01 7.20102E-01 1.98133E+00 1.23868E+01
 7.24436E+00 5.05890E-01 7.20300E-01 1.97412E+00 1.25680E+01
 7.32825E+00 5.06026E-01 7.20495E-01 1.96675E+00 1.27513E+01
 7.41310E+00 5.06160E-01 7.20684E-01 1.95923E+00 1.29365E+01
 7.49894E+00 5.06290E-01 7.20870E-01 1.95155E+00 1.31238E+01
 7.58578E+00 5.06418E-01 7.21052E-01 1.94372E+00 1.33130E+01
 7.67361E+00 5.06542E-01 7.21229E-01 1.93575E+00 1.35043E+01
 7.76247E+00 5.06664E-01 7.21403E-01 1.92763E+00 1.36976E+01
 7.85236E+00 5.06784E-01 7.21573E-01 1.91938E+00 1.38928E+01
 7.94328E+00 5.06900E-01 7.21739E-01 1.91099E+00 1.40900E+01
 8.03526E+00 5.07014E-01 7.21901E-01 1.90247E+00 1.42892E+01
 8.12831E+00 5.07126E-01 7.22060E-01 1.89382E+00 1.44904E+01
 8.22243E+00 5.07235E-01 7.22215E-01 1.88505E+00 1.46935E+01
 8.31764E+00 5.07342E-01 7.22367E-01 1.87616E+00 1.48986E+01
 8.41395E+00 5.07446E-01 7.22516E-01 1.86715E+00 1.51056E+01
 8.51138E+00 5.07548E-01 7.22661E-01 1.85803E+00 1.53145E+01
 8.60994E+00 5.07648E-01 7.22803E-01 1.84880E+00 1.55253E+01
 8.70964E+00 5.07745E-01 7.22942E-01 1.83946E+00 1.57380E+01
 8.81049E+00 5.07840E-01 7.23078E-01 1.83002E+00 1.59526E+01
 8.91251E+00 5.07934E-01 7.23210E-01 1.82048E+00 1.61690E+01
 9.01571E+00 5.08025E-01 7.23340E-01 1.81085E+00 1.63873E+01
 9.12011E+00 5.08114E-01 7.23467E-01 1.80112E+00 1.66073E+01
 9.22571E+00 5.08201E-01 7.23591E-01 1.79130E+00 1.68292E+01
 9.33254E+00 5.08286E-01 7.23712E-01 1.78140E+00 1.70528E+01
 9.44061E+00 5.08370E-01 7.23831E-01 1.77142E+00 1.72782E+01
 9.54993E+00 5.08451E-01 7.23947E-01 1.76135E+00 1.75053E+01
 9.66051E+00 5.08531E-01 7.24060E-01 1.75121E+00 1.77341E+01
 9.77237E+00 5.08609E-01 7.24171E-01 1.74100E+00 1.79645E+01
 9.88553E+00 5.08685E-01 7.24280E-01 1.73072E+00 1.81966E+01
 1.00000E+01 5.08759E-01 7.24386E-01 1.72038E+00 1.84303E+01
 1.01158E+01 5.08832E-01 7.24489E-01 1.70997E+00 1.86655E+01
 1.02329E+01 5.08903E-01 7.24591E-01 1.69950E+00 1.89023E+01
 1.03514E+01 5.08973E-01 7.24690E-01 1.68898E+00 1.91405E+01
 1.04713E+01 5.09041E-01 7.24786E-01 1.67840E+00 1.93803E+01
 1.05925E+01 5.09107E-01 7.24881E-01 1.66777E+00 1.96214E+01
 1.07152E+01 5.09172E-01 7.24974E-01 1.65710E+00 1.98639E+01
 1.08393E+01 5.09236E-01 7.25064E-01 1.64638E+00 2.01077E+01
 1.09648E+01 5.09298E-01 7.25153E-01 1.63562E+00 2.03529E+01
 1.10917E+01 5.09359E-01 7.25239E-01 1.62483E+00 2.05992E+01
 1.12202E+01 5.09418E-01 7.25324E-01 1.61399E+00 2.08468E+01
 1.13501E+01 5.09476E-01 7.25407E-01 1.60313E+00 2.10955E+01
 1.14815E+01 5.09533E-01 7.25487E-01 1.59224E+00 2.13453E+01
 1.16145E+01 5.09589E-01 7.25566E-01 1.58131E+00 2.15961E+01
 1.17490E+01 5.09643E-01 7.25644E-01 1.57037E+00 2.18479E+01
 1.18850E+01 5.09696E-01 7.25719E-01 1.55940E+00 2.21006E+01
 1.20226E+01 5.09748E-01 7.25793E-01 1.54841E+00 2.23542E+01
 1.21619E+01 5.09798E-01 7.25865E-01 1.53741E+00 2.26086E+01
 1.23027E+01 5.09848E-01 7.25936E-01 1.52639E+00 2.28637E+01
 1.24451E+01 5.09896E-01 7.26005E-01 1.51537E+00 2.31196E+01
 1.25893E+01 5.09944E-01 7.26072E-01 1.50433E+00 2.33760E+01
 1.27350E+01 5.09990E-01 7.26138E-01 1.49328E+00 2.36330E+01
 1.28825E+01 5.10035E-01 7.26203E-01 1.48223E+00 2.38904E+01
 1.30317E+01 5.10080E-01 7.26266E-01 1.47118E+00 2.41483E+01
 1.31826E+01 5.10123E-01 7.26328E-01 1.46013E+00 2.44065E+01
 1.33352E+01 5.10165E-01 7.26388E-01 1.44908E+00 2.46649E+01
 1.34896E+01 5.10207E-01 7.26447E-01 1.43804E+00 2.49235E+01
 1.36458E+01 5.10247E-01 7.26504E-01 1.42700E+00 2.51823E+01
 1.38038E+01 5.10287E-01 7.26560E-01 1.41597E+00 2.54410E+01
 1.39637E+01 5.10325E-01 7.26615E-01 1.40495E+00 2.56997E+01
 1.41254E+01 5.10363E-01 7.26669E-01 1.39394E+00 2.59583E+01
 1.42889E+01 5.10400E-01 7.26722E-01 1.38295E+00 2.62166E+01
 1.44544E+01 5.10436E-01 7.26773E-01 1.37198E+00 2.64746E+01
 1.46218E+01 5.10471E-01 7.26823E-01 1.36102E+00 2.67322E+01
 1.47911E+01 5.10506E-01 7.26873E-01 1.35008E+00 2.69893E+01
 1.49624E+01 5.10540E-01 7.26921E-01 1.33916E+00 2.72458E+01
 1.51356E+01 5.10573E-01 7.26968E-01 1.32827E+00 2.75017E+01
 1.53109E+01 5.10605E-01 7.27013E-01 1.31740E+00 2.77567E+01
 1.54882E+01 5.10636E-01 7.27058E-01 1.30656E+00 2.80110E+01
 1.56675E+01 5.10667E-01 7.27102E-01 1.29574E+00 2.82642E+01
 1.58489E+01 5.10697E-01 7.27145E-01 1.28496E+00 2.85164E+01
 1.60325E+01 5.10727E-01 7.27187E-01 1.27421E+00 2.87674E+01
 1.62181E+01 5.10755E-01 7.27228E-01 1.26349E+00 2.90172E+01
 1.64059E+01 5.10783E-01 7.27268E-01 1.25280E+00 2.92656E+01
 1.65959E+01 5.10811E-01 7.27307E-01 1.24215E+00 2.95126E+01
 1.67880E+01 5.10838E-01 7.27345E-01 1.23153E+00 2.97580E+01
 1.69824E+01 5.10864E-01 7.27383E-01 1.22095E+00 3.00017E+01
 1.71791E+01 5.10890E-01 7.27419E-01 1.21041E+00 3.02436E+01
 1.73780E+01 5.10915E-01 7.27455E-01 1.19992E+00 3.04837E+01
 1.75792E+01 5.10939E-01 7.27490E-01 1.18946E+00 3.07218E+01
 1.77828E+01 5.10963E-01 7.27524E-01 1.17904E+00 3.09578E+01
 1.79887E+01 5.10987E-01 7.27557E-01 1.16867E+00 3.11916E+01
 1.81970E+01 5.11010E-01 7.27590E-01 1.15835E+00 3.14231E+01
 1.84077E+01 5.11032E-01 7.27622E-01 1.14806E+00 3.16522E+01
 1.86209E+01 5.11054E-01 7.27653E-01 1.13783E+00 3.18788E+01
 1.88365E+01 5.11075E-01 7.27683E-01 1.12764E+00 3.21027E+01
 1.90546E+01 5.11096E-01 7.27713E-01 1.11750E+00 3.23240E+01
 1.92752E+01 5.11117E-01 7.27742E-01 1.10742E+00 3.25424E+01
 1.94984E+01 5.11137E-01 7.27771E-01 1.09738E+00 3.27578E+01
 1.97242E+01 5.11156E-01 7.27798E-01 1.08739E+00 3.29702E+01
 1.99526E+01 5.11175E-01 7.27826E-01 1.07745E+00 3.31795E+01
 2.01837E+01 5.11194E-01 7.27852E-01 1.06757E+00 3.33854E+01
 2.04174E+01 5.11212E-01 7.27878E-01 1.05774E+00 3.35881E+01
 2.06538E+01 5.11230E-01 7.27904E-01 1.04796E+00 3.37873E+01
 2.08930E+01 5.11247E-01 7.27928E-01 1.03824E+00 3.39829E+01
 2.11349E+01 5.11264E-01 7.27953E-01 1.02857E+00 3.41748E+01
 2.13796E+01 5.11281E-01 7.27976E-01 1.01896E+00 3.43630E+01
 2.16272E+01 5.11297E-01 7.27999E-01 1.00940E+00 3.45473E+01
 2.18776E+01 5.11313E-01 7.28022E-01 9.99901E-01 3.47277E+01
 2.21309E+01 5.11329E-01 7.28044E-01 9.90460E-01 3.49040E+01
 2.23872E+01 5.11344E-01 7.28066E-01 9.81076E-01 3.50762E+01
 2.26464E+01 5.11359E-01 7.28087E-01 9.71750E-01 3.52442E+01
 2.29087E+01 5.11373E-01 7.28108E-01 9.69111E-01 3.54078E+01
 2.31739E+01 5.11388E-01 7.28128E-01 9.69138E-01 3.55671E+01
 2.34423E+01 5.11401E-01 7.28148E-01 9.69165E-01 3.57218E+01
 2.37137E+01 5.11415E-01 7.28167E-01 9.69190E-01 3.58720E+01
 2.39883E+01 5.11428E-01 7.28186E-01 9.69215E-01 3.60175E+01
 2.42661E+01 5.11441E-01 7.28204E-01 9.69240E-01 3.61584E+01
 2.45471E+01 5.11454E-01 7.28222E-01 9.69264E-01 3.62944E+01
 2.48313E+01 5.11466E-01 7.28240E-01 9.69287E-01 3.64255E+01
 2.51189E+01 5.11478E-01 7.28257E-01 9.69310E-01 3.65517E+01
 2.54097E+01 5.11490E-01 7.28274E-01 9.69333E-01 3.66729E+01
 2.57040E+01 5.11502E-01 7.28290E-01 9.69355E-01 3.67891E+01
 2.60016E+01 5.11513E-01 7.28306E-01 9.69376E-01 3.69001E+01
 2.63027E+01 5.11524E-01 7.28322E-01 9.69397E-01 3.70060E+01
 2.66073E+01 5.11535E-01 7.28338E-01 9.69417E-01 3.71066E+01
 2.69153E+01 5.11545E-01 7.28353E-01 9.69437E-01 3.72020E+01
 2.72270E+01 5.11556E-01 7.28367E-01 9.69457E-01 3.72920E+01
 2.75423E+01 5.11566E-01 7.28382E-01 9.69476E-01 3.73767E+01
 2.78612E+01 5.11575E-01 7.28396E-01 9.69495E-01 3.74559E+01
 2.81838E+01 5.11585E-01 7.28409E-01 9.69513E-01 3.75298E+01
 2.85102E+01 5.11595E-01 7.28423E-01 9.69531E-01 3.75981E+01
 2.88403E+01 5.11604E-01 7.28436E-01 9.69548E-01 3.76610E+01
 2.91743E+01 5.11613E-01 7.28449E-01 9.69565E-01 3.77184E+01
 2.95121E+01 5.11621E-01 7.28461E-01 9.69582E-01 3.77702E+01
 2.98538E+01 5.11630E-01 7.28473E-01 9.69598E-01 3.78165E+01
 3.01995E+01 5.11638E-01 7.28485E-01 9.69614E-01 3.78572E+01
 3.05492E+01 5.11647E-01 7.28497E-01 9.69629E-01 3.78923E+01
 3.09030E+01 5.11655E-01 7.28508E-01 9.69645E-01 3.79219E+01
 3.12608E+01 5.11662E-01 7.28519E-01 9.69659E-01 3.79459E+01
 3.16228E+01 5.11670E-01 7.28530E-01 9.69674E-01 3.79643E+01
 3.19890E+01 5.11678E-01 7.28541E-01 9.69688E-01 3.79772E+01
 3.23594E+01 5.11685E-01 7.28551E-01 9.69702E-01 3.79845E+01
 3.27341E+01 5.11692E-01 7.28562E-01 9.69715E-01 3.79863E+01
 3.31131E+01 5.11699E-01 7.28572E-01 9.69729E-01 3.79825E+01
 3.34965E+01 5.11706E-01 7.28581E-01 9.69742E-01 3.79732E+01
 3.38844E+01 5.11713E-01 7.28591E-01 9.69754E-01 3.79585E+01
 3.42768E+01 5.11719E-01 7.28600E-01 9.69767E-01 3.79383E+01
 3.46737E+01 5.11725E-01 7.28609E-01 9.69779E-01 3.79127E+01
 3.50752E+01 5.11732E-01 7.28618E-01 9.69790E-01 3.78818E+01
 3.54813E+01 5.11738E-01 7.28627E-01 9.69802E-01 3.78455E+01
 3.58922E+01 5.11744E-01 7.28635E-01 9.69813E-01 3.78039E+01
 3.63078E+01 5.11750E-01 7.28643E-01 9.69824E-01 3.77570E+01
 3.67282E+01 5.11755E-01 7.28651E-01 9.69835E-01 3.77050E+01
 3.71535E+01 5.11761E-01 7.28659E-01 9.69846E-01 3.76478E+01
 3.75837E+01 5.11766E-01 7.28667E-01 9.69856E-01 3.75855E+01
 3.80189E+01 5.11771E-01 7.28675E-01 9.69866E-01 3.75181E+01
 3.84592E+01 5.11777E-01 7.28682E-01 9.69876E-01 3.74458E+01
 3.89045E+01 5.11782E-01 7.28689E-01 9.69885E-01 3.73686E+01
 3.93550E+01 5.11787E-01 7.28696E-01 9.69895E-01 3.72865E+01
 3.98107E+01 5.11792E-01 7.28703E-01 9.69904E-01 3.71997E+01
 4.02717E+01 5.11796E-01 7.28710E-01 9.69913E-01 3.71081E+01
 4.07380E+01 5.11801E-01 7.28717E-01 9.69922E-01 3.70119E+01
 4.12098E+01 5.11805E-01 7.28723E-01 9.69930E-01 3.69111E+01
 4.16869E+01 5.11810E-01 7.28729E-01 9.69939E-01 3.68058E+01
 4.21697E+01 5.11814E-01 7.28735E-01 9.69947E-01 3.66962E+01
 4.26580E+01 5.11818E-01 7.28741E-01 9.69955E-01 3.65822E+01
 4.31519E+01 5.11822E-01 7.28747E-01 9.69963E-01 3.64639E+01
 4.36516E+01 5.11827E-01 7.28753E-01 9.69970E-01 3.63415E+01
 4.41570E+01 5.11830E-01 7.28759E-01 9.69978E-01 3.62150E+01
 4.46684E+01 5.11834E-01 7.28764E-01 9.69985E-01 3.60846E+01
 4.51856E+01 5.11838E-01 7.28769E-01 9.69992E-01 3.59502E+01
 4.57088E+01 5.11842E-01 7.28775E-01 9.69999E-01 3.58120E+01
 4.62381E+01 5.11845E-01 7.28780E-01 9.70006E-01 3.56701E+01
 4.67735E+01 5.11849E-01 7.28785E-01 9.70013E-01 3.55245E+01
 4.73151E+01 5.11852E-01 7.28790E-01 9.70019E-01 3.53754E+01
 4.78630E+01 5.11856E-01 7.28794E-01 9.70025E-01 3.52229E+01
 4.84172E+01 5.11859E-01 7.28799E-01 9.70032E-01 3.50669E+01
 4.89779E+01 5.11862E-01 7.28804E-01 9.70038E-01 3.49078E+01
 4.95450E+01 5.11865E-01 7.28808E-01 9.70044E-01 3.47454E+01
 5.01187E+01 5.11868E-01 7.28812E-01 9.70049E-01 3.45800E+01
 5.06991E+01 5.11871E-01 7.28817E-01 9.70055E-01 3.44116E+01
 5.12861E+01 5.11874E-01 7.28821E-01 9.70061E-01 3.42403E+01
 5.18800E+01 5.11877E-01 7.28825E-01 9.70066E-01 3.40663E+01
 5.24807E+01 5.11880E-01 7.28829E-01 9.70071E-01 3.38895E+01
 5.30884E+01 5.11883E-01 7.28833E-01 9.70077E-01 3.37101E+01
 5.37032E+01 5.11885E-01 7.28837E-01 9.70082E-01 3.35282E+01
 5.43250E+01 5.11888E-01 7.28840E-01 9.70086E-01 3.33439E+01
 5.49541E+01 5.11890E-01 7.28844E-01 9.70091E-01 3.31572E+01
 5.55904E+01 5.11893E-01 7.28848E-01 9.70096E-01 3.29684E+01
 5.62341E+01 5.11895E-01 7.28851E-01 9.70101E-01 3.27774E+01
 5.68853E+01 5.11898E-01 7.28854E-01 9.70105E-01 3.25843E+01
 5.75440E+01 5.11900E-01 7.28858E-01 9.70110E-01 3.23893E+01
 5.82103E+01 5.11902E-01 7.28861E-01 9.70114E-01 3.21924E+01
 5.88844E+01 5.11905E-01 7.28864E-01 9.70118E-01 3.19937E+01
 5.95662E+01 5.11907E-01 7.28867E-01 9.70122E-01 3.17933E+01
 6.02560E+01 5.11909E-01 7.28870E-01 9.70126E-01 3.15914E+01
 6.09537E+01 5.11911E-01 7.28873E-01 9.70130E-01 3.13879E+01
 6.16595E+01 5.11913E-01 7.28876E-01 9.70134E-01 3.11829E+01
 6.23735E+01 5.11915E-01 7.28879E-01 9.70138E-01 3.09767E+01
 6.30957E+01 5.11917E-01 7.28882E-01 9.70141E-01 3.07691E+01
 6.38263E+01 5.11919E-01 7.28884E-01 9.70145E-01 3.05604E+01
 6.45654E+01 5.11921E-01 7.28887E-01 9.70148E-01 3.03505E+01
 6.53131E+01 5.11922E-01 7.28889E-01 9.70152E-01 3.01397E+01
 6.60693E+01 5.11924E-01 7.28892E-01 9.70155E-01 2.99279E+01
 6.68344E+01 5.11926E-01 7.28894E-01 9.70158E-01 2.97152E+01
 6.76083E+01 5.11928E-01 7.28897E-01 9.70162E-01 2.95017E+01
 6.83912E+01 5.11929E-01 7.28899E-01 9.70165E-01 2.92875E+01
 6.91831E+01 5.11931E-01 7.28901E-01 9.70168E-01 2.90726E+01
 6.99842E+01 5.11932E-01 7.28904E-01 9.70171E-01 2.88572E+01
 7.07946E+01 5.11934E-01 7.28906E-01 9.70174E-01 2.86412E+01
 7.16143E+01 5.11935E-01 7.28908E-01 9.70177E-01 2.84248E+01
 7.24436E+01 5.11937E-01 7.28910E-01 9.70179E-01 2.82081E+01
 7.32825E+01 5.11938E-01 7.28912E-01 9.70182E-01 2.79910E+01
 7.41310E+01 5.11940E-01 7.28914E-01 9.70185E-01 2.77737E+01
 7.49894E+01 5.11941E-01 7.28916E-01 9.70187E-01 2.75562E+01
 7.58578E+01 5.11942E-01 7.28918E-01 9.70190E-01 2.73385E+01
 7.67361E+01 5.11944E-01 7.28920E-01 9.70192E-01 2.71208E+01
 7.76247E+01 5.11945E-01 7.28922E-01 9.70195E-01 2.69032E+01
 7.85236E+01 5.11946E-01 7.28923E-01 9.70197E-01 2.66855E+01
 7.94328E+01 5.11947E-01 7.28925E-01 9.70199E-01 2.64680E+01
 8.03526E+01 5.11949E-01 7.28927E-01 9.70202E-01 2.62506E+01
 8.12831E+01 5.11950E-01 7.28929E-01 9.70204E-01 2.60334E+01
 8.22243E+01 5.11951E-01 7.28930E-01 9.70206E-01 2.58165E+01
 8.31764E+01 5.11952E-01 7.28932E-01 9.70208E-01 2.55999E+01
 8.41395E+01 5.11953E-01 7.28933E-01 9.70210E-01 2.53837E+01
 8.51138E+01 5.11954E-01 7.28935E-01 9.70212E-01 2.51679E+01
 8.60994E+01 5.11955E-01 7.28936E-01 9.70214E-01 2.49525E+01
 8.70964E+01 5.11956E-01 7.28938E-01 9.70216E-01 2.47376E+01
 8.81049E+01 5.11957E-01 7.28939E-01 9.70218E-01 2.45233E+01
 8.91251E+01 5.11958E-01 7.28941E-01 9.70220E-01 2.43095E+01
 9.01571E+01 5.11959E-01 7.28942E-01 9.70222E-01 2.40964E+01
 9.12011E+01 5.11960E-01 7.28943E-01 9.70223E-01 2.38839E+01
 9.22571E+01 5.11961E-01 7.28945E-01 9.70225E-01 2.36721E+01
 9.33254E+01 5.11962E-01 7.28946E-01 9.70227E-01 2.34610E+01
 9.44061E+01 5.11963E-01 7.28947E-01 9.70229E-01 2.32507E+01
 9.54993E+01 5.11964E-01 7.28948E-01 9.70230E-01 2.30412E+01
 9.66051E+01 5.11964E-01 7.28949E-01 9.70232E-01 2.28325E+01
 9.77237E+01 5.11965E-01 7.28951E-01 9.70233E-01 2.26247E+01
 9.88553E+01 5.11966E-01 7.28952E-01 9.70235E-01 2.24178E+01
 1.00000E+02 5.11967E-01 7.28953E-01 9.70236E-01 2.22118E+01
