 1.00000E-02 3.39531E-02 5.47640E-02 8.48185E-02 8.93435E-02
 2.00000E-02 3.39404E-02 5.47362E-02 8.48485E-02 8.92826E-02
 3.00000E-02 3.39193E-02 5.46921E-02 8.47661E-02 8.91813E-02
 4.00000E-02 3.38916E-02 5.46368E-02 8.46270E-02 8.90472E-02
 5.00000E-02 3.38573E-02 5.45575E-02 8.44711E-02 8.88727E-02
 6.00000E-02 3.38141E-02 5.44592E-02 8.42697E-02 8.86560E-02
 7.00000E-02 3.37638E-02 5.43447E-02 8.40353E-02 8.84015E-02
 8.00000E-02 3.37083E-02 5.42182E-02 8.37731E-02 8.81131E-02
 9.00000E-02 3.36506E-02 5.40808E-02 8.34811E-02 8.77951E-02
 1.00000E-01 3.35907E-02 5.39344E-02 8.31696E-02 8.74539E-02
 1.10000E-01 3.35330E-02 5.37847E-02 8.28410E-02 8.70948E-02
 1.20000E-01 3.34793E-02 5.36355E-02 8.25015E-02 8.67235E-02
 1.30000E-01 3.34339E-02 5.34918E-02 8.21613E-02 8.63481E-02
 1.40000E-01 3.34004E-02 5.33592E-02 8.18267E-02 8.59776E-02
 1.50000E-01 3.33828E-02 5.32448E-02 8.15066E-02 8.56213E-02
 1.60000E-01 3.33858E-02 5.31544E-02 8.12112E-02 8.52893E-02
 1.70000E-01 3.34141E-02 5.30951E-02 8.09506E-02 8.49921E-02
 1.80000E-01 3.34725E-02 5.30743E-02 8.07353E-02 8.47413E-02
 1.90000E-01 3.35660E-02 5.31001E-02 8.05762E-02 8.45485E-02
 2.00000E-01 3.36998E-02 5.31795E-02 8.04859E-02 8.44254E-02
 2.10000E-01 3.38785E-02 5.33205E-02 8.04745E-02 8.43840E-02
 2.20000E-01 3.41075E-02 5.35307E-02 8.05539E-02 8.44364E-02
 2.30000E-01 3.43908E-02 5.38172E-02 8.07352E-02 8.45944E-02
 2.40000E-01 3.47330E-02 5.41870E-02 8.10295E-02 8.48691E-02
 2.50000E-01 3.51375E-02 5.46465E-02 8.14462E-02 8.52714E-02
 2.60000E-01 3.56076E-02 5.52006E-02 8.19943E-02 8.58102E-02
 2.70000E-01 3.61460E-02 5.58542E-02 8.26817E-02 8.64942E-02
 2.80000E-01 3.67543E-02 5.66106E-02 8.35145E-02 8.73300E-02
 2.90000E-01 3.74340E-02 5.74725E-02 8.44980E-02 8.83227E-02
 3.00000E-01 3.81858E-02 5.84416E-02 8.56348E-02 8.94761E-02
 3.10000E-01 3.90097E-02 5.95182E-02 8.69270E-02 9.07922E-02
 3.20000E-01 3.99056E-02 6.07022E-02 8.83746E-02 9.22712E-02
 3.30000E-01 4.08725E-02 6.19927E-02 8.99771E-02 9.39123E-02
 3.40000E-01 4.19097E-02 6.33880E-02 9.17317E-02 9.57131E-02
 3.50000E-01 4.30157E-02 6.48860E-02 9.36357E-02 9.76706E-02
 3.60000E-01 4.41891E-02 6.64843E-02 9.56848E-02 9.98693E-02
 3.70000E-01 4.54284E-02 6.81802E-02 9.78746E-02 1.05350E-01
 3.80000E-01 4.67319E-02 6.99708E-02 1.00200E-01 1.10950E-01
 3.90000E-01 4.80982E-02 7.18531E-02 1.02656E-01 1.16672E-01
 4.00000E-01 4.95257E-02 7.38243E-02 1.05237E-01 1.22512E-01
 4.10000E-01 5.10128E-02 7.58815E-02 1.07938E-01 1.28468E-01
 4.20000E-01 5.25581E-02 7.80219E-02 1.10752E-01 1.34545E-01
 4.30000E-01 5.41603E-02 8.02428E-02 1.13676E-01 1.40736E-01
 4.40000E-01 5.58181E-02 8.25416E-02 1.16704E-01 1.47045E-01
 4.50000E-01 5.75303E-02 8.49160E-02 1.19830E-01 1.53469E-01
 4.60000E-01 5.92958E-02 8.73637E-02 1.23051E-01 1.60007E-01
 4.70000E-01 6.11137E-02 8.98826E-02 1.26361E-01 1.66660E-01
 4.80000E-01 6.29830E-02 9.24708E-02 1.29757E-01 1.73426E-01
 4.90000E-01 6.49029E-02 9.51264E-02 1.35169E-01 1.80306E-01
 5.00000E-01 6.68726E-02 9.78478E-02 1.40794E-01 1.87298E-01
 5.10000E-01 6.88915E-02 1.00633E-01 1.46521E-01 1.94402E-01
 5.20000E-01 7.09588E-02 1.03482E-01 1.52347E-01 2.01617E-01
 5.30000E-01 7.30741E-02 1.06392E-01 1.58273E-01 2.08943E-01
 5.40000E-01 7.52369E-02 1.09362E-01 1.64299E-01 2.16379E-01
 5.50000E-01 7.74466E-02 1.12391E-01 1.70423E-01 2.23925E-01
 5.60000E-01 7.97028E-02 1.15478E-01 1.76648E-01 2.31580E-01
 5.70000E-01 8.20052E-02 1.18622E-01 1.82970E-01 2.39342E-01
 5.80000E-01 8.43535E-02 1.21823E-01 1.89392E-01 2.47214E-01
 5.90000E-01 8.67473E-02 1.25079E-01 1.95911E-01 2.55193E-01
 6.00000E-01 8.91863E-02 1.28389E-01 2.02529E-01 2.63279E-01
 6.10000E-01 9.16703E-02 1.31754E-01 2.09244E-01 2.71471E-01
 6.20000E-01 9.41992E-02 1.35172E-01 2.16057E-01 2.79769E-01
 6.30000E-01 9.67727E-02 1.38643E-01 2.22968E-01 2.88173E-01
 6.40000E-01 9.93905E-02 1.42166E-01 2.29976E-01 2.96682E-01
 6.50000E-01 1.02052E-01 1.45741E-01 2.37081E-01 3.05295E-01
 6.60000E-01 1.04731E-01 1.49368E-01 2.44283E-01 3.14012E-01
 6.70000E-01 1.07409E-01 1.53045E-01 2.51582E-01 3.22833E-01
 6.80000E-01 1.10086E-01 1.56774E-01 2.58977E-01 3.31756E-01
 6.90000E-01 1.12761E-01 1.60552E-01 2.66469E-01 3.40782E-01
 7.00000E-01 1.15432E-01 1.64356E-01 2.74057E-01 3.49910E-01
 7.10000E-01 1.18099E-01 1.68153E-01 2.81741E-01 3.59140E-01
 7.20000E-01 1.20760E-01 1.71942E-01 2.89521E-01 3.68470E-01
 7.30000E-01 1.23415E-01 1.75722E-01 2.97398E-01 3.77901E-01
 7.40000E-01 1.26063E-01 1.79492E-01 3.05370E-01 3.87432E-01
 7.50000E-01 1.28703E-01 1.83251E-01 3.13437E-01 3.97062E-01
 7.60000E-01 1.31334E-01 1.86996E-01 3.21600E-01 4.06792E-01
 7.70000E-01 1.33955E-01 1.90728E-01 3.29859E-01 4.16620E-01
 7.80000E-01 1.36565E-01 1.94446E-01 3.38213E-01 4.26547E-01
 7.90000E-01 1.39165E-01 1.98147E-01 3.46661E-01 4.36571E-01
 8.00000E-01 1.41753E-01 2.01832E-01 3.55206E-01 4.46692E-01
 8.10000E-01 1.44329E-01 2.05499E-01 3.63844E-01 4.56910E-01
 8.20000E-01 1.46891E-01 2.09148E-01 3.72578E-01 4.67223E-01
 8.30000E-01 1.49441E-01 2.12778E-01 3.81407E-01 4.77633E-01
 8.40000E-01 1.51976E-01 2.16388E-01 3.90330E-01 4.88138E-01
 8.50000E-01 1.54497E-01 2.19977E-01 3.99347E-01 4.98737E-01
 8.60000E-01 1.57003E-01 2.23545E-01 4.08459E-01 5.09431E-01
 8.70000E-01 1.59493E-01 2.27091E-01 4.17666E-01 5.20218E-01
 8.80000E-01 1.61968E-01 2.30614E-01 4.26966E-01 5.31099E-01
 8.90000E-01 1.64427E-01 2.34115E-01 4.36360E-01 5.42072E-01
 9.00000E-01 1.66869E-01 2.37592E-01 4.45849E-01 5.53138E-01
 9.10000E-01 1.69294E-01 2.41046E-01 4.55431E-01 5.64295E-01
 9.20000E-01 1.71703E-01 2.44475E-01 4.65107E-01 5.75544E-01
 9.30000E-01 1.74094E-01 2.47879E-01 4.74877E-01 5.86883E-01
 9.40000E-01 1.76467E-01 2.51259E-01 4.84740E-01 5.98313E-01
 9.50000E-01 1.78823E-01 2.54613E-01 4.94696E-01 6.09833E-01
 9.60000E-01 1.81160E-01 2.57941E-01 5.04746E-01 6.21441E-01
 9.70000E-01 1.83480E-01 2.61244E-01 5.14889E-01 6.33139E-01
 9.80000E-01 1.85781E-01 2.64520E-01 5.25125E-01 6.44925E-01
 9.90000E-01 1.88064E-01 2.67770E-01 5.35454E-01 6.56798E-01
 1.00000E+00 1.90328E-01 2.70994E-01 5.45876E-01 6.68759E-01
 1.01158E+00 1.92926E-01 2.74693E-01 5.58059E-01 6.82718E-01
 1.02329E+00 1.95528E-01 2.78399E-01 5.70510E-01 6.96955E-01
 1.03514E+00 1.98135E-01 2.82110E-01 5.83234E-01 7.11477E-01
 1.04713E+00 2.00744E-01 2.85825E-01 5.96237E-01 7.26289E-01
 1.05925E+00 2.03356E-01 2.89544E-01 6.09526E-01 7.41395E-01
 1.07152E+00 2.05969E-01 2.93265E-01 6.23105E-01 7.56801E-01
 1.08393E+00 2.08584E-01 2.96987E-01 6.36983E-01 7.72514E-01
 1.09648E+00 2.11199E-01 3.00711E-01 6.51164E-01 7.88537E-01
 1.10917E+00 2.13813E-01 3.04433E-01 6.65656E-01 8.04877E-01
 1.12202E+00 2.16427E-01 3.08155E-01 6.80466E-01 8.21539E-01
 1.13501E+00 2.19039E-01 3.11874E-01 6.95600E-01 8.38530E-01
 1.14815E+00 2.21649E-01 3.15590E-01 7.11065E-01 8.55854E-01
 1.16145E+00 2.24256E-01 3.19302E-01 7.26869E-01 8.73518E-01
 1.17490E+00 2.26860E-01 3.23009E-01 7.43018E-01 8.91528E-01
 1.18850E+00 2.29459E-01 3.26710E-01 7.59516E-01 9.09890E-01
 1.20226E+00 2.32054E-01 3.30405E-01 7.76268E-01 9.28609E-01
 1.21619E+00 2.34643E-01 3.34092E-01 7.93236E-01 9.47693E-01
 1.23027E+00 2.37227E-01 3.37770E-01 8.10418E-01 9.67146E-01
 1.24451E+00 2.39804E-01 3.41439E-01 8.27815E-01 9.86976E-01
 1.25893E+00 2.42373E-01 3.45098E-01 8.45426E-01 1.00719E+00
 1.27350E+00 2.44936E-01 3.48746E-01 8.63249E-01 1.02779E+00
 1.28825E+00 2.47490E-01 3.52383E-01 8.81283E-01 1.04879E+00
 1.30317E+00 2.50035E-01 3.56007E-01 8.99528E-01 1.07019E+00
 1.31826E+00 2.52571E-01 3.59617E-01 9.17983E-01 1.09200E+00
 1.33352E+00 2.55097E-01 3.63214E-01 9.36645E-01 1.11422E+00
 1.34896E+00 2.57613E-01 3.66796E-01 9.55514E-01 1.13687E+00
 1.36458E+00 2.60118E-01 3.70363E-01 9.74588E-01 1.15995E+00
 1.38038E+00 2.62612E-01 3.73914E-01 9.93866E-01 1.18346E+00
 1.39637E+00 2.65094E-01 3.77448E-01 1.01335E+00 1.20742E+00
 1.41254E+00 2.67563E-01 3.80964E-01 1.03302E+00 1.23183E+00
 1.42889E+00 2.70020E-01 3.84463E-01 1.05290E+00 1.25669E+00
 1.44544E+00 2.72465E-01 3.87943E-01 1.07298E+00 1.28202E+00
 1.46218E+00 2.74895E-01 3.91403E-01 1.09324E+00 1.30782E+00
 1.47911E+00 2.77312E-01 3.94844E-01 1.11370E+00 1.33411E+00
 1.49624E+00 2.79714E-01 3.98265E-01 1.13435E+00 1.36087E+00
 1.51356E+00 2.82102E-01 4.01665E-01 1.15519E+00 1.38814E+00
 1.53109E+00 2.84475E-01 4.05044E-01 1.17621E+00 1.41590E+00
 1.54882E+00 2.86833E-01 4.08401E-01 1.19741E+00 1.44417E+00
 1.56675E+00 2.89175E-01 4.11736E-01 1.21879E+00 1.47297E+00
 1.58489E+00 2.91501E-01 4.15048E-01 1.24034E+00 1.50228E+00
 1.60325E+00 2.93811E-01 4.18337E-01 1.26207E+00 1.53213E+00
 1.62181E+00 2.96105E-01 4.21602E-01 1.28396E+00 1.56252E+00
 1.64059E+00 2.98381E-01 4.24844E-01 1.30603E+00 1.59346E+00
 1.65959E+00 3.00641E-01 4.28061E-01 1.32825E+00 1.62496E+00
 1.67880E+00 3.02884E-01 4.31254E-01 1.35063E+00 1.65702E+00
 1.69824E+00 3.05109E-01 4.34423E-01 1.37316E+00 1.68966E+00
 1.71791E+00 3.07317E-01 4.37566E-01 1.39584E+00 1.72288E+00
 1.73780E+00 3.09506E-01 4.40684E-01 1.41866E+00 1.75670E+00
 1.75792E+00 3.11678E-01 4.43776E-01 1.44163E+00 1.79111E+00
 1.77828E+00 3.13832E-01 4.46843E-01 1.46473E+00 1.82613E+00
 1.79887E+00 3.15967E-01 4.49883E-01 1.48796E+00 1.86178E+00
 1.81970E+00 3.18084E-01 4.52897E-01 1.51132E+00 1.89806E+00
 1.84077E+00 3.20183E-01 4.55885E-01 1.53480E+00 1.93497E+00
 1.86209E+00 3.22263E-01 4.58847E-01 1.55839E+00 1.97254E+00
 1.88365E+00 3.24324E-01 4.61781E-01 1.58209E+00 2.01077E+00
 1.90546E+00 3.26366E-01 4.64689E-01 1.60589E+00 2.04969E+00
 1.92752E+00 3.28390E-01 4.67571E-01 1.62979E+00 2.08929E+00
 1.94984E+00 3.30394E-01 4.70425E-01 1.65378E+00 2.12960E+00
 1.97242E+00 3.32380E-01 4.73252E-01 1.67785E+00 2.17055E+00
 1.99526E+00 3.34347E-01 4.76052E-01 1.70200E+00 2.21212E+00
 2.01837E+00 3.36294E-01 4.78825E-01 1.72621E+00 2.25431E+00
 2.04174E+00 3.38223E-01 4.81572E-01 1.75049E+00 2.29715E+00
 2.06538E+00 3.40133E-01 4.84291E-01 1.77483E+00 2.34062E+00
 2.08930E+00 3.42023E-01 4.86983E-01 1.79921E+00 2.38475E+00
 2.11349E+00 3.43895E-01 4.89648E-01 1.82364E+00 2.42955E+00
 2.13796E+00 3.45748E-01 4.92286E-01 1.84809E+00 2.47501E+00
 2.16272E+00 3.47582E-01 4.94897E-01 1.87257E+00 2.52114E+00
 2.18776E+00 3.49397E-01 4.97481E-01 1.89707E+00 2.56797E+00
 2.21309E+00 3.51193E-01 5.00038E-01 1.92157E+00 2.61548E+00
 2.23872E+00 3.52970E-01 5.02569E-01 1.94607E+00 2.66370E+00
 2.26464E+00 3.54729E-01 5.05073E-01 1.97056E+00 2.71263E+00
 2.29087E+00 3.56469E-01 5.07551E-01 1.99503E+00 2.76228E+00
 2.31739E+00 3.58191E-01 5.10002E-01 2.01947E+00 2.81266E+00
 2.34423E+00 3.59894E-01 5.12427E-01 2.04387E+00 2.86378E+00
 2.37137E+00 3.61579E-01 5.14826E-01 2.06822E+00 2.91563E+00
 2.39883E+00 3.63246E-01 5.17199E-01 2.09252E+00 2.96825E+00
 2.42661E+00 3.64894E-01 5.19547E-01 2.11675E+00 3.02162E+00
 2.45471E+00 3.66525E-01 5.21869E-01 2.14090E+00 3.07577E+00
 2.48313E+00 3.68138E-01 5.24165E-01 2.16496E+00 3.13069E+00
 2.51189E+00 3.69733E-01 5.26436E-01 2.18892E+00 3.18641E+00
 2.54097E+00 3.71310E-01 5.28682E-01 2.21277E+00 3.24292E+00
 2.57040E+00 3.72870E-01 5.30903E-01 2.23651E+00 3.30023E+00
 2.60016E+00 3.74413E-01 5.33099E-01 2.26011E+00 3.35837E+00
 2.63027E+00 3.75938E-01 5.35271E-01 2.28357E+00 3.41732E+00
 2.66073E+00 3.77447E-01 5.37419E-01 2.30689E+00 3.47711E+00
 2.69153E+00 3.78938E-01 5.39543E-01 2.33003E+00 3.53774E+00
 2.72270E+00 3.80413E-01 5.41642E-01 2.35301E+00 3.59922E+00
 2.75423E+00 3.81871E-01 5.43719E-01 2.37580E+00 3.66156E+00
 2.78612E+00 3.83313E-01 5.45771E-01 2.39840E+00 3.72477E+00
 2.81838E+00 3.84738E-01 5.47801E-01 2.42079E+00 3.78885E+00
 2.85102E+00 3.86147E-01 5.49807E-01 2.44296E+00 3.85383E+00
 2.88403E+00 3.87541E-01 5.51791E-01 2.46490E+00 3.91969E+00
 2.91743E+00 3.88918E-01 5.53753E-01 2.48661E+00 3.98647E+00
 2.95121E+00 3.90280E-01 5.55692E-01 2.50806E+00 4.05415E+00
 2.98538E+00 3.91627E-01 5.57609E-01 2.52926E+00 4.12276E+00
 3.01995E+00 3.92958E-01 5.59504E-01 2.55018E+00 4.19230E+00
 3.05492E+00 3.94274E-01 5.61378E-01 2.57082E+00 4.26278E+00
 3.09030E+00 3.95575E-01 5.63230E-01 2.59117E+00 4.33421E+00
 3.12608E+00 3.96861E-01 5.65062E-01 2.61121E+00 4.40661E+00
 3.16228E+00 3.98133E-01 5.66872E-01 2.63094E+00 4.47996E+00
 3.19890E+00 3.99390E-01 5.68662E-01 2.65035E+00 4.55430E+00
 3.23594E+00 4.00633E-01 5.70432E-01 2.66942E+00 4.62962E+00
 3.27341E+00 4.01861E-01 5.72181E-01 2.68814E+00 4.70594E+00
 3.31131E+00 4.03076E-01 5.73911E-01 2.70652E+00 4.78327E+00
 3.34965E+00 4.04277E-01 5.75621E-01 2.72453E+00 4.86161E+00
 3.38844E+00 4.05464E-01 5.77311E-01 2.74217E+00 4.94097E+00
 3.42768E+00 4.06638E-01 5.78983E-01 2.75942E+00 5.02136E+00
 3.46737E+00 4.07799E-01 5.80635E-01 2.77629E+00 5.10280E+00
 3.50752E+00 4.08946E-01 5.82269E-01 2.79275E+00 5.18529E+00
 3.54813E+00 4.10080E-01 5.83884E-01 2.80881E+00 5.26884E+00
 3.58922E+00 4.11202E-01 5.85481E-01 2.82445E+00 5.35347E+00
 3.63078E+00 4.12311E-01 5.87060E-01 2.83967E+00 5.43917E+00
 3.67282E+00 4.13407E-01 5.88621E-01 2.85446E+00 5.52596E+00
 3.71535E+00 4.14491E-01 5.90165E-01 2.86881E+00 5.61385E+00
 3.75837E+00 4.15563E-01 5.91691E-01 2.88271E+00 5.70284E+00
 3.80189E+00 4.16623E-01 5.93200E-01 2.89617E+00 5.79296E+00
 3.84592E+00 4.17671E-01 5.94692E-01 2.90916E+00 5.88420E+00
 3.89045E+00 4.18707E-01 5.96167E-01 2.92169E+00 5.97658E+00
 3.93550E+00 4.19732E-01 5.97626E-01 2.93375E+00 6.07011E+00
 3.98107E+00 4.20745E-01 5.99069E-01 2.94534E+00 6.16479E+00
 4.02717E+00 4.21747E-01 6.00495E-01 2.95644E+00 6.26063E+00
 4.07380E+00 4.22737E-01 6.01906E-01 2.96707E+00 6.35766E+00
 4.12098E+00 4.23717E-01 6.03300E-01 2.97720E+00 6.45586E+00
 4.16869E+00 4.24686E-01 6.04680E-01 2.98684E+00 6.55526E+00
 4.21697E+00 4.25644E-01 6.06044E-01 2.99599E+00 6.65587E+00
 4.26580E+00 4.26591E-01 6.07393E-01 3.00463E+00 6.75768E+00
 4.31519E+00 4.27528E-01 6.08727E-01 3.01278E+00 6.86073E+00
 4.36516E+00 4.28455E-01 6.10046E-01 3.02042E+00 6.96500E+00
 4.41570E+00 4.29371E-01 6.11351E-01 3.02756E+00 7.07052E+00
 4.46684E+00 4.30277E-01 6.12641E-01 3.03419E+00 7.17729E+00
 4.51856E+00 4.31174E-01 6.13917E-01 3.04032E+00 7.28532E+00
 4.57088E+00 4.32060E-01 6.15179E-01 3.04593E+00 7.39462E+00
 4.62381E+00 4.32937E-01 6.16428E-01 3.05104E+00 7.50521E+00
 4.67735E+00 4.33804E-01 6.17662E-01 3.05563E+00 7.61709E+00
 4.73151E+00 4.34662E-01 6.18883E-01 3.05972E+00 7.73027E+00
 4.78630E+00 4.35510E-01 6.20091E-01 3.06330E+00 7.84475E+00
 4.84172E+00 4.36349E-01 6.21286E-01 3.06638E+00 7.96057E+00
 4.89779E+00 4.37179E-01 6.22467E-01 3.06894E+00 8.07771E+00
 4.95450E+00 4.37999E-01 6.23636E-01 3.07101E+00 8.19619E+00
 5.01187E+00 4.38811E-01 6.24792E-01 3.07257E+00 8.31602E+00
 5.06991E+00 4.39614E-01 6.25935E-01 3.07364E+00 8.43721E+00
 5.12861E+00 4.40409E-01 6.27066E-01 3.07421E+00 8.55977E+00
 5.18800E+00 4.41194E-01 6.28185E-01 3.07429E+00 8.68371E+00
 5.24807E+00 4.41972E-01 6.29292E-01 3.07387E+00 8.80904E+00
 5.30884E+00 4.42741E-01 6.30386E-01 3.07298E+00 8.93576E+00
 5.37032E+00 4.43501E-01 6.31469E-01 3.07160E+00 9.06390E+00
 5.43250E+00 4.44253E-01 6.32540E-01 3.06974E+00 9.19345E+00
 5.49541E+00 4.44998E-01 6.33600E-01 3.06741E+00 9.32443E+00
 5.55904E+00 4.45734E-01 6.34648E-01 3.06462E+00 9.45684E+00
 5.62341E+00 4.46462E-01 6.35685E-01 3.06136E+00 9.59070E+00
 5.68853E+00 4.47182E-01 6.36711E-01 3.05765E+00 9.72602E+00
 5.75440E+00 4.47895E-01 6.37725E-01 3.05349E+00 9.86280E+00
 5.82103E+00 4.48600E-01 6.38729E-01 3.04888E+00 1.00010E+01
 5.88844E+00 4.49297E-01 6.39722E-01 3.04383E+00 1.01408E+01
 5.95662E+00 4.49987E-01 6.40704E-01 3.03835E+00 1.02820E+01
 6.02560E+00 4.50670E-01 6.41676E-01 3.03244E+00 1.04247E+01
 6.09537E+00 4.51345E-01 6.42637E-01 3.02612E+00 1.05690E+01
 6.16595E+00 4.52013E-01 6.43588E-01 3.01938E+00 1.07147E+01
 6.23735E+00 4.52673E-01 6.44529E-01 3.01224E+00 1.08620E+01
 6.30957E+00 4.53327E-01 6.45460E-01 3.00470E+00 1.10108E+01
 6.38263E+00 4.53974E-01 6.46380E-01 2.99677E+00 1.11611E+01
 6.45654E+00 4.54613E-01 6.47291E-01 2.98846E+00 1.13130E+01
 6.53131E+00 4.55246E-01 6.48192E-01 2.97977E+00 1.14665E+01
 6.60693E+00 4.55872E-01 6.49084E-01 2.97071E+00 1.16215E+01
 6.68344E+00 4.56491E-01 6.49965E-01 2.96130E+00 1.17781E+01
 6.76083E+00 4.57104E-01 6.50838E-01 2.95153E+00 1.19363E+01
 6.83912E+00 4.57710E-01 6.51701E-01 2.94142E+00 1.20961E+01
 6.91831E+00 4.58310E-01 6.52554E-01 2.93097E+00 1.22574E+01
 6.99842E+00 4.58903E-01 6.53399E-01 2.92020E+00 1.24204E+01
 7.07946E+00 4.59490E-01 6.54235E-01 2.90911E+00 1.25849E+01
 7.16143E+00 4.60070E-01 6.55061E-01 2.89770E+00 1.27511E+01
 7.24436E+00 4.60645E-01 6.55879E-01 2.88600E+00 1.29189E+01
 7.32825E+00 4.61213E-01 6.56688E-01 2.87400E+00 1.30883E+01
 7.41310E+00 4.61775E-01 6.57488E-01 2.86171E+00 1.32593E+01
 7.49894E+00 4.62331E-01 6.58280E-01 2.84915E+00 1.34320E+01
 7.58578E+00 4.62881E-01 6.59063E-01 2.83632E+00 1.36063E+01
 7.67361E+00 4.63425E-01 6.59837E-01 2.82322E+00 1.37823E+01
 7.76247E+00 4.63963E-01 6.60604E-01 2.80988E+00 1.39599E+01
 7.85236E+00 4.64496E-01 6.61362E-01 2.79629E+00 1.41391E+01
 7.94328E+00 4.65022E-01 6.62112E-01 2.78246E+00 1.43200E+01
 8.03526E+00 4.65543E-01 6.62854E-01 2.76841E+00 1.45026E+01
 8.12831E+00 4.66059E-01 6.63588E-01 2.75413E+00 1.46868E+01
 8.22243E+00 4.66569E-01 6.64314E-01 2.73965E+00 1.48727E+01
 8.31764E+00 4.67073E-01 6.65032E-01 2.72496E+00 1.50602E+01
 8.41395E+00 4.67572E-01 6.65742E-01 2.71007E+00 1.52494E+01
 8.51138E+00 4.68066E-01 6.66445E-01 2.69500E+00 1.54402E+01
 8.60994E+00 4.68554E-01 6.67140E-01 2.67975E+00 1.56327E+01
 8.70964E+00 4.69037E-01 6.67828E-01 2.66432E+00 1.58269E+01
 8.81049E+00 4.69515E-01 6.68508E-01 2.64873E+00 1.60227E+01
 8.91251E+00 4.69987E-01 6.69181E-01 2.63299E+00 1.62202E+01
 9.01571E+00 4.70455E-01 6.69847E-01 2.61709E+00 1.64193E+01
 9.12011E+00 4.70917E-01 6.70505E-01 2.60106E+00 1.66201E+01
 9.22571E+00 4.71375E-01 6.71157E-01 2.58489E+00 1.68225E+01
 9.33254E+00 4.71827E-01 6.71801E-01 2.56859E+00 1.70266E+01
 9.44061E+00 4.72275E-01 6.72438E-01 2.55217E+00 1.72323E+01
 9.54993E+00 4.72718E-01 6.73069E-01 2.53564E+00 1.74396E+01
 9.66051E+00 4.73156E-01 6.73692E-01 2.51900E+00 1.76486E+01
 9.77237E+00 4.73589E-01 6.74309E-01 2.50226E+00 1.78591E+01
 9.88553E+00 4.74017E-01 6.74919E-01 2.48543E+00 1.80713E+01
 1.00000E+01 4.74441E-01 6.75523E-01 2.46851E+00 1.82851E+01
 1.01158E+01 4.74860E-01 6.76119E-01 2.45151E+00 1.85004E+01
 1.02329E+01 4.75275E-01 6.76710E-01 2.43444E+00 1.87173E+01
 1.03514E+01 4.75685E-01 6.77294E-01 2.41730E+00 1.89358E+01
 1.04713E+01 4.76091E-01 6.77871E-01 2.40010E+00 1.91558E+01
 1.05925E+01 4.76492E-01 6.78443E-01 2.38284E+00 1.93774E+01
 1.07152E+01 4.76889E-01 6.79008E-01 2.36553E+00 1.96005E+01
 1.08393E+01 4.77281E-01 6.79567E-01 2.34818E+00 1.98251E+01
 1.09648E+01 4.77670E-01 6.80120E-01 2.33079E+00 2.00512E+01
 1.10917E+01 4.78054E-01 6.80666E-01 2.31337E+00 2.02787E+01
 1.12202E+01 4.78434E-01 6.81207E-01 2.29592E+00 2.05077E+01
 1.13501E+01 4.78809E-01 6.81742E-01 2.27844E+00 2.07382E+01
 1.14815E+01 4.79181E-01 6.82271E-01 2.26095E+00 2.09700E+01
 1.16145E+01 4.79548E-01 6.82795E-01 2.24345E+00 2.12033E+01
 1.17490E+01 4.79912E-01 6.83312E-01 2.22594E+00 2.14379E+01
 1.18850E+01 4.80271E-01 6.83824E-01 2.20842E+00 2.16738E+01
 1.20226E+01 4.80627E-01 6.84330E-01 2.19091E+00 2.19111E+01
 1.21619E+01 4.80979E-01 6.84831E-01 2.17340E+00 2.21496E+01
 1.23027E+01 4.81326E-01 6.85326E-01 2.15590E+00 2.23895E+01
 1.24451E+01 4.81670E-01 6.85816E-01 2.13841E+00 2.26305E+01
 1.25893E+01 4.82011E-01 6.86300E-01 2.12094E+00 2.28727E+01
 1.27350E+01 4.82347E-01 6.86779E-01 2.10350E+00 2.31161E+01
 1.28825E+01 4.82680E-01 6.87253E-01 2.08608E+00 2.33607E+01
 1.30317E+01 4.83009E-01 6.87722E-01 2.06869E+00 2.36063E+01
 1.31826E+01 4.83335E-01 6.88185E-01 2.05134E+00 2.38530E+01
 1.33352E+01 4.83656E-01 6.88644E-01 2.03402E+00 2.41007E+01
 1.34896E+01 4.83975E-01 6.89097E-01 2.01674E+00 2.43494E+01
 1.36458E+01 4.84290E-01 6.89545E-01 1.99950E+00 2.45991E+01
 1.38038E+01 4.84601E-01 6.89989E-01 1.98231E+00 2.48496E+01
 1.39637E+01 4.84909E-01 6.90427E-01 1.96517E+00 2.51010E+01
 1.41254E+01 4.85214E-01 6.90861E-01 1.94808E+00 2.53532E+01
 1.42889E+01 4.85515E-01 6.91290E-01 1.93105E+00 2.56062E+01
 1.44544E+01 4.85813E-01 6.91714E-01 1.91408E+00 2.58598E+01
 1.46218E+01 4.86107E-01 6.92133E-01 1.89717E+00 2.61142E+01
 1.47911E+01 4.86399E-01 6.92548E-01 1.88032E+00 2.63691E+01
 1.49624E+01 4.86687E-01 6.92958E-01 1.86353E+00 2.66247E+01
 1.51356E+01 4.86972E-01 6.93364E-01 1.84682E+00 2.68807E+01
 1.53109E+01 4.87254E-01 6.93765E-01 1.83017E+00 2.71371E+01
 1.54882E+01 4.87532E-01 6.94162E-01 1.81360E+00 2.73940E+01
 1.56675E+01 4.87808E-01 6.94554E-01 1.79710E+00 2.76512E+01
 1.58489E+01 4.88080E-01 6.94942E-01 1.78068E+00 2.79086E+01
 1.60325E+01 4.88350E-01 6.95326E-01 1.76434E+00 2.81663E+01
 1.62181E+01 4.88616E-01 6.95706E-01 1.74808E+00 2.84240E+01
 1.64059E+01 4.88880E-01 6.96081E-01 1.73190E+00 2.86819E+01
 1.65959E+01 4.89140E-01 6.96452E-01 1.71581E+00 2.89398E+01
 1.67880E+01 4.89398E-01 6.96819E-01 1.69980E+00 2.91975E+01
 1.69824E+01 4.89653E-01 6.97182E-01 1.68387E+00 2.94552E+01
 1.71791E+01 4.89905E-01 6.97541E-01 1.66804E+00 2.97126E+01
 1.73780E+01 4.90154E-01 6.97896E-01 1.65230E+00 2.99698E+01
 1.75792E+01 4.90401E-01 6.98247E-01 1.63664E+00 3.02266E+01
 1.77828E+01 4.90645E-01 6.98594E-01 1.62108E+00 3.04829E+01
 1.79887E+01 4.90886E-01 6.98937E-01 1.60561E+00 3.07387E+01
 1.81970E+01 4.91124E-01 6.99276E-01 1.59024E+00 3.09939E+01
 1.84077E+01 4.91360E-01 6.99612E-01 1.57497E+00 3.12484E+01
 1.86209E+01 4.91593E-01 6.99944E-01 1.55979E+00 3.15022E+01
 1.88365E+01 4.91823E-01 7.00272E-01 1.54470E+00 3.17551E+01
 1.90546E+01 4.92051E-01 7.00596E-01 1.52972E+00 3.20071E+01
 1.92752E+01 4.92277E-01 7.00917E-01 1.51484E+00 3.22580E+01
 1.94984E+01 4.92499E-01 7.01234E-01 1.50005E+00 3.25078E+01
 1.97242E+01 4.92720E-01 7.01548E-01 1.48537E+00 3.27564E+01
 1.99526E+01 4.92938E-01 7.01859E-01 1.47078E+00 3.30037E+01
 2.01837E+01 4.93153E-01 7.02165E-01 1.45630E+00 3.32496E+01
 2.04174E+01 4.93366E-01 7.02469E-01 1.44193E+00 3.34940E+01
 2.06538E+01 4.93577E-01 7.02769E-01 1.42765E+00 3.37368E+01
 2.08930E+01 4.93785E-01 7.03065E-01 1.41348E+00 3.39779E+01
 2.11349E+01 4.93991E-01 7.03359E-01 1.39941E+00 3.42172E+01
 2.13796E+01 4.94195E-01 7.03649E-01 1.38545E+00 3.44547E+01
 2.16272E+01 4.94396E-01 7.03936E-01 1.37159E+00 3.46902E+01
 2.18776E+01 4.94596E-01 7.04219E-01 1.35784E+00 3.49236E+01
 2.21309E+01 4.94793E-01 7.04500E-01 1.34419E+00 3.51548E+01
 2.23872E+01 4.94987E-01 7.04777E-01 1.33064E+00 3.53838E+01
 2.26464E+01 4.95180E-01 7.05051E-01 1.31720E+00 3.56103E+01
 2.29087E+01 4.95370E-01 7.05322E-01 1.30387E+00 3.58344E+01
 2.31739E+01 4.95559E-01 7.05590E-01 1.29064E+00 3.60559E+01
 2.34423E+01 4.95745E-01 7.05855E-01 1.27752E+00 3.62747E+01
 2.37137E+01 4.95929E-01 7.06118E-01 1.26451E+00 3.64908E+01
 2.39883E+01 4.96111E-01 7.06377E-01 1.25159E+00 3.67039E+01
 2.42661E+01 4.96291E-01 7.06633E-01 1.23879E+00 3.69140E+01
 2.45471E+01 4.96469E-01 7.06886E-01 1.22609E+00 3.71211E+01
 2.48313E+01 4.96645E-01 7.07137E-01 1.21349E+00 3.73249E+01
 2.51189E+01 4.96819E-01 7.07385E-01 1.20101E+00 3.75254E+01
 2.54097E+01 4.96991E-01 7.07630E-01 1.18862E+00 3.77226E+01
 2.57040E+01 4.97161E-01 7.07872E-01 1.17634E+00 3.79162E+01
 2.60016E+01 4.97329E-01 7.08111E-01 1.16417E+00 3.81062E+01
 2.63027E+01 4.97496E-01 7.08348E-01 1.15210E+00 3.82926E+01
 2.66073E+01 4.97660E-01 7.08582E-01 1.14013E+00 3.84751E+01
 2.69153E+01 4.97823E-01 7.08814E-01 1.12827E+00 3.86537E+01
 2.72270E+01 4.97983E-01 7.09043E-01 1.11651E+00 3.88284E+01
 2.75423E+01 4.98142E-01 7.09269E-01 1.10486E+00 3.89990E+01
 2.78612E+01 4.98300E-01 7.09493E-01 1.09330E+00 3.91654E+01
 2.81838E+01 4.98455E-01 7.09714E-01 1.08185E+00 3.93275E+01
 2.85102E+01 4.98609E-01 7.09933E-01 1.07051E+00 3.94853E+01
 2.88403E+01 4.98761E-01 7.10150E-01 1.05926E+00 3.96386E+01
 2.91743E+01 4.98911E-01 7.10363E-01 1.04812E+00 3.97874E+01
 2.95121E+01 4.99060E-01 7.10575E-01 1.03707E+00 3.99316E+01
 2.98538E+01 4.99206E-01 7.10784E-01 1.02613E+00 4.00711E+01
 3.01995E+01 4.99352E-01 7.10991E-01 1.01529E+00 4.02058E+01
 3.05492E+01 4.99495E-01 7.11195E-01 1.00455E+00 4.03357E+01
 3.09030E+01 4.99637E-01 7.11397E-01 9.93902E-01 4.04607E+01
 3.12608E+01 4.99778E-01 7.11597E-01 9.83357E-01 4.05806E+01
 3.16228E+01 4.99916E-01 7.11795E-01 9.72910E-01 4.06955E+01
 3.19890E+01 5.00054E-01 7.11990E-01 9.62561E-01 4.08053E+01
 3.23594E+01 5.00189E-01 7.12184E-01 9.52310E-01 4.09099E+01
 3.27341E+01 5.00323E-01 7.12375E-01 9.48171E-01 4.10092E+01
 3.31131E+01 5.00456E-01 7.12563E-01 9.48422E-01 4.11033E+01
 3.34965E+01 5.00587E-01 7.12750E-01 9.48671E-01 4.11919E+01
 3.38844E+01 5.00717E-01 7.12935E-01 9.48916E-01 4.12752E+01
 3.42768E+01 5.00845E-01 7.13117E-01 9.49159E-01 4.13530E+01
 3.46737E+01 5.00972E-01 7.13298E-01 9.49399E-01 4.14253E+01
 3.50752E+01 5.01097E-01 7.13476E-01 9.49637E-01 4.14920E+01
 3.54813E+01 5.01221E-01 7.13653E-01 9.49872E-01 4.15532E+01
 3.58922E+01 5.01344E-01 7.13827E-01 9.50104E-01 4.16088E+01
 3.63078E+01 5.01465E-01 7.14000E-01 9.50334E-01 4.16587E+01
 3.67282E+01 5.01585E-01 7.14170E-01 9.50561E-01 4.17029E+01
 3.71535E+01 5.01703E-01 7.14339E-01 9.50785E-01 4.17415E+01
 3.75837E+01 5.01820E-01 7.14506E-01 9.51007E-01 4.17743E+01
 3.80189E+01 5.01936E-01 7.14670E-01 9.51226E-01 4.18014E+01
 3.84592E+01 5.02050E-01 7.14833E-01 9.51443E-01 4.18228E+01
 3.89045E+01 5.02163E-01 7.14994E-01 9.51658E-01 4.18384E+01
 3.93550E+01 5.02275E-01 7.15154E-01 9.51870E-01 4.18483E+01
 3.98107E+01 5.02386E-01 7.15311E-01 9.52079E-01 4.18524E+01
 4.02717E+01 5.02495E-01 7.15467E-01 9.52286E-01 4.18508E+01
 4.07380E+01 5.02603E-01 7.15621E-01 9.52491E-01 4.18435E+01
 4.12098E+01 5.02710E-01 7.15773E-01 9.52694E-01 4.18304E+01
 4.16869E+01 5.02816E-01 7.15924E-01 9.52894E-01 4.18116E+01
 4.21697E+01 5.02921E-01 7.16072E-01 9.53092E-01 4.17872E+01
 4.26580E+01 5.03024E-01 7.16220E-01 9.53288E-01 4.17571E+01
 4.31519E+01 5.03126E-01 7.16365E-01 9.53482E-01 4.17213E+01
 4.36516E+01 5.03227E-01 7.16509E-01 9.53673E-01 4.16799E+01
 4.41570E+01 5.03327E-01 7.16651E-01 9.53862E-01 4.16330E+01
 4.46684E+01 5.03426E-01 7.16791E-01 9.54049E-01 4.15805E+01
 4.51856E+01 5.03523E-01 7.16930E-01 9.54234E-01 4.15225E+01
 4.57088E+01 5.03620E-01 7.17068E-01 9.54417E-01 4.14591E+01
 4.62381E+01 5.03715E-01 7.17204E-01 9.54598E-01 4.13903E+01
 4.67735E+01 5.03809E-01 7.17338E-01 9.54777E-01 4.13161E+01
 4.73151E+01 5.03903E-01 7.17471E-01 9.54954E-01 4.12366E+01
 4.78630E+01 5.03995E-01 7.17602E-01 9.55128E-01 4.11519E+01
 4.84172E+01 5.04086E-01 7.17732E-01 9.55301E-01 4.10619E+01
 4.89779E+01 5.04176E-01 7.17860E-01 9.55472E-01 4.09669E+01
 4.95450E+01 5.04265E-01 7.17987E-01 9.55641E-01 4.08668E+01
 5.01187E+01 5.04353E-01 7.18112E-01 9.55808E-01 4.07618E+01
 5.06991E+01 5.04440E-01 7.18237E-01 9.55973E-01 4.06518E+01
 5.12861E+01 5.04527E-01 7.18359E-01 9.56136E-01 4.05369E+01
 5.18800E+01 5.04612E-01 7.18480E-01 9.56297E-01 4.04173E+01
 5.24807E+01 5.04696E-01 7.18600E-01 9.56457E-01 4.02931E+01
 5.30884E+01 5.04779E-01 7.18719E-01 9.56615E-01 4.01642E+01
 5.37032E+01 5.04861E-01 7.18836E-01 9.56770E-01 4.00307E+01
 5.43250E+01 5.04943E-01 7.18952E-01 9.56925E-01 3.98929E+01
 5.49541E+01 5.05023E-01 7.19066E-01 9.57077E-01 3.97507E+01
 5.55904E+01 5.05103E-01 7.19179E-01 9.57228E-01 3.96042E+01
 5.62341E+01 5.05181E-01 7.19291E-01 9.57377E-01 3.94535E+01
 5.68853E+01 5.05259E-01 7.19402E-01 9.57524E-01 3.92988E+01
 5.75440E+01 5.05336E-01 7.19511E-01 9.57669E-01 3.91400E+01
 5.82103E+01 5.05412E-01 7.19619E-01 9.57813E-01 3.89774E+01
 5.88844E+01 5.05487E-01 7.19726E-01 9.57956E-01 3.88109E+01
 5.95662E+01 5.05561E-01 7.19832E-01 9.58096E-01 3.86408E+01
 6.02560E+01 5.05634E-01 7.19937E-01 9.58236E-01 3.84670E+01
 6.09537E+01 5.05707E-01 7.20040E-01 9.58373E-01 3.82897E+01
 6.16595E+01 5.05779E-01 7.20142E-01 9.58509E-01 3.81089E+01
 6.23735E+01 5.05850E-01 7.20243E-01 9.58643E-01 3.79249E+01
 6.30957E+01 5.05920E-01 7.20343E-01 9.58776E-01 3.77376E+01
 6.38263E+01 5.05989E-01 7.20442E-01 9.58908E-01 3.75472E+01
 6.45654E+01 5.06058E-01 7.20539E-01 9.59038E-01 3.73538E+01
 6.53131E+01 5.06125E-01 7.20636E-01 9.59166E-01 3.71575E+01
 6.60693E+01 5.06192E-01 7.20731E-01 9.59293E-01 3.69583E+01
 6.68344E+01 5.06259E-01 7.20825E-01 9.59418E-01 3.67564E+01
 6.76083E+01 5.06324E-01 7.20919E-01 9.59543E-01 3.65519E+01
 6.83912E+01 5.06389E-01 7.21011E-01 9.59665E-01 3.63448E+01
 6.91831E+01 5.06453E-01 7.21102E-01 9.59786E-01 3.61354E+01
 6.99842E+01 5.06516E-01 7.21192E-01 9.59906E-01 3.59236E+01
 7.07946E+01 5.06579E-01 7.21281E-01 9.60025E-01 3.57095E+01
 7.16143E+01 5.06641E-01 7.21369E-01 9.60142E-01 3.54933E+01
 7.24436E+01 5.06702E-01 7.21456E-01 9.60258E-01 3.52751E+01
 7.32825E+01 5.06762E-01 7.21542E-01 9.60373E-01 3.50550E+01
 7.41310E+01 5.06822E-01 7.21627E-01 9.60486E-01 3.48330E+01
 7.49894E+01 5.06881E-01 7.21711E-01 9.60598E-01 3.46092E+01
 7.58578E+01 5.06939E-01 7.21794E-01 9.60708E-01 3.43838E+01
 7.67361E+01 5.06997E-01 7.21877E-01 9.60818E-01 3.41568E+01
 7.76247E+01 5.07054E-01 7.21958E-01 9.60926E-01 3.39284E+01
 7.85236E+01 5.07111E-01 7.22038E-01 9.61033E-01 3.36985E+01
 7.94328E+01 5.07166E-01 7.22118E-01 9.61139E-01 3.34674E+01
 8.03526E+01 5.07222E-01 7.22196E-01 9.61243E-01 3.32350E+01
 8.12831E+01 5.07276E-01 7.22274E-01 9.61347E-01 3.30016E+01
 8.22243E+01 5.07330E-01 7.22351E-01 9.61449E-01 3.27671E+01
 8.31764E+01 5.07383E-01 7.22427E-01 9.61550E-01 3.25316E+01
 8.41395E+01 5.07436E-01 7.22502E-01 9.61650E-01 3.22953E+01
 8.51138E+01 5.07488E-01 7.22576E-01 9.61748E-01 3.20582E+01
 8.60994E+01 5.07540E-01 7.22649E-01 9.61846E-01 3.18203E+01
 8.70964E+01 5.07590E-01 7.22722E-01 9.61942E-01 3.15819E+01
 8.81049E+01 5.07641E-01 7.22793E-01 9.62038E-01 3.13429E+01
 8.91251E+01 5.07691E-01 7.22864E-01 9.62132E-01 3.11034E+01
 9.01571E+01 5.07740E-01 7.22934E-01 9.62225E-01 3.08635E+01
 9.12011E+01 5.07788E-01 7.23003E-01 9.62317E-01 3.06233E+01
 9.22571E+01 5.07836E-01 7.23072E-01 9.62409E-01 3.03828E+01
 9.33254E+01 5.07884E-01 7.23139E-01 9.62499E-01 3.01421E+01
 9.44061E+01 5.07931E-01 7.23206E-01 9.62588E-01 2.99013E+01
 9.54993E+01 5.07977E-01 7.23273E-01 9.62676E-01 2.96604E+01
 9.66051E+01 5.08023E-01 7.23338E-01 9.62763E-01 2.94196E+01
 9.77237E+01 5.08069E-01 7.23403E-01 9.62849E-01 2.91788E+01
 9.88553E+01 5.08114E-01 7.23466E-01 9.62934E-01 2.89381E+01
 1.00000E+02 5.08158E-01 7.23530E-01 9.63018E-01 2.86977E+01
