 1.00000E-02 1.88821E-02 3.55523E-02 6.39603E-02 6.85514E-02
 2.00000E-02 1.89129E-02 3.55619E-02 6.39204E-02 6.85271E-02
 3.00000E-02 1.89469E-02 3.55832E-02 6.38540E-02 6.84453E-02
 4.00000E-02 1.89981E-02 3.56091E-02 6.37620E-02 6.83240E-02
 5.00000E-02 1.90641E-02 3.56423E-02 6.36471E-02 6.81767E-02
 6.00000E-02 1.91486E-02 3.56911E-02 6.35165E-02 6.80039E-02
 7.00000E-02 1.92556E-02 3.57588E-02 6.33790E-02 6.78174E-02
 8.00000E-02 1.93921E-02 3.58570E-02 6.32511E-02 6.76364E-02
 9.00000E-02 1.95656E-02 3.59994E-02 6.31547E-02 6.74832E-02
 1.00000E-01 1.97866E-02 3.62023E-02 6.31172E-02 6.73860E-02
 1.10000E-01 2.00669E-02 3.64864E-02 6.31717E-02 6.73807E-02
 1.20000E-01 2.04201E-02 3.68745E-02 6.33553E-02 6.75071E-02
 1.30000E-01 2.08608E-02 3.73924E-02 6.37116E-02 6.78115E-02
 1.40000E-01 2.14041E-02 3.80675E-02 6.42872E-02 6.83432E-02
 1.50000E-01 2.20652E-02 3.89279E-02 6.51313E-02 6.91551E-02
 1.60000E-01 2.28581E-02 4.00003E-02 6.62925E-02 7.02997E-02
 1.70000E-01 2.37954E-02 4.13092E-02 6.78161E-02 7.18251E-02
 1.80000E-01 2.48868E-02 4.28743E-02 6.97405E-02 7.37732E-02
 1.90000E-01 2.61402E-02 4.47108E-02 7.20943E-02 7.61756E-02
 2.00000E-01 2.75607E-02 4.68286E-02 7.48969E-02 7.90527E-02
 2.10000E-01 2.91514E-02 4.92330E-02 7.81566E-02 8.24135E-02
 2.20000E-01 3.09140E-02 5.19255E-02 8.18730E-02 8.62575E-02
 2.30000E-01 3.28494E-02 5.49051E-02 8.60392E-02 9.05762E-02
 2.40000E-01 3.49577E-02 5.81692E-02 9.06434E-02 9.53559E-02
 2.50000E-01 3.72390E-02 6.17142E-02 9.56710E-02 1.00580E-01
 2.60000E-01 3.96932E-02 6.55364E-02 1.01107E-01 1.06229E-01
 2.70000E-01 4.23208E-02 6.96326E-02 1.06935E-01 1.12285E-01
 2.80000E-01 4.51221E-02 7.39996E-02 1.13141E-01 1.18730E-01
 2.90000E-01 4.80980E-02 7.86352E-02 1.19711E-01 1.25549E-01
 3.00000E-01 5.12497E-02 8.35375E-02 1.26635E-01 1.32726E-01
 3.10000E-01 5.45785E-02 8.87052E-02 1.33901E-01 1.40248E-01
 3.20000E-01 5.80860E-02 9.41378E-02 1.41501E-01 1.49280E-01
 3.30000E-01 6.17739E-02 9.98348E-02 1.49430E-01 1.59168E-01
 3.40000E-01 6.56443E-02 1.05797E-01 1.57682E-01 1.69336E-01
 3.50000E-01 6.96992E-02 1.12024E-01 1.66253E-01 1.79780E-01
 3.60000E-01 7.39255E-02 1.18517E-01 1.75143E-01 1.90496E-01
 3.70000E-01 7.82095E-02 1.25277E-01 1.84351E-01 2.01480E-01
 3.80000E-01 8.25208E-02 1.32182E-01 1.93878E-01 2.12729E-01
 3.90000E-01 8.68513E-02 1.39119E-01 2.03727E-01 2.24239E-01
 4.00000E-01 9.11934E-02 1.46074E-01 2.13867E-01 2.36007E-01
 4.10000E-01 9.55399E-02 1.53036E-01 2.24061E-01 2.48028E-01
 4.20000E-01 9.98841E-02 1.59995E-01 2.34249E-01 2.60300E-01
 4.30000E-01 1.04220E-01 1.66940E-01 2.44417E-01 2.72818E-01
 4.40000E-01 1.08541E-01 1.73862E-01 2.54551E-01 2.85580E-01
 4.50000E-01 1.12843E-01 1.80752E-01 2.64640E-01 2.98582E-01
 4.60000E-01 1.17120E-01 1.87604E-01 2.74670E-01 3.11821E-01
 4.70000E-01 1.21368E-01 1.94408E-01 2.84633E-01 3.25293E-01
 4.80000E-01 1.25583E-01 2.01159E-01 2.94518E-01 3.38996E-01
 4.90000E-01 1.29761E-01 2.07852E-01 3.04316E-01 3.52927E-01
 5.00000E-01 1.33898E-01 2.14479E-01 3.14019E-01 3.67082E-01
 5.10000E-01 1.37993E-01 2.21038E-01 3.23621E-01 3.81459E-01
 5.20000E-01 1.42041E-01 2.27523E-01 3.33116E-01 3.96054E-01
 5.30000E-01 1.46041E-01 2.33930E-01 3.42497E-01 4.10865E-01
 5.40000E-01 1.49991E-01 2.40257E-01 3.51760E-01 4.25889E-01
 5.50000E-01 1.53888E-01 2.46500E-01 3.60900E-01 4.41124E-01
 5.60000E-01 1.57732E-01 2.52656E-01 3.69914E-01 4.56567E-01
 5.70000E-01 1.61521E-01 2.58725E-01 3.78799E-01 4.72214E-01
 5.80000E-01 1.65253E-01 2.64704E-01 3.91309E-01 4.88065E-01
 5.90000E-01 1.68929E-01 2.70591E-01 4.05185E-01 5.04116E-01
 6.00000E-01 1.72546E-01 2.76386E-01 4.19271E-01 5.20364E-01
 6.10000E-01 1.76106E-01 2.82087E-01 4.33566E-01 5.36809E-01
 6.20000E-01 1.79606E-01 2.87694E-01 4.48070E-01 5.53446E-01
 6.30000E-01 1.83048E-01 2.93207E-01 4.62780E-01 5.70275E-01
 6.40000E-01 1.86431E-01 2.98626E-01 4.77590E-01 5.87292E-01
 6.50000E-01 1.89754E-01 3.03950E-01 4.92419E-01 6.04496E-01
 6.60000E-01 1.93019E-01 3.09179E-01 5.07260E-01 6.21885E-01
 6.70000E-01 1.96226E-01 3.14315E-01 5.22108E-01 6.39456E-01
 6.80000E-01 1.99374E-01 3.19358E-01 5.36958E-01 6.57208E-01
 6.90000E-01 2.02464E-01 3.24308E-01 5.51807E-01 6.75139E-01
 7.00000E-01 2.05496E-01 3.29166E-01 5.66650E-01 6.93246E-01
 7.10000E-01 2.08472E-01 3.33932E-01 5.81483E-01 7.11529E-01
 7.20000E-01 2.11392E-01 3.38609E-01 5.96302E-01 7.29984E-01
 7.30000E-01 2.14256E-01 3.43197E-01 6.11105E-01 7.48612E-01
 7.40000E-01 2.17065E-01 3.47696E-01 6.25888E-01 7.67409E-01
 7.50000E-01 2.19820E-01 3.52109E-01 6.40648E-01 7.86374E-01
 7.60000E-01 2.22521E-01 3.56436E-01 6.55383E-01 8.05505E-01
 7.70000E-01 2.25170E-01 3.60679E-01 6.70090E-01 8.24801E-01
 7.80000E-01 2.27767E-01 3.64839E-01 6.84766E-01 8.44261E-01
 7.90000E-01 2.30313E-01 3.68918E-01 6.99410E-01 8.63882E-01
 8.00000E-01 2.32809E-01 3.72916E-01 7.14019E-01 8.83664E-01
 8.10000E-01 2.35256E-01 3.76835E-01 7.28591E-01 9.03605E-01
 8.20000E-01 2.37654E-01 3.80676E-01 7.43125E-01 9.23703E-01
 8.30000E-01 2.40005E-01 3.84441E-01 7.57619E-01 9.43958E-01
 8.40000E-01 2.42309E-01 3.88132E-01 7.72071E-01 9.64367E-01
 8.50000E-01 2.44567E-01 3.91750E-01 7.86479E-01 9.84930E-01
 8.60000E-01 2.46781E-01 3.95295E-01 8.00843E-01 1.00565E+00
 8.70000E-01 2.48950E-01 3.98770E-01 8.15159E-01 1.02651E+00
 8.80000E-01 2.51076E-01 4.02176E-01 8.29429E-01 1.04753E+00
 8.90000E-01 2.53161E-01 4.05514E-01 8.43649E-01 1.06869E+00
 9.00000E-01 2.55203E-01 4.08786E-01 8.57818E-01 1.09001E+00
 9.10000E-01 2.57205E-01 4.11993E-01 8.71936E-01 1.11147E+00
 9.20000E-01 2.59168E-01 4.15137E-01 8.86002E-01 1.13307E+00
 9.30000E-01 2.61091E-01 4.18218E-01 9.00014E-01 1.15482E+00
 9.40000E-01 2.62977E-01 4.21238E-01 9.13970E-01 1.17671E+00
 9.50000E-01 2.64825E-01 4.24199E-01 9.27871E-01 1.19875E+00
 9.60000E-01 2.66637E-01 4.27102E-01 9.41716E-01 1.22092E+00
 9.70000E-01 2.68414E-01 4.29947E-01 9.55502E-01 1.24324E+00
 9.80000E-01 2.70155E-01 4.32737E-01 9.69229E-01 1.26570E+00
 9.90000E-01 2.71863E-01 4.35472E-01 9.82897E-01 1.28829E+00
 1.00000E+00 2.73537E-01 4.38153E-01 9.96505E-01 1.31102E+00
 1.01158E+00 2.75435E-01 4.41194E-01 1.01218E+00 1.33752E+00
 1.02329E+00 2.77312E-01 4.44200E-01 1.02796E+00 1.36450E+00
 1.03514E+00 2.79167E-01 4.47171E-01 1.04383E+00 1.39199E+00
 1.04713E+00 2.81001E-01 4.50109E-01 1.05979E+00 1.41999E+00
 1.05925E+00 2.82813E-01 4.53011E-01 1.07585E+00 1.44851E+00
 1.07152E+00 2.84603E-01 4.55880E-01 1.09198E+00 1.47755E+00
 1.08393E+00 2.86372E-01 4.58713E-01 1.10821E+00 1.50710E+00
 1.09648E+00 2.88120E-01 4.61512E-01 1.12451E+00 1.53717E+00
 1.10917E+00 2.89845E-01 4.64276E-01 1.14090E+00 1.56775E+00
 1.12202E+00 2.91549E-01 4.67005E-01 1.15736E+00 1.59886E+00
 1.13501E+00 2.93231E-01 4.69700E-01 1.17389E+00 1.63052E+00
 1.14815E+00 2.94892E-01 4.72360E-01 1.19049E+00 1.66272E+00
 1.16145E+00 2.96531E-01 4.74985E-01 1.20716E+00 1.69549E+00
 1.17490E+00 2.98148E-01 4.77576E-01 1.22388E+00 1.72882E+00
 1.18850E+00 2.99744E-01 4.80132E-01 1.24067E+00 1.76274E+00
 1.20226E+00 3.01319E-01 4.82654E-01 1.25752E+00 1.79726E+00
 1.21619E+00 3.02872E-01 4.85142E-01 1.27441E+00 1.83237E+00
 1.23027E+00 3.04404E-01 4.87596E-01 1.29135E+00 1.86810E+00
 1.24451E+00 3.05914E-01 4.90016E-01 1.30833E+00 1.90446E+00
 1.25893E+00 3.07404E-01 4.92402E-01 1.32535E+00 1.94146E+00
 1.27350E+00 3.08873E-01 4.94754E-01 1.34241E+00 1.97910E+00
 1.28825E+00 3.10321E-01 4.97074E-01 1.35949E+00 2.01741E+00
 1.30317E+00 3.11748E-01 4.99360E-01 1.37660E+00 2.05639E+00
 1.31826E+00 3.13155E-01 5.01613E-01 1.39373E+00 2.09606E+00
 1.33352E+00 3.14541E-01 5.03834E-01 1.41087E+00 2.13642E+00
 1.34896E+00 3.15907E-01 5.06022E-01 1.42802E+00 2.17750E+00
 1.36458E+00 3.17253E-01 5.08178E-01 1.44518E+00 2.21930E+00
 1.38038E+00 3.18579E-01 5.10302E-01 1.46233E+00 2.26183E+00
 1.39637E+00 3.19886E-01 5.12395E-01 1.47947E+00 2.30512E+00
 1.41254E+00 3.21172E-01 5.14456E-01 1.49660E+00 2.34916E+00
 1.42889E+00 3.22440E-01 5.16486E-01 1.51372E+00 2.39398E+00
 1.44544E+00 3.23688E-01 5.18486E-01 1.53080E+00 2.43959E+00
 1.46218E+00 3.24917E-01 5.20455E-01 1.54786E+00 2.48600E+00
 1.47911E+00 3.26128E-01 5.22394E-01 1.56488E+00 2.53323E+00
 1.49624E+00 3.27320E-01 5.24303E-01 1.58185E+00 2.58128E+00
 1.51356E+00 3.28493E-01 5.26183E-01 1.59878E+00 2.63018E+00
 1.53109E+00 3.29648E-01 5.28033E-01 1.61565E+00 2.67993E+00
 1.54882E+00 3.30786E-01 5.29855E-01 1.63245E+00 2.73056E+00
 1.56675E+00 3.31905E-01 5.31648E-01 1.64919E+00 2.78207E+00
 1.58489E+00 3.33007E-01 5.33413E-01 1.66585E+00 2.83447E+00
 1.60325E+00 3.34092E-01 5.35151E-01 1.68243E+00 2.88780E+00
 1.62181E+00 3.35159E-01 5.36861E-01 1.69891E+00 2.94205E+00
 1.64059E+00 3.36210E-01 5.38543E-01 1.71530E+00 2.99724E+00
 1.65959E+00 3.37244E-01 5.40199E-01 1.73158E+00 3.05339E+00
 1.67880E+00 3.38261E-01 5.41829E-01 1.74776E+00 3.11051E+00
 1.69824E+00 3.39263E-01 5.43433E-01 1.76381E+00 3.16862E+00
 1.71791E+00 3.40248E-01 5.45011E-01 1.77974E+00 3.22773E+00
 1.73780E+00 3.41217E-01 5.46564E-01 1.79554E+00 3.28786E+00
 1.75792E+00 3.42171E-01 5.48092E-01 1.81119E+00 3.34902E+00
 1.77828E+00 3.43109E-01 5.49595E-01 1.82670E+00 3.41123E+00
 1.79887E+00 3.44033E-01 5.51074E-01 1.84206E+00 3.47450E+00
 1.81970E+00 3.44941E-01 5.52529E-01 1.85725E+00 3.53885E+00
 1.84077E+00 3.45835E-01 5.53961E-01 1.87228E+00 3.60429E+00
 1.86209E+00 3.46714E-01 5.55369E-01 1.88713E+00 3.67084E+00
 1.88365E+00 3.47579E-01 5.56755E-01 1.90179E+00 3.73852E+00
 1.90546E+00 3.48430E-01 5.58118E-01 1.91627E+00 3.80733E+00
 1.92752E+00 3.49267E-01 5.59459E-01 1.93055E+00 3.87730E+00
 1.94984E+00 3.50091E-01 5.60778E-01 1.94463E+00 3.94845E+00
 1.97242E+00 3.50901E-01 5.62076E-01 1.95850E+00 4.02077E+00
 1.99526E+00 3.51698E-01 5.63353E-01 1.97215E+00 4.09430E+00
 2.01837E+00 3.52483E-01 5.64609E-01 1.98557E+00 4.16905E+00
 2.04174E+00 3.53254E-01 5.65845E-01 1.99877E+00 4.24503E+00
 2.06538E+00 3.54013E-01 5.67061E-01 2.01173E+00 4.32226E+00
 2.08930E+00 3.54760E-01 5.68257E-01 2.02445E+00 4.40075E+00
 2.11349E+00 3.55494E-01 5.69433E-01 2.03691E+00 4.48053E+00
 2.13796E+00 3.56217E-01 5.70591E-01 2.04912E+00 4.56160E+00
 2.16272E+00 3.56928E-01 5.71730E-01 2.06108E+00 4.64398E+00
 2.18776E+00 3.57628E-01 5.72850E-01 2.07276E+00 4.72768E+00
 2.21309E+00 3.58316E-01 5.73953E-01 2.08417E+00 4.81273E+00
 2.23872E+00 3.58993E-01 5.75038E-01 2.09530E+00 4.89914E+00
 2.26464E+00 3.59659E-01 5.76105E-01 2.10615E+00 4.98692E+00
 2.29087E+00 3.60315E-01 5.77155E-01 2.11671E+00 5.07609E+00
 2.31739E+00 3.60960E-01 5.78188E-01 2.12698E+00 5.16666E+00
 2.34423E+00 3.61595E-01 5.79205E-01 2.13694E+00 5.25865E+00
 2.37137E+00 3.62220E-01 5.80206E-01 2.14661E+00 5.35207E+00
 2.39883E+00 3.62834E-01 5.81191E-01 2.15596E+00 5.44694E+00
 2.42661E+00 3.63439E-01 5.82160E-01 2.16501E+00 5.54328E+00
 2.45471E+00 3.64035E-01 5.83113E-01 2.17374E+00 5.64109E+00
 2.48313E+00 3.64621E-01 5.84052E-01 2.18215E+00 5.74040E+00
 2.51189E+00 3.65198E-01 5.84976E-01 2.19024E+00 5.84121E+00
 2.54097E+00 3.65765E-01 5.85885E-01 2.19800E+00 5.94354E+00
 2.57040E+00 3.66324E-01 5.86780E-01 2.20543E+00 6.04741E+00
 2.60016E+00 3.66874E-01 5.87661E-01 2.21253E+00 6.15283E+00
 2.63027E+00 3.67416E-01 5.88529E-01 2.21929E+00 6.25982E+00
 2.66073E+00 3.67949E-01 5.89383E-01 2.22572E+00 6.36838E+00
 2.69153E+00 3.68474E-01 5.90224E-01 2.23181E+00 6.47853E+00
 2.72270E+00 3.68991E-01 5.91051E-01 2.23756E+00 6.59029E+00
 2.75423E+00 3.69499E-01 5.91867E-01 2.24296E+00 6.70366E+00
 2.78612E+00 3.70001E-01 5.92669E-01 2.24802E+00 6.81867E+00
 2.81838E+00 3.70494E-01 5.93460E-01 2.25274E+00 6.93532E+00
 2.85102E+00 3.70980E-01 5.94238E-01 2.25710E+00 7.05362E+00
 2.88403E+00 3.71459E-01 5.95005E-01 2.26112E+00 7.17360E+00
 2.91743E+00 3.71930E-01 5.95760E-01 2.26480E+00 7.29526E+00
 2.95121E+00 3.72394E-01 5.96504E-01 2.26812E+00 7.41861E+00
 2.98538E+00 3.72852E-01 5.97237E-01 2.27110E+00 7.54366E+00
 3.01995E+00 3.73303E-01 5.97958E-01 2.27373E+00 7.67043E+00
 3.05492E+00 3.73746E-01 5.98670E-01 2.27601E+00 7.79893E+00
 3.09030E+00 3.74184E-01 5.99370E-01 2.27794E+00 7.92917E+00
 3.12608E+00 3.74615E-01 6.00061E-01 2.27953E+00 8.06115E+00
 3.16228E+00 3.75040E-01 6.00741E-01 2.28078E+00 8.19490E+00
 3.19890E+00 3.75458E-01 6.01412E-01 2.28168E+00 8.33042E+00
 3.23594E+00 3.75871E-01 6.02072E-01 2.28224E+00 8.46772E+00
 3.27341E+00 3.76277E-01 6.02724E-01 2.28246E+00 8.60681E+00
 3.31131E+00 3.76678E-01 6.03366E-01 2.28234E+00 8.74769E+00
 3.34965E+00 3.77073E-01 6.03998E-01 2.28189E+00 8.89039E+00
 3.38844E+00 3.77463E-01 6.04622E-01 2.28111E+00 9.03490E+00
 3.42768E+00 3.77847E-01 6.05237E-01 2.27999E+00 9.18124E+00
 3.46737E+00 3.78225E-01 6.05844E-01 2.27855E+00 9.32941E+00
 3.50752E+00 3.78598E-01 6.06442E-01 2.27678E+00 9.47943E+00
 3.54813E+00 3.78967E-01 6.07031E-01 2.27469E+00 9.63129E+00
 3.58922E+00 3.79330E-01 6.07613E-01 2.27228E+00 9.78501E+00
 3.63078E+00 3.79688E-01 6.08186E-01 2.26956E+00 9.94059E+00
 3.67282E+00 3.80041E-01 6.08752E-01 2.26652E+00 1.00980E+01
 3.71535E+00 3.80389E-01 6.09309E-01 2.26318E+00 1.02574E+01
 3.75837E+00 3.80732E-01 6.09860E-01 2.25954E+00 1.04186E+01
 3.80189E+00 3.81071E-01 6.10403E-01 2.25560E+00 1.05816E+01
 3.84592E+00 3.81406E-01 6.10938E-01 2.25136E+00 1.07466E+01
 3.89045E+00 3.81736E-01 6.11467E-01 2.24683E+00 1.09135E+01
 3.93550E+00 3.82061E-01 6.11988E-01 2.24202E+00 1.10823E+01
 3.98107E+00 3.82382E-01 6.12503E-01 2.23692E+00 1.12529E+01
 4.02717E+00 3.82699E-01 6.13010E-01 2.23155E+00 1.14255E+01
 4.07380E+00 3.83012E-01 6.13512E-01 2.22590E+00 1.16000E+01
 4.12098E+00 3.83321E-01 6.14006E-01 2.21999E+00 1.17764E+01
 4.16869E+00 3.83626E-01 6.14494E-01 2.21382E+00 1.19546E+01
 4.21697E+00 3.83927E-01 6.14976E-01 2.20739E+00 1.21348E+01
 4.26580E+00 3.84224E-01 6.15452E-01 2.20071E+00 1.23170E+01
 4.31519E+00 3.84517E-01 6.15921E-01 2.19378E+00 1.25010E+01
 4.36516E+00 3.84806E-01 6.16385E-01 2.18661E+00 1.26869E+01
 4.41570E+00 3.85092E-01 6.16843E-01 2.17920E+00 1.28747E+01
 4.46684E+00 3.85374E-01 6.17295E-01 2.17157E+00 1.30645E+01
 4.51856E+00 3.85653E-01 6.17741E-01 2.16370E+00 1.32561E+01
 4.57088E+00 3.85928E-01 6.18181E-01 2.15562E+00 1.34496E+01
 4.62381E+00 3.86199E-01 6.18617E-01 2.14733E+00 1.36451E+01
 4.67735E+00 3.86468E-01 6.19046E-01 2.13882E+00 1.38424E+01
 4.73151E+00 3.86733E-01 6.19471E-01 2.13011E+00 1.40416E+01
 4.78630E+00 3.86994E-01 6.19890E-01 2.12121E+00 1.42426E+01
 4.84172E+00 3.87253E-01 6.20304E-01 2.11211E+00 1.44456E+01
 4.89779E+00 3.87508E-01 6.20713E-01 2.10283E+00 1.46504E+01
 4.95450E+00 3.87761E-01 6.21117E-01 2.09336E+00 1.48571E+01
 5.01187E+00 3.88010E-01 6.21517E-01 2.08372E+00 1.50656E+01
 5.06991E+00 3.88256E-01 6.21911E-01 2.07391E+00 1.52759E+01
 5.12861E+00 3.88499E-01 6.22301E-01 2.06393E+00 1.54881E+01
 5.18800E+00 3.88739E-01 6.22686E-01 2.05380E+00 1.57020E+01
 5.24807E+00 3.88977E-01 6.23066E-01 2.04351E+00 1.59178E+01
 5.30884E+00 3.89212E-01 6.23442E-01 2.03308E+00 1.61354E+01
 5.37032E+00 3.89443E-01 6.23813E-01 2.02250E+00 1.63547E+01
 5.43250E+00 3.89672E-01 6.24180E-01 2.01178E+00 1.65758E+01
 5.49541E+00 3.89899E-01 6.24543E-01 2.00093E+00 1.67986E+01
 5.55904E+00 3.90123E-01 6.24901E-01 1.98995E+00 1.70231E+01
 5.62341E+00 3.90344E-01 6.25255E-01 1.97886E+00 1.72494E+01
 5.68853E+00 3.90562E-01 6.25605E-01 1.96764E+00 1.74773E+01
 5.75440E+00 3.90778E-01 6.25951E-01 1.95632E+00 1.77069E+01
 5.82103E+00 3.90991E-01 6.26293E-01 1.94489E+00 1.79381E+01
 5.88844E+00 3.91202E-01 6.26631E-01 1.93335E+00 1.81709E+01
 5.95662E+00 3.91411E-01 6.26965E-01 1.92172E+00 1.84053E+01
 6.02560E+00 3.91617E-01 6.27295E-01 1.91000E+00 1.86413E+01
 6.09537E+00 3.91821E-01 6.27621E-01 1.89819E+00 1.88789E+01
 6.16595E+00 3.92022E-01 6.27943E-01 1.88630E+00 1.91179E+01
 6.23735E+00 3.92221E-01 6.28262E-01 1.87433E+00 1.93584E+01
 6.30957E+00 3.92418E-01 6.28577E-01 1.86229E+00 1.96004E+01
 6.38263E+00 3.92612E-01 6.28889E-01 1.85018E+00 1.98438E+01
 6.45654E+00 3.92804E-01 6.29197E-01 1.83801E+00 2.00886E+01
 6.53131E+00 3.92995E-01 6.29501E-01 1.82578E+00 2.03348E+01
 6.60693E+00 3.93182E-01 6.29802E-01 1.81349E+00 2.05822E+01
 6.68344E+00 3.93368E-01 6.30100E-01 1.80115E+00 2.08309E+01
 6.76083E+00 3.93552E-01 6.30394E-01 1.78877E+00 2.10809E+01
 6.83912E+00 3.93733E-01 6.30685E-01 1.77634E+00 2.13321E+01
 6.91831E+00 3.93913E-01 6.30972E-01 1.76387E+00 2.15844E+01
 6.99842E+00 3.94090E-01 6.31256E-01 1.75137E+00 2.18379E+01
 7.07946E+00 3.94266E-01 6.31537E-01 1.73883E+00 2.20924E+01
 7.16143E+00 3.94439E-01 6.31815E-01 1.72627E+00 2.23480E+01
 7.24436E+00 3.94611E-01 6.32090E-01 1.71368E+00 2.26045E+01
 7.32825E+00 3.94780E-01 6.32361E-01 1.70108E+00 2.28619E+01
 7.41310E+00 3.94948E-01 6.32630E-01 1.68846E+00 2.31202E+01
 7.49894E+00 3.95113E-01 6.32895E-01 1.67582E+00 2.33794E+01
 7.58578E+00 3.95277E-01 6.33158E-01 1.66317E+00 2.36393E+01
 7.67361E+00 3.95439E-01 6.33417E-01 1.65052E+00 2.38999E+01
 7.76247E+00 3.95599E-01 6.33674E-01 1.63786E+00 2.41612E+01
 7.85236E+00 3.95758E-01 6.33928E-01 1.62520E+00 2.44231E+01
 7.94328E+00 3.95914E-01 6.34178E-01 1.61255E+00 2.46855E+01
 8.03526E+00 3.96069E-01 6.34426E-01 1.59990E+00 2.49484E+01
 8.12831E+00 3.96222E-01 6.34672E-01 1.58726E+00 2.52117E+01
 8.22243E+00 3.96374E-01 6.34914E-01 1.57463E+00 2.54753E+01
 8.31764E+00 3.96523E-01 6.35154E-01 1.56201E+00 2.57392E+01
 8.41395E+00 3.96671E-01 6.35391E-01 1.54941E+00 2.60033E+01
 8.51138E+00 3.96818E-01 6.35625E-01 1.53683E+00 2.62675E+01
 8.60994E+00 3.96962E-01 6.35857E-01 1.52426E+00 2.65318E+01
 8.70964E+00 3.97105E-01 6.36086E-01 1.51173E+00 2.67961E+01
 8.81049E+00 3.97247E-01 6.36313E-01 1.49921E+00 2.70603E+01
 8.91251E+00 3.97387E-01 6.36537E-01 1.48673E+00 2.73243E+01
 9.01571E+00 3.97525E-01 6.36758E-01 1.47428E+00 2.75881E+01
 9.12011E+00 3.97662E-01 6.36977E-01 1.46186E+00 2.78516E+01
 9.22571E+00 3.97797E-01 6.37194E-01 1.44947E+00 2.81146E+01
 9.33254E+00 3.97931E-01 6.37408E-01 1.43712E+00 2.83772E+01
 9.44061E+00 3.98063E-01 6.37620E-01 1.42481E+00 2.86391E+01
 9.54993E+00 3.98194E-01 6.37829E-01 1.41254E+00 2.89004E+01
 9.66051E+00 3.98323E-01 6.38036E-01 1.40031E+00 2.91610E+01
 9.77237E+00 3.98451E-01 6.38241E-01 1.38813E+00 2.94206E+01
 9.88553E+00 3.98577E-01 6.38443E-01 1.37599E+00 2.96794E+01
 1.00000E+01 3.98702E-01 6.38643E-01 1.36390E+00 2.99371E+01
 1.01158E+01 3.98825E-01 6.38841E-01 1.35185E+00 3.01937E+01
 1.02329E+01 3.98948E-01 6.39037E-01 1.33986E+00 3.04491E+01
 1.03514E+01 3.99068E-01 6.39230E-01 1.32792E+00 3.07032E+01
 1.04713E+01 3.99188E-01 6.39421E-01 1.31603E+00 3.09558E+01
 1.05925E+01 3.99306E-01 6.39611E-01 1.30419E+00 3.12070E+01
 1.07152E+01 3.99422E-01 6.39798E-01 1.29241E+00 3.14565E+01
 1.08393E+01 3.99538E-01 6.39982E-01 1.28069E+00 3.17044E+01
 1.09648E+01 3.99652E-01 6.40165E-01 1.26903E+00 3.19504E+01
 1.10917E+01 3.99765E-01 6.40346E-01 1.25742E+00 3.21945E+01
 1.12202E+01 3.99876E-01 6.40525E-01 1.24587E+00 3.24366E+01
 1.13501E+01 3.99987E-01 6.40701E-01 1.23439E+00 3.26765E+01
 1.14815E+01 4.00096E-01 6.40876E-01 1.22297E+00 3.29143E+01
 1.16145E+01 4.00204E-01 6.41049E-01 1.21161E+00 3.31497E+01
 1.17490E+01 4.00310E-01 6.41220E-01 1.20031E+00 3.33827E+01
 1.18850E+01 4.00416E-01 6.41389E-01 1.18908E+00 3.36132E+01
 1.20226E+01 4.00520E-01 6.41556E-01 1.17791E+00 3.38410E+01
 1.21619E+01 4.00623E-01 6.41721E-01 1.16681E+00 3.40660E+01
 1.23027E+01 4.00725E-01 6.41884E-01 1.15578E+00 3.42883E+01
 1.24451E+01 4.00826E-01 6.42045E-01 1.14482E+00 3.45075E+01
 1.25893E+01 4.00925E-01 6.42205E-01 1.13392E+00 3.47238E+01
 1.27350E+01 4.01024E-01 6.42363E-01 1.12309E+00 3.49368E+01
 1.28825E+01 4.01121E-01 6.42519E-01 1.11233E+00 3.51466E+01
 1.30317E+01 4.01218E-01 6.42673E-01 1.10164E+00 3.53530E+01
 1.31826E+01 4.01313E-01 6.42826E-01 1.09102E+00 3.55560E+01
 1.33352E+01 4.01407E-01 6.42976E-01 1.08048E+00 3.57554E+01
 1.34896E+01 4.01500E-01 6.43125E-01 1.07000E+00 3.59511E+01
 1.36458E+01 4.01592E-01 6.43273E-01 1.05959E+00 3.61430E+01
 1.38038E+01 4.01683E-01 6.43419E-01 1.04926E+00 3.63311E+01
 1.39637E+01 4.01773E-01 6.43563E-01 1.03900E+00 3.65152E+01
 1.41254E+01 4.01862E-01 6.43705E-01 1.02881E+00 3.66952E+01
 1.42889E+01 4.01950E-01 6.43846E-01 1.01870E+00 3.68712E+01
 1.44544E+01 4.02037E-01 6.43985E-01 1.00865E+00 3.70428E+01
 1.46218E+01 4.02123E-01 6.44123E-01 9.98684E-01 3.72101E+01
 1.47911E+01 4.02208E-01 6.44259E-01 9.88788E-01 3.73730E+01
 1.49624E+01 4.02292E-01 6.44394E-01 9.78966E-01 3.75314E+01
 1.51356E+01 4.02375E-01 6.44527E-01 9.69218E-01 3.76852E+01
 1.53109E+01 4.02457E-01 6.44659E-01 9.59543E-01 3.78344E+01
 1.54882E+01 4.02538E-01 6.44789E-01 9.49943E-01 3.79788E+01
 1.56675E+01 4.02619E-01 6.44917E-01 9.44224E-01 3.81183E+01
 1.58489E+01 4.02698E-01 6.45045E-01 9.44410E-01 3.82530E+01
 1.60325E+01 4.02777E-01 6.45170E-01 9.44594E-01 3.83826E+01
 1.62181E+01 4.02854E-01 6.45295E-01 9.44776E-01 3.85073E+01
 1.64059E+01 4.02931E-01 6.45418E-01 9.44956E-01 3.86268E+01
 1.65959E+01 4.03007E-01 6.45539E-01 9.45134E-01 3.87411E+01
 1.67880E+01 4.03082E-01 6.45659E-01 9.45310E-01 3.88503E+01
 1.69824E+01 4.03156E-01 6.45778E-01 9.45484E-01 3.89541E+01
 1.71791E+01 4.03229E-01 6.45896E-01 9.45656E-01 3.90526E+01
 1.73780E+01 4.03302E-01 6.46012E-01 9.45826E-01 3.91457E+01
 1.75792E+01 4.03374E-01 6.46127E-01 9.45994E-01 3.92334E+01
 1.77828E+01 4.03444E-01 6.46240E-01 9.46160E-01 3.93155E+01
 1.79887E+01 4.03515E-01 6.46352E-01 9.46324E-01 3.93922E+01
 1.81970E+01 4.03584E-01 6.46463E-01 9.46487E-01 3.94633E+01
 1.84077E+01 4.03652E-01 6.46573E-01 9.46647E-01 3.95288E+01
 1.86209E+01 4.03720E-01 6.46681E-01 9.46806E-01 3.95888E+01
 1.88365E+01 4.03787E-01 6.46789E-01 9.46963E-01 3.96430E+01
 1.90546E+01 4.03853E-01 6.46895E-01 9.47118E-01 3.96916E+01
 1.92752E+01 4.03919E-01 6.46999E-01 9.47272E-01 3.97345E+01
 1.94984E+01 4.03983E-01 6.47103E-01 9.47424E-01 3.97718E+01
 1.97242E+01 4.04047E-01 6.47206E-01 9.47574E-01 3.98033E+01
 1.99526E+01 4.04111E-01 6.47307E-01 9.47722E-01 3.98291E+01
 2.01837E+01 4.04173E-01 6.47407E-01 9.47869E-01 3.98492E+01
 2.04174E+01 4.04235E-01 6.47506E-01 9.48014E-01 3.98636E+01
 2.06538E+01 4.04296E-01 6.47604E-01 9.48157E-01 3.98723E+01
 2.08930E+01 4.04356E-01 6.47701E-01 9.48299E-01 3.98753E+01
 2.11349E+01 4.04416E-01 6.47796E-01 9.48439E-01 3.98726E+01
 2.13796E+01 4.04475E-01 6.47891E-01 9.48577E-01 3.98642E+01
 2.16272E+01 4.04534E-01 6.47985E-01 9.48714E-01 3.98502E+01
 2.18776E+01 4.04591E-01 6.48077E-01 9.48850E-01 3.98306E+01
 2.21309E+01 4.04648E-01 6.48168E-01 9.48983E-01 3.98054E+01
 2.23872E+01 4.04705E-01 6.48259E-01 9.49116E-01 3.97746E+01
 2.26464E+01 4.04761E-01 6.48348E-01 9.49247E-01 3.97383E+01
 2.29087E+01 4.04816E-01 6.48437E-01 9.49376E-01 3.96965E+01
 2.31739E+01 4.04870E-01 6.48524E-01 9.49504E-01 3.96492E+01
 2.34423E+01 4.04924E-01 6.48610E-01 9.49630E-01 3.95966E+01
 2.37137E+01 4.04977E-01 6.48696E-01 9.49755E-01 3.95386E+01
 2.39883E+01 4.05030E-01 6.48780E-01 9.49879E-01 3.94752E+01
 2.42661E+01 4.05082E-01 6.48863E-01 9.50001E-01 3.94067E+01
 2.45471E+01 4.05134E-01 6.48946E-01 9.50122E-01 3.93329E+01
 2.48313E+01 4.05185E-01 6.49027E-01 9.50241E-01 3.92540E+01
 2.51189E+01 4.05235E-01 6.49108E-01 9.50359E-01 3.91701E+01
 2.54097E+01 4.05285E-01 6.49188E-01 9.50476E-01 3.90811E+01
 2.57040E+01 4.05334E-01 6.49267E-01 9.50591E-01 3.89872E+01
 2.60016E+01 4.05383E-01 6.49345E-01 9.50705E-01 3.88884E+01
 2.63027E+01 4.05431E-01 6.49422E-01 9.50818E-01 3.87849E+01
 2.66073E+01 4.05478E-01 6.49498E-01 9.50930E-01 3.86766E+01
 2.69153E+01 4.05525E-01 6.49573E-01 9.51040E-01 3.85637E+01
 2.72270E+01 4.05572E-01 6.49647E-01 9.51149E-01 3.84462E+01
 2.75423E+01 4.05618E-01 6.49721E-01 9.51257E-01 3.83243E+01
 2.78612E+01 4.05663E-01 6.49794E-01 9.51363E-01 3.81980E+01
 2.81838E+01 4.05708E-01 6.49866E-01 9.51468E-01 3.80673E+01
 2.85102E+01 4.05752E-01 6.49937E-01 9.51573E-01 3.79325E+01
 2.88403E+01 4.05796E-01 6.50007E-01 9.51676E-01 3.77935E+01
 2.91743E+01 4.05840E-01 6.50077E-01 9.51777E-01 3.76504E+01
 2.95121E+01 4.05883E-01 6.50145E-01 9.51878E-01 3.75034E+01
 2.98538E+01 4.05925E-01 6.50213E-01 9.51977E-01 3.73526E+01
 3.01995E+01 4.05967E-01 6.50280E-01 9.52076E-01 3.71979E+01
 3.05492E+01 4.06008E-01 6.50347E-01 9.52173E-01 3.70396E+01
 3.09030E+01 4.06049E-01 6.50413E-01 9.52269E-01 3.68778E+01
 3.12608E+01 4.06090E-01 6.50477E-01 9.52364E-01 3.67124E+01
 3.16228E+01 4.06130E-01 6.50542E-01 9.52458E-01 3.65437E+01
 3.19890E+01 4.06169E-01 6.50605E-01 9.52551E-01 3.63716E+01
 3.23594E+01 4.06209E-01 6.50668E-01 9.52643E-01 3.61964E+01
 3.27341E+01 4.06247E-01 6.50730E-01 9.52733E-01 3.60181E+01
 3.31131E+01 4.06286E-01 6.50791E-01 9.52823E-01 3.58368E+01
 3.34965E+01 4.06323E-01 6.50852E-01 9.52912E-01 3.56525E+01
 3.38844E+01 4.06361E-01 6.50911E-01 9.52999E-01 3.54655E+01
 3.42768E+01 4.06398E-01 6.50971E-01 9.53086E-01 3.52758E+01
 3.46737E+01 4.06434E-01 6.51029E-01 9.53172E-01 3.50835E+01
 3.50752E+01 4.06470E-01 6.51087E-01 9.53257E-01 3.48886E+01
 3.54813E+01 4.06506E-01 6.51144E-01 9.53340E-01 3.46914E+01
 3.58922E+01 4.06542E-01 6.51201E-01 9.53423E-01 3.44918E+01
 3.63078E+01 4.06576E-01 6.51257E-01 9.53505E-01 3.42900E+01
 3.67282E+01 4.06611E-01 6.51312E-01 9.53586E-01 3.40860E+01
 3.71535E+01 4.06645E-01 6.51367E-01 9.53666E-01 3.38801E+01
 3.75837E+01 4.06679E-01 6.51421E-01 9.53745E-01 3.36722E+01
 3.80189E+01 4.06712E-01 6.51474E-01 9.53823E-01 3.34624E+01
 3.84592E+01 4.06745E-01 6.51527E-01 9.53901E-01 3.32509E+01
 3.89045E+01 4.06778E-01 6.51579E-01 9.53977E-01 3.30378E+01
 3.93550E+01 4.06810E-01 6.51631E-01 9.54053E-01 3.28230E+01
 3.98107E+01 4.06842E-01 6.51682E-01 9.54127E-01 3.26068E+01
 4.02717E+01 4.06873E-01 6.51732E-01 9.54201E-01 3.23892E+01
 4.07380E+01 4.06904E-01 6.51782E-01 9.54274E-01 3.21702E+01
 4.12098E+01 4.06935E-01 6.51832E-01 9.54347E-01 3.19501E+01
 4.16869E+01 4.06966E-01 6.51880E-01 9.54418E-01 3.17287E+01
 4.21697E+01 4.06996E-01 6.51928E-01 9.54488E-01 3.15064E+01
 4.26580E+01 4.07025E-01 6.51976E-01 9.54558E-01 3.12830E+01
 4.31519E+01 4.07055E-01 6.52023E-01 9.54627E-01 3.10588E+01
 4.36516E+01 4.07084E-01 6.52070E-01 9.54695E-01 3.08337E+01
 4.41570E+01 4.07113E-01 6.52116E-01 9.54763E-01 3.06080E+01
 4.46684E+01 4.07141E-01 6.52161E-01 9.54829E-01 3.03815E+01
 4.51856E+01 4.07169E-01 6.52206E-01 9.54895E-01 3.01544E+01
 4.57088E+01 4.07197E-01 6.52251E-01 9.54960E-01 2.99269E+01
 4.62381E+01 4.07224E-01 6.52295E-01 9.55025E-01 2.96989E+01
 4.67735E+01 4.07251E-01 6.52338E-01 9.55088E-01 2.94705E+01
 4.73151E+01 4.07278E-01 6.52381E-01 9.55151E-01 2.92418E+01
 4.78630E+01 4.07305E-01 6.52424E-01 9.55213E-01 2.90128E+01
 4.84172E+01 4.07331E-01 6.52466E-01 9.55275E-01 2.87837E+01
 4.89779E+01 4.07357E-01 6.52507E-01 9.55336E-01 2.85545E+01
 4.95450E+01 4.07383E-01 6.52548E-01 9.55396E-01 2.83253E+01
 5.01187E+01 4.07408E-01 6.52589E-01 9.55455E-01 2.80960E+01
 5.06991E+01 4.07433E-01 6.52629E-01 9.55514E-01 2.78668E+01
 5.12861E+01 4.07458E-01 6.52669E-01 9.55572E-01 2.76378E+01
 5.18800E+01 4.07482E-01 6.52708E-01 9.55629E-01 2.74090E+01
 5.24807E+01 4.07506E-01 6.52746E-01 9.55686E-01 2.71803E+01
 5.30884E+01 4.07530E-01 6.52785E-01 9.55742E-01 2.69520E+01
 5.37032E+01 4.07554E-01 6.52823E-01 9.55798E-01 2.67241E+01
 5.43250E+01 4.07577E-01 6.52860E-01 9.55852E-01 2.64965E+01
 5.49541E+01 4.07600E-01 6.52897E-01 9.55907E-01 2.62694E+01
 5.55904E+01 4.07623E-01 6.52934E-01 9.55960E-01 2.60428E+01
 5.62341E+01 4.07646E-01 6.52970E-01 9.56013E-01 2.58167E+01
 5.68853E+01 4.07668E-01 6.53006E-01 9.56066E-01 2.55912E+01
 5.75440E+01 4.07690E-01 6.53041E-01 9.56117E-01 2.53663E+01
 5.82103E+01 4.07712E-01 6.53076E-01 9.56169E-01 2.51421E+01
 5.88844E+01 4.07734E-01 6.53111E-01 9.56219E-01 2.49186E+01
 5.95662E+01 4.07755E-01 6.53145E-01 9.56269E-01 2.46959E+01
 6.02560E+01 4.07776E-01 6.53178E-01 9.56319E-01 2.44739E+01
 6.09537E+01 4.07797E-01 6.53212E-01 9.56367E-01 2.42528E+01
 6.16595E+01 4.07818E-01 6.53245E-01 9.56416E-01 2.40325E+01
 6.23735E+01 4.07838E-01 6.53277E-01 9.56464E-01 2.38131E+01
 6.30957E+01 4.07858E-01 6.53310E-01 9.56511E-01 2.35947E+01
 6.38263E+01 4.07878E-01 6.53342E-01 9.56557E-01 2.33772E+01
 6.45654E+01 4.07898E-01 6.53373E-01 9.56604E-01 2.31607E+01
 6.53131E+01 4.07917E-01 6.53404E-01 9.56649E-01 2.29451E+01
 6.60693E+01 4.07936E-01 6.53435E-01 9.56694E-01 2.27307E+01
 6.68344E+01 4.07955E-01 6.53466E-01 9.56739E-01 2.25173E+01
 6.76083E+01 4.07974E-01 6.53496E-01 9.56783E-01 2.23050E+01
 6.83912E+01 4.07993E-01 6.53525E-01 9.56827E-01 2.20938E+01
 6.91831E+01 4.08011E-01 6.53555E-01 9.56870E-01 2.18837E+01
 6.99842E+01 4.08029E-01 6.53584E-01 9.56912E-01 2.16748E+01
 7.07946E+01 4.08047E-01 6.53613E-01 9.56954E-01 2.14671E+01
 7.16143E+01 4.08065E-01 6.53641E-01 9.56996E-01 2.12606E+01
 7.24436E+01 4.08083E-01 6.53669E-01 9.57037E-01 2.10553E+01
 7.32825E+01 4.08100E-01 6.53697E-01 9.57078E-01 2.08512E+01
 7.41310E+01 4.08117E-01 6.53725E-01 9.57118E-01 2.06484E+01
 7.49894E+01 4.08134E-01 6.53752E-01 9.57158E-01 2.04469E+01
 7.58578E+01 4.08151E-01 6.53779E-01 9.57197E-01 2.02466E+01
 7.67361E+01 4.08167E-01 6.53805E-01 9.57236E-01 2.00476E+01
 7.76247E+01 4.08184E-01 6.53831E-01 9.57274E-01 1.98500E+01
 7.85236E+01 4.08200E-01 6.53857E-01 9.57312E-01 1.96536E+01
 7.94328E+01 4.08216E-01 6.53883E-01 9.57350E-01 1.94586E+01
 8.03526E+01 4.08232E-01 6.53908E-01 9.57387E-01 1.92650E+01
 8.12831E+01 4.08247E-01 6.53933E-01 9.57424E-01 1.90727E+01
 8.22243E+01 4.08263E-01 6.53958E-01 9.57460E-01 1.88818E+01
 8.31764E+01 4.08278E-01 6.53983E-01 9.57496E-01 1.86922E+01
 8.41395E+01 4.08293E-01 6.54007E-01 9.57531E-01 1.85040E+01
 8.51138E+01 4.08308E-01 6.54031E-01 9.57566E-01 1.83172E+01
 8.60994E+01 4.08323E-01 6.54054E-01 9.57601E-01 1.81318E+01
 8.70964E+01 4.08338E-01 6.54078E-01 9.57635E-01 1.79478E+01
 8.81049E+01 4.08352E-01 6.54101E-01 9.57669E-01 1.77652E+01
 8.91251E+01 4.08366E-01 6.54124E-01 9.57703E-01 1.75840E+01
 9.01571E+01 4.08380E-01 6.54146E-01 9.57736E-01 1.74042E+01
 9.12011E+01 4.08394E-01 6.54169E-01 9.57768E-01 1.72258E+01
 9.22571E+01 4.08408E-01 6.54191E-01 9.57801E-01 1.70489E+01
 9.33254E+01 4.08422E-01 6.54213E-01 9.57833E-01 1.68733E+01
 9.44061E+01 4.08435E-01 6.54234E-01 9.57864E-01 1.66992E+01
 9.54993E+01 4.08448E-01 6.54256E-01 9.57895E-01 1.65265E+01
 9.66051E+01 4.08462E-01 6.54277E-01 9.57926E-01 1.63552E+01
 9.77237E+01 4.08475E-01 6.54297E-01 9.57957E-01 1.61854E+01
 9.88553E+01 4.08488E-01 6.54318E-01 9.57987E-01 1.60169E+01
 1.00000E+02 4.08500E-01 6.54338E-01 9.58017E-01 1.58499E+01
