 1.00000E-02 1.88870E-02 3.55612E-02 6.39763E-02 6.85684E-02
 2.00000E-02 1.89324E-02 3.55974E-02 6.39843E-02 6.85961E-02
 3.00000E-02 1.89908E-02 3.56633E-02 6.39977E-02 6.85997E-02
 4.00000E-02 1.90763E-02 3.57515E-02 6.40176E-02 6.85981E-02
 5.00000E-02 1.91865E-02 3.58652E-02 6.40468E-02 6.86071E-02
 6.00000E-02 1.93253E-02 3.60130E-02 6.40922E-02 6.86240E-02
 7.00000E-02 1.94974E-02 3.61992E-02 6.41656E-02 6.86654E-02
 8.00000E-02 1.97101E-02 3.64359E-02 6.42848E-02 6.87500E-02
 9.00000E-02 1.99715E-02 3.67377E-02 6.44727E-02 6.89022E-02
 1.00000E-01 2.02927E-02 3.71222E-02 6.47576E-02 6.91526E-02
 1.10000E-01 2.06856E-02 3.76104E-02 6.51747E-02 6.95376E-02
 1.20000E-01 2.11641E-02 3.82252E-02 6.57610E-02 7.00974E-02
 1.30000E-01 2.17424E-02 3.89923E-02 6.65598E-02 7.08775E-02
 1.40000E-01 2.24355E-02 3.99377E-02 6.76153E-02 7.19260E-02
 1.50000E-01 2.32575E-02 4.10882E-02 6.89739E-02 7.32917E-02
 1.60000E-01 2.42218E-02 4.24681E-02 7.06798E-02 7.50231E-02
 1.70000E-01 2.53396E-02 4.40994E-02 7.27734E-02 7.71631E-02
 1.80000E-01 2.66204E-02 4.59999E-02 7.52880E-02 7.97480E-02
 1.90000E-01 2.80709E-02 4.81828E-02 7.82481E-02 8.28048E-02
 2.00000E-01 2.96960E-02 5.06568E-02 8.16690E-02 8.63500E-02
 2.10000E-01 3.14989E-02 5.34262E-02 8.55564E-02 9.03899E-02
 2.20000E-01 3.34814E-02 5.64921E-02 8.99087E-02 9.49220E-02
 2.30000E-01 3.56441E-02 5.98535E-02 9.47172E-02 9.99365E-02
 2.40000E-01 3.79878E-02 6.35077E-02 9.99692E-02 1.05418E-01
 2.50000E-01 4.05127E-02 6.74513E-02 1.05649E-01 1.11349E-01
 2.60000E-01 4.32190E-02 7.16806E-02 1.11741E-01 1.17710E-01
 2.70000E-01 4.61074E-02 7.61923E-02 1.18227E-01 1.24478E-01
 2.80000E-01 4.91785E-02 8.09832E-02 1.25091E-01 1.31634E-01
 2.90000E-01 5.24332E-02 8.60506E-02 1.32317E-01 1.39159E-01
 3.00000E-01 5.58729E-02 9.13922E-02 1.39892E-01 1.47034E-01
 3.10000E-01 5.94988E-02 9.70064E-02 1.47803E-01 1.55244E-01
 3.20000E-01 6.33126E-02 1.02892E-01 1.56038E-01 1.63774E-01
 3.30000E-01 6.73160E-02 1.09047E-01 1.64587E-01 1.72611E-01
 3.40000E-01 7.15110E-02 1.15472E-01 1.73444E-01 1.81747E-01
 3.50000E-01 7.58993E-02 1.22166E-01 1.82600E-01 1.91171E-01
 3.60000E-01 8.04731E-02 1.29129E-01 1.92050E-01 2.00880E-01
 3.70000E-01 8.51160E-02 1.36360E-01 2.01791E-01 2.10868E-01
 3.80000E-01 8.97868E-02 1.43821E-01 2.11820E-01 2.21135E-01
 3.90000E-01 9.44768E-02 1.51334E-01 2.22135E-01 2.31678E-01
 4.00000E-01 9.91776E-02 1.58863E-01 2.32736E-01 2.42500E-01
 4.10000E-01 1.03882E-01 1.66398E-01 2.43624E-01 2.53605E-01
 4.20000E-01 1.08581E-01 1.73927E-01 2.54646E-01 2.64986E-01
 4.30000E-01 1.13271E-01 1.81437E-01 2.65643E-01 2.76429E-01
 4.40000E-01 1.17942E-01 1.88921E-01 2.76599E-01 2.87830E-01
 4.50000E-01 1.22591E-01 1.96368E-01 2.87502E-01 2.99176E-01
 4.60000E-01 1.27212E-01 2.03769E-01 2.98339E-01 3.10453E-01
 4.70000E-01 1.31800E-01 2.11118E-01 3.09098E-01 3.21649E-01
 4.80000E-01 1.36350E-01 2.18407E-01 3.19770E-01 3.32754E-01
 4.90000E-01 1.40859E-01 2.25630E-01 3.30344E-01 3.43758E-01
 5.00000E-01 1.45323E-01 2.32780E-01 3.40813E-01 3.54651E-01
 5.10000E-01 1.49739E-01 2.39853E-01 3.51169E-01 3.65428E-01
 5.20000E-01 1.54104E-01 2.46844E-01 3.61405E-01 3.76079E-01
 5.30000E-01 1.58415E-01 2.53749E-01 3.71515E-01 3.86600E-01
 5.40000E-01 1.62670E-01 2.60565E-01 3.81494E-01 3.96984E-01
 5.50000E-01 1.66867E-01 2.67289E-01 3.91337E-01 4.07227E-01
 5.60000E-01 1.71005E-01 2.73917E-01 4.01041E-01 4.17325E-01
 5.70000E-01 1.75082E-01 2.80447E-01 4.10603E-01 4.27275E-01
 5.80000E-01 1.79097E-01 2.86879E-01 4.20020E-01 4.37074E-01
 5.90000E-01 1.83050E-01 2.93210E-01 4.29289E-01 4.46719E-01
 6.00000E-01 1.86938E-01 2.99439E-01 4.38409E-01 4.56210E-01
 6.10000E-01 1.90763E-01 3.05565E-01 4.47378E-01 4.69263E-01
 6.20000E-01 1.94523E-01 3.11588E-01 4.56196E-01 4.82672E-01
 6.30000E-01 1.98218E-01 3.17508E-01 4.64863E-01 4.96179E-01
 6.40000E-01 2.01849E-01 3.23323E-01 4.73377E-01 5.09781E-01
 6.50000E-01 2.05415E-01 3.29035E-01 4.81740E-01 5.23477E-01
 6.60000E-01 2.08916E-01 3.34644E-01 4.89952E-01 5.37262E-01
 6.70000E-01 2.12354E-01 3.40149E-01 4.98013E-01 5.51135E-01
 6.80000E-01 2.15727E-01 3.45553E-01 5.05924E-01 5.65092E-01
 6.90000E-01 2.19037E-01 3.50855E-01 5.13686E-01 5.79132E-01
 7.00000E-01 2.22284E-01 3.56056E-01 5.21301E-01 5.93252E-01
 7.10000E-01 2.25469E-01 3.61157E-01 5.28771E-01 6.07450E-01
 7.20000E-01 2.28592E-01 3.66160E-01 5.36095E-01 6.21722E-01
 7.30000E-01 2.31655E-01 3.71066E-01 5.43278E-01 6.36069E-01
 7.40000E-01 2.34657E-01 3.75875E-01 5.50319E-01 6.50486E-01
 7.50000E-01 2.37600E-01 3.80590E-01 5.57221E-01 6.64973E-01
 7.60000E-01 2.40485E-01 3.85211E-01 5.63987E-01 6.79526E-01
 7.70000E-01 2.43312E-01 3.89740E-01 5.70618E-01 6.94145E-01
 7.80000E-01 2.46083E-01 3.94178E-01 5.77116E-01 7.08827E-01
 7.90000E-01 2.48798E-01 3.98527E-01 5.83483E-01 7.23571E-01
 8.00000E-01 2.51459E-01 4.02788E-01 5.94157E-01 7.38375E-01
 8.10000E-01 2.54065E-01 4.06963E-01 6.04962E-01 7.53238E-01
 8.20000E-01 2.56619E-01 4.11054E-01 6.15683E-01 7.68157E-01
 8.30000E-01 2.59121E-01 4.15061E-01 6.26319E-01 7.83131E-01
 8.40000E-01 2.61572E-01 4.18987E-01 6.36868E-01 7.98159E-01
 8.50000E-01 2.63973E-01 4.22833E-01 6.47332E-01 8.13240E-01
 8.60000E-01 2.66325E-01 4.26601E-01 6.57708E-01 8.28372E-01
 8.70000E-01 2.68629E-01 4.30292E-01 6.67998E-01 8.43553E-01
 8.80000E-01 2.70886E-01 4.33908E-01 6.78200E-01 8.58783E-01
 8.90000E-01 2.73097E-01 4.37449E-01 6.88314E-01 8.74060E-01
 9.00000E-01 2.75264E-01 4.40919E-01 6.98341E-01 8.89384E-01
 9.10000E-01 2.77385E-01 4.44318E-01 7.08280E-01 9.04752E-01
 9.20000E-01 2.79464E-01 4.47647E-01 7.18131E-01 9.20165E-01
 9.30000E-01 2.81500E-01 4.50909E-01 7.27894E-01 9.35621E-01
 9.40000E-01 2.83495E-01 4.54105E-01 7.37569E-01 9.51119E-01
 9.50000E-01 2.85450E-01 4.57235E-01 7.47157E-01 9.66658E-01
 9.60000E-01 2.87365E-01 4.60303E-01 7.56657E-01 9.82238E-01
 9.70000E-01 2.89241E-01 4.63308E-01 7.66070E-01 9.97857E-01
 9.80000E-01 2.91079E-01 4.66252E-01 7.75396E-01 1.01352E+00
 9.90000E-01 2.92880E-01 4.69137E-01 7.84634E-01 1.02921E+00
 1.00000E+00 2.94645E-01 4.71964E-01 7.93786E-01 1.04495E+00
 1.01158E+00 2.96644E-01 4.75167E-01 8.04275E-01 1.06321E+00
 1.02329E+00 2.98620E-01 4.78331E-01 8.14769E-01 1.08174E+00
 1.03514E+00 3.00571E-01 4.81457E-01 8.25264E-01 1.10052E+00
 1.04713E+00 3.02498E-01 4.84544E-01 8.35758E-01 1.11958E+00
 1.05925E+00 3.04402E-01 4.87592E-01 8.46251E-01 1.13891E+00
 1.07152E+00 3.06280E-01 4.90602E-01 8.56738E-01 1.15851E+00
 1.08393E+00 3.08135E-01 4.93573E-01 8.67218E-01 1.17839E+00
 1.09648E+00 3.09965E-01 4.96504E-01 8.77689E-01 1.19855E+00
 1.10917E+00 3.11771E-01 4.99397E-01 8.88149E-01 1.21899E+00
 1.12202E+00 3.13553E-01 5.02251E-01 8.98594E-01 1.23971E+00
 1.13501E+00 3.15310E-01 5.05065E-01 9.09024E-01 1.26070E+00
 1.14815E+00 3.17043E-01 5.07841E-01 9.19434E-01 1.28197E+00
 1.16145E+00 3.18751E-01 5.10578E-01 9.29824E-01 1.30351E+00
 1.17490E+00 3.20436E-01 5.13276E-01 9.40191E-01 1.32533E+00
 1.18850E+00 3.22096E-01 5.15936E-01 9.50531E-01 1.34744E+00
 1.20226E+00 3.23732E-01 5.18557E-01 9.60844E-01 1.36984E+00
 1.21619E+00 3.25345E-01 5.21139E-01 9.71126E-01 1.39254E+00
 1.23027E+00 3.26933E-01 5.23683E-01 9.81376E-01 1.41554E+00
 1.24451E+00 3.28498E-01 5.26190E-01 9.91589E-01 1.43885E+00
 1.25893E+00 3.30038E-01 5.28658E-01 1.00177E+00 1.46248E+00
 1.27350E+00 3.31556E-01 5.31088E-01 1.01190E+00 1.48642E+00
 1.28825E+00 3.33050E-01 5.33481E-01 1.02199E+00 1.51068E+00
 1.30317E+00 3.34521E-01 5.35837E-01 1.03204E+00 1.53527E+00
 1.31826E+00 3.35968E-01 5.38156E-01 1.04204E+00 1.56020E+00
 1.33352E+00 3.37393E-01 5.40438E-01 1.05199E+00 1.58547E+00
 1.34896E+00 3.38795E-01 5.42684E-01 1.06189E+00 1.61109E+00
 1.36458E+00 3.40174E-01 5.44893E-01 1.07174E+00 1.63707E+00
 1.38038E+00 3.41531E-01 5.47067E-01 1.08152E+00 1.66340E+00
 1.39637E+00 3.42866E-01 5.49205E-01 1.09125E+00 1.69010E+00
 1.41254E+00 3.44178E-01 5.51307E-01 1.10091E+00 1.71717E+00
 1.42889E+00 3.45469E-01 5.53375E-01 1.11051E+00 1.74463E+00
 1.44544E+00 3.46738E-01 5.55408E-01 1.12005E+00 1.77247E+00
 1.46218E+00 3.47986E-01 5.57406E-01 1.12951E+00 1.80071E+00
 1.47911E+00 3.49213E-01 5.59371E-01 1.13891E+00 1.82934E+00
 1.49624E+00 3.50418E-01 5.61302E-01 1.14823E+00 1.85839E+00
 1.51356E+00 3.51603E-01 5.63200E-01 1.15747E+00 1.88785E+00
 1.53109E+00 3.52767E-01 5.65065E-01 1.16664E+00 1.91774E+00
 1.54882E+00 3.53911E-01 5.66897E-01 1.17573E+00 1.94806E+00
 1.56675E+00 3.55035E-01 5.68697E-01 1.18473E+00 1.97882E+00
 1.58489E+00 3.56139E-01 5.70466E-01 1.19365E+00 2.01003E+00
 1.60325E+00 3.57223E-01 5.72202E-01 1.20249E+00 2.04169E+00
 1.62181E+00 3.58288E-01 5.73908E-01 1.21123E+00 2.07382E+00
 1.64059E+00 3.59334E-01 5.75583E-01 1.21989E+00 2.10643E+00
 1.65959E+00 3.60361E-01 5.77228E-01 1.22845E+00 2.13951E+00
 1.67880E+00 3.61369E-01 5.78843E-01 1.23692E+00 2.17309E+00
 1.69824E+00 3.62359E-01 5.80429E-01 1.24529E+00 2.20717E+00
 1.71791E+00 3.63331E-01 5.81985E-01 1.25357E+00 2.24176E+00
 1.73780E+00 3.64284E-01 5.83513E-01 1.26174E+00 2.27687E+00
 1.75792E+00 3.65220E-01 5.85012E-01 1.26982E+00 2.31250E+00
 1.77828E+00 3.66139E-01 5.86484E-01 1.27779E+00 2.34868E+00
 1.79887E+00 3.67040E-01 5.87928E-01 1.28566E+00 2.38541E+00
 1.81970E+00 3.67925E-01 5.89344E-01 1.29342E+00 2.42270E+00
 1.84077E+00 3.68793E-01 5.90734E-01 1.30108E+00 2.46055E+00
 1.86209E+00 3.69644E-01 5.92098E-01 1.30862E+00 2.49899E+00
 1.88365E+00 3.70479E-01 5.93436E-01 1.31606E+00 2.53802E+00
 1.90546E+00 3.71298E-01 5.94748E-01 1.32338E+00 2.57766E+00
 1.92752E+00 3.72102E-01 5.96035E-01 1.33059E+00 2.61790E+00
 1.94984E+00 3.72889E-01 5.97297E-01 1.33769E+00 2.65878E+00
 1.97242E+00 3.73662E-01 5.98535E-01 1.34467E+00 2.70029E+00
 1.99526E+00 3.74420E-01 5.99748E-01 1.35153E+00 2.74245E+00
 2.01837E+00 3.75163E-01 6.00938E-01 1.35828E+00 2.78527E+00
 2.04174E+00 3.75891E-01 6.02105E-01 1.36491E+00 2.82877E+00
 2.06538E+00 3.76605E-01 6.03249E-01 1.37141E+00 2.87296E+00
 2.08930E+00 3.77305E-01 6.04370E-01 1.37780E+00 2.91784E+00
 2.11349E+00 3.77992E-01 6.05469E-01 1.38407E+00 2.96343E+00
 2.13796E+00 3.78664E-01 6.06547E-01 1.39021E+00 3.00975E+00
 2.16272E+00 3.79323E-01 6.07603E-01 1.39623E+00 3.05681E+00
 2.18776E+00 3.79969E-01 6.08638E-01 1.40213E+00 3.10463E+00
 2.21309E+00 3.80603E-01 6.09652E-01 1.40790E+00 3.15320E+00
 2.23872E+00 3.81223E-01 6.10646E-01 1.41355E+00 3.20256E+00
 2.26464E+00 3.81831E-01 6.11620E-01 1.41907E+00 3.25271E+00
 2.29087E+00 3.82427E-01 6.12574E-01 1.42446E+00 3.30367E+00
 2.31739E+00 3.83011E-01 6.13509E-01 1.42973E+00 3.35546E+00
 2.34423E+00 3.83582E-01 6.14425E-01 1.43487E+00 3.40808E+00
 2.37137E+00 3.84143E-01 6.15322E-01 1.43988E+00 3.46156E+00
 2.39883E+00 3.84691E-01 6.16201E-01 1.44476E+00 3.51590E+00
 2.42661E+00 3.85229E-01 6.17062E-01 1.44951E+00 3.57113E+00
 2.45471E+00 3.85756E-01 6.17906E-01 1.45413E+00 3.62726E+00
 2.48313E+00 3.86271E-01 6.18732E-01 1.45862E+00 3.68430E+00
 2.51189E+00 3.86776E-01 6.19541E-01 1.46298E+00 3.74228E+00
 2.54097E+00 3.87271E-01 6.20333E-01 1.46721E+00 3.80120E+00
 2.57040E+00 3.87756E-01 6.21110E-01 1.47131E+00 3.86109E+00
 2.60016E+00 3.88230E-01 6.21870E-01 1.47528E+00 3.92196E+00
 2.63027E+00 3.88695E-01 6.22614E-01 1.47911E+00 3.98382E+00
 2.66073E+00 3.89150E-01 6.23342E-01 1.48281E+00 4.04670E+00
 2.69153E+00 3.89595E-01 6.24056E-01 1.48639E+00 4.11061E+00
 2.72270E+00 3.90031E-01 6.24755E-01 1.48982E+00 4.17557E+00
 2.75423E+00 3.90458E-01 6.25439E-01 1.49313E+00 4.24160E+00
 2.78612E+00 3.90876E-01 6.26108E-01 1.49630E+00 4.30871E+00
 2.81838E+00 3.91286E-01 6.26764E-01 1.49934E+00 4.37693E+00
 2.85102E+00 3.91686E-01 6.27406E-01 1.50225E+00 4.44626E+00
 2.88403E+00 3.92079E-01 6.28034E-01 1.50503E+00 4.51673E+00
 2.91743E+00 3.92463E-01 6.28649E-01 1.50767E+00 4.58836E+00
 2.95121E+00 3.92838E-01 6.29251E-01 1.51018E+00 4.66116E+00
 2.98538E+00 3.93206E-01 6.29841E-01 1.51255E+00 4.73516E+00
 3.01995E+00 3.93566E-01 6.30417E-01 1.51479E+00 4.81037E+00
 3.05492E+00 3.93919E-01 6.30982E-01 1.51690E+00 4.88680E+00
 3.09030E+00 3.94264E-01 6.31534E-01 1.51888E+00 4.96449E+00
 3.12608E+00 3.94601E-01 6.32075E-01 1.52072E+00 5.04345E+00
 3.16228E+00 3.94932E-01 6.32604E-01 1.52243E+00 5.12369E+00
 3.19890E+00 3.95255E-01 6.33122E-01 1.52401E+00 5.20524E+00
 3.23594E+00 3.95571E-01 6.33629E-01 1.52545E+00 5.28811E+00
 3.27341E+00 3.95881E-01 6.34125E-01 1.52677E+00 5.37233E+00
 3.31131E+00 3.96184E-01 6.34610E-01 1.52795E+00 5.45791E+00
 3.34965E+00 3.96481E-01 6.35085E-01 1.52900E+00 5.54488E+00
 3.38844E+00 3.96771E-01 6.35550E-01 1.52991E+00 5.63325E+00
 3.42768E+00 3.97054E-01 6.36004E-01 1.53070E+00 5.72304E+00
 3.46737E+00 3.97332E-01 6.36449E-01 1.53135E+00 5.81427E+00
 3.50752E+00 3.97604E-01 6.36885E-01 1.53187E+00 5.90697E+00
 3.54813E+00 3.97870E-01 6.37310E-01 1.53226E+00 6.00114E+00
 3.58922E+00 3.98130E-01 6.37727E-01 1.53252E+00 6.09681E+00
 3.63078E+00 3.98384E-01 6.38135E-01 1.53265E+00 6.19400E+00
 3.67282E+00 3.98633E-01 6.38533E-01 1.53265E+00 6.29273E+00
 3.71535E+00 3.98877E-01 6.38924E-01 1.53253E+00 6.39301E+00
 3.75837E+00 3.99115E-01 6.39305E-01 1.53227E+00 6.49487E+00
 3.80189E+00 3.99348E-01 6.39679E-01 1.53188E+00 6.59832E+00
 3.84592E+00 3.99576E-01 6.40044E-01 1.53137E+00 6.70339E+00
 3.89045E+00 3.99799E-01 6.40401E-01 1.53073E+00 6.81009E+00
 3.93550E+00 4.00017E-01 6.40750E-01 1.52996E+00 6.91844E+00
 3.98107E+00 4.00231E-01 6.41092E-01 1.52906E+00 7.02846E+00
 4.02717E+00 4.00439E-01 6.41427E-01 1.52804E+00 7.14016E+00
 4.07380E+00 4.00644E-01 6.41754E-01 1.52690E+00 7.25357E+00
 4.12098E+00 4.00843E-01 6.42074E-01 1.52563E+00 7.36869E+00
 4.16869E+00 4.01039E-01 6.42386E-01 1.52423E+00 7.48556E+00
 4.21697E+00 4.01230E-01 6.42692E-01 1.52271E+00 7.60419E+00
 4.26580E+00 4.01417E-01 6.42992E-01 1.52107E+00 7.72458E+00
 4.31519E+00 4.01599E-01 6.43285E-01 1.51931E+00 7.84677E+00
 4.36516E+00 4.01778E-01 6.43571E-01 1.51743E+00 7.97076E+00
 4.41570E+00 4.01953E-01 6.43851E-01 1.51543E+00 8.09657E+00
 4.46684E+00 4.02124E-01 6.44125E-01 1.51330E+00 8.22422E+00
 4.51856E+00 4.02291E-01 6.44393E-01 1.51106E+00 8.35372E+00
 4.57088E+00 4.02455E-01 6.44654E-01 1.50870E+00 8.48508E+00
 4.62381E+00 4.02615E-01 6.44911E-01 1.50623E+00 8.61833E+00
 4.67735E+00 4.02771E-01 6.45161E-01 1.50363E+00 8.75347E+00
 4.73151E+00 4.02924E-01 6.45406E-01 1.50093E+00 8.89051E+00
 4.78630E+00 4.03073E-01 6.45646E-01 1.49811E+00 9.02948E+00
 4.84172E+00 4.03220E-01 6.45880E-01 1.49517E+00 9.17037E+00
 4.89779E+00 4.03363E-01 6.46109E-01 1.49213E+00 9.31321E+00
 4.95450E+00 4.03502E-01 6.46333E-01 1.48897E+00 9.45800E+00
 5.01187E+00 4.03639E-01 6.46552E-01 1.48570E+00 9.60475E+00
 5.06991E+00 4.03773E-01 6.46766E-01 1.48233E+00 9.75347E+00
 5.12861E+00 4.03904E-01 6.46976E-01 1.47885E+00 9.90418E+00
 5.18800E+00 4.04032E-01 6.47180E-01 1.47526E+00 1.00569E+01
 5.24807E+00 4.04157E-01 6.47381E-01 1.47156E+00 1.02116E+01
 5.30884E+00 4.04279E-01 6.47576E-01 1.46777E+00 1.03683E+01
 5.37032E+00 4.04398E-01 6.47768E-01 1.46387E+00 1.05270E+01
 5.43250E+00 4.04515E-01 6.47955E-01 1.45986E+00 1.06877E+01
 5.49541E+00 4.04629E-01 6.48138E-01 1.45576E+00 1.08504E+01
 5.55904E+00 4.04741E-01 6.48317E-01 1.45156E+00 1.10151E+01
 5.62341E+00 4.04850E-01 6.48492E-01 1.44726E+00 1.11819E+01
 5.68853E+00 4.04957E-01 6.48663E-01 1.44287E+00 1.13507E+01
 5.75440E+00 4.05062E-01 6.48830E-01 1.43838E+00 1.15215E+01
 5.82103E+00 4.05164E-01 6.48994E-01 1.43380E+00 1.16944E+01
 5.88844E+00 4.05264E-01 6.49154E-01 1.42912E+00 1.18692E+01
 5.95662E+00 4.05361E-01 6.49310E-01 1.42436E+00 1.20461E+01
 6.02560E+00 4.05457E-01 6.49463E-01 1.41950E+00 1.22250E+01
 6.09537E+00 4.05550E-01 6.49612E-01 1.41456E+00 1.24059E+01
 6.16595E+00 4.05641E-01 6.49759E-01 1.40953E+00 1.25887E+01
 6.23735E+00 4.05730E-01 6.49901E-01 1.40442E+00 1.27736E+01
 6.30957E+00 4.05817E-01 6.50041E-01 1.39922E+00 1.29605E+01
 6.38263E+00 4.05903E-01 6.50178E-01 1.39394E+00 1.31493E+01
 6.45654E+00 4.05986E-01 6.50311E-01 1.38858E+00 1.33401E+01
 6.53131E+00 4.06067E-01 6.50442E-01 1.38314E+00 1.35328E+01
 6.60693E+00 4.06147E-01 6.50569E-01 1.37763E+00 1.37275E+01
 6.68344E+00 4.06225E-01 6.50694E-01 1.37204E+00 1.39241E+01
 6.76083E+00 4.06301E-01 6.50816E-01 1.36637E+00 1.41225E+01
 6.83912E+00 4.06375E-01 6.50935E-01 1.36063E+00 1.43229E+01
 6.91831E+00 4.06448E-01 6.51051E-01 1.35483E+00 1.45251E+01
 6.99842E+00 4.06519E-01 6.51165E-01 1.34895E+00 1.47292E+01
 7.07946E+00 4.06589E-01 6.51277E-01 1.34300E+00 1.49350E+01
 7.16143E+00 4.06657E-01 6.51386E-01 1.33699E+00 1.51426E+01
 7.24436E+00 4.06723E-01 6.51492E-01 1.33091E+00 1.53520E+01
 7.32825E+00 4.06788E-01 6.51596E-01 1.32477E+00 1.55632E+01
 7.41310E+00 4.06852E-01 6.51698E-01 1.31857E+00 1.57760E+01
 7.49894E+00 4.06914E-01 6.51797E-01 1.31231E+00 1.59905E+01
 7.58578E+00 4.06974E-01 6.51894E-01 1.30599E+00 1.62066E+01
 7.67361E+00 4.07034E-01 6.51989E-01 1.29961E+00 1.64243E+01
 7.76247E+00 4.07092E-01 6.52082E-01 1.29318E+00 1.66436E+01
 7.85236E+00 4.07148E-01 6.52173E-01 1.28669E+00 1.68644E+01
 7.94328E+00 4.07204E-01 6.52262E-01 1.28015E+00 1.70866E+01
 8.03526E+00 4.07258E-01 6.52348E-01 1.27357E+00 1.73103E+01
 8.12831E+00 4.07311E-01 6.52433E-01 1.26693E+00 1.75354E+01
 8.22243E+00 4.07363E-01 6.52516E-01 1.26025E+00 1.77618E+01
 8.31764E+00 4.07413E-01 6.52597E-01 1.25352E+00 1.79895E+01
 8.41395E+00 4.07463E-01 6.52676E-01 1.24674E+00 1.82185E+01
 8.51138E+00 4.07511E-01 6.52754E-01 1.23993E+00 1.84486E+01
 8.60994E+00 4.07558E-01 6.52829E-01 1.23307E+00 1.86799E+01
 8.70964E+00 4.07604E-01 6.52903E-01 1.22618E+00 1.89123E+01
 8.81049E+00 4.07649E-01 6.52976E-01 1.21924E+00 1.91456E+01
 8.91251E+00 4.07694E-01 6.53046E-01 1.21227E+00 1.93800E+01
 9.01571E+00 4.07737E-01 6.53115E-01 1.20527E+00 1.96152E+01
 9.12011E+00 4.07779E-01 6.53183E-01 1.19823E+00 1.98512E+01
 9.22571E+00 4.07820E-01 6.53249E-01 1.19116E+00 2.00880E+01
 9.33254E+00 4.07860E-01 6.53313E-01 1.18406E+00 2.03255E+01
 9.44061E+00 4.07900E-01 6.53376E-01 1.17693E+00 2.05637E+01
 9.54993E+00 4.07938E-01 6.53438E-01 1.16978E+00 2.08023E+01
 9.66051E+00 4.07976E-01 6.53498E-01 1.16260E+00 2.10415E+01
 9.77237E+00 4.08013E-01 6.53557E-01 1.15539E+00 2.12811E+01
 9.88553E+00 4.08048E-01 6.53615E-01 1.14816E+00 2.15209E+01
 1.00000E+01 4.08084E-01 6.53671E-01 1.14091E+00 2.17611E+01
 1.01158E+01 4.08118E-01 6.53726E-01 1.13364E+00 2.20013E+01
 1.02329E+01 4.08151E-01 6.53780E-01 1.12636E+00 2.22417E+01
 1.03514E+01 4.08184E-01 6.53832E-01 1.11905E+00 2.24821E+01
 1.04713E+01 4.08216E-01 6.53884E-01 1.11173E+00 2.27223E+01
 1.05925E+01 4.08248E-01 6.53934E-01 1.10439E+00 2.29624E+01
 1.07152E+01 4.08278E-01 6.53983E-01 1.09705E+00 2.32022E+01
 1.08393E+01 4.08308E-01 6.54031E-01 1.08969E+00 2.34417E+01
 1.09648E+01 4.08338E-01 6.54078E-01 1.08232E+00 2.36807E+01
 1.10917E+01 4.08366E-01 6.54124E-01 1.07494E+00 2.39191E+01
 1.12202E+01 4.08394E-01 6.54168E-01 1.06755E+00 2.41569E+01
 1.13501E+01 4.08421E-01 6.54212E-01 1.06016E+00 2.43940E+01
 1.14815E+01 4.08448E-01 6.54255E-01 1.05276E+00 2.46302E+01
 1.16145E+01 4.08474E-01 6.54297E-01 1.04535E+00 2.48655E+01
 1.17490E+01 4.08500E-01 6.54338E-01 1.03795E+00 2.50998E+01
 1.18850E+01 4.08525E-01 6.54378E-01 1.03054E+00 2.53329E+01
 1.20226E+01 4.08549E-01 6.54417E-01 1.02313E+00 2.55648E+01
 1.21619E+01 4.08573E-01 6.54455E-01 1.01572E+00 2.57953E+01
 1.23027E+01 4.08596E-01 6.54492E-01 1.00832E+00 2.60244E+01
 1.24451E+01 4.08619E-01 6.54528E-01 1.00092E+00 2.62519E+01
 1.25893E+01 4.08641E-01 6.54564E-01 9.93519E-01 2.64778E+01
 1.27350E+01 4.08663E-01 6.54599E-01 9.86126E-01 2.67019E+01
 1.28825E+01 4.08684E-01 6.54633E-01 9.78739E-01 2.69242E+01
 1.30317E+01 4.08705E-01 6.54666E-01 9.71360E-01 2.71444E+01
 1.31826E+01 4.08725E-01 6.54699E-01 9.63990E-01 2.73626E+01
 1.33352E+01 4.08745E-01 6.54730E-01 9.58591E-01 2.75787E+01
 1.34896E+01 4.08764E-01 6.54762E-01 9.58636E-01 2.77924E+01
 1.36458E+01 4.08783E-01 6.54792E-01 9.58681E-01 2.80038E+01
 1.38038E+01 4.08802E-01 6.54822E-01 9.58724E-01 2.82126E+01
 1.39637E+01 4.08820E-01 6.54851E-01 9.58767E-01 2.84189E+01
 1.41254E+01 4.08838E-01 6.54879E-01 9.58808E-01 2.86224E+01
 1.42889E+01 4.08855E-01 6.54907E-01 9.58849E-01 2.88231E+01
 1.44544E+01 4.08872E-01 6.54934E-01 9.58888E-01 2.90210E+01
 1.46218E+01 4.08888E-01 6.54960E-01 9.58927E-01 2.92158E+01
 1.47911E+01 4.08905E-01 6.54986E-01 9.58965E-01 2.94075E+01
 1.49624E+01 4.08920E-01 6.55011E-01 9.59002E-01 2.95960E+01
 1.51356E+01 4.08936E-01 6.55036E-01 9.59038E-01 2.97812E+01
 1.53109E+01 4.08951E-01 6.55060E-01 9.59073E-01 2.99630E+01
 1.54882E+01 4.08966E-01 6.55084E-01 9.59108E-01 3.01413E+01
 1.56675E+01 4.08980E-01 6.55107E-01 9.59142E-01 3.03160E+01
 1.58489E+01 4.08994E-01 6.55129E-01 9.59175E-01 3.04870E+01
 1.60325E+01 4.09008E-01 6.55151E-01 9.59207E-01 3.06542E+01
 1.62181E+01 4.09021E-01 6.55173E-01 9.59239E-01 3.08176E+01
 1.64059E+01 4.09034E-01 6.55194E-01 9.59269E-01 3.09771E+01
 1.65959E+01 4.09047E-01 6.55214E-01 9.59299E-01 3.11325E+01
 1.67880E+01 4.09060E-01 6.55235E-01 9.59329E-01 3.12838E+01
 1.69824E+01 4.09072E-01 6.55254E-01 9.59358E-01 3.14310E+01
 1.71791E+01 4.09084E-01 6.55273E-01 9.59386E-01 3.15739E+01
 1.73780E+01 4.09096E-01 6.55292E-01 9.59413E-01 3.17124E+01
 1.75792E+01 4.09107E-01 6.55310E-01 9.59440E-01 3.18466E+01
 1.77828E+01 4.09118E-01 6.55328E-01 9.59466E-01 3.19762E+01
 1.79887E+01 4.09129E-01 6.55346E-01 9.59492E-01 3.21014E+01
 1.81970E+01 4.09140E-01 6.55363E-01 9.59517E-01 3.22220E+01
 1.84077E+01 4.09150E-01 6.55380E-01 9.59542E-01 3.23379E+01
 1.86209E+01 4.09161E-01 6.55396E-01 9.59565E-01 3.24491E+01
 1.88365E+01 4.09171E-01 6.55412E-01 9.59589E-01 3.25555E+01
 1.90546E+01 4.09180E-01 6.55428E-01 9.59612E-01 3.26572E+01
 1.92752E+01 4.09190E-01 6.55443E-01 9.59634E-01 3.27540E+01
 1.94984E+01 4.09199E-01 6.55458E-01 9.59656E-01 3.28459E+01
 1.97242E+01 4.09208E-01 6.55472E-01 9.59677E-01 3.29328E+01
 1.99526E+01 4.09217E-01 6.55487E-01 9.59698E-01 3.30149E+01
 2.01837E+01 4.09226E-01 6.55501E-01 9.59719E-01 3.30919E+01
 2.04174E+01 4.09234E-01 6.55514E-01 9.59738E-01 3.31639E+01
 2.06538E+01 4.09243E-01 6.55528E-01 9.59758E-01 3.32308E+01
 2.08930E+01 4.09251E-01 6.55541E-01 9.59777E-01 3.32927E+01
 2.11349E+01 4.09259E-01 6.55553E-01 9.59796E-01 3.33495E+01
 2.13796E+01 4.09266E-01 6.55566E-01 9.59814E-01 3.34012E+01
 2.16272E+01 4.09274E-01 6.55578E-01 9.59831E-01 3.34478E+01
 2.18776E+01 4.09281E-01 6.55590E-01 9.59849E-01 3.34893E+01
 2.21309E+01 4.09289E-01 6.55601E-01 9.59866E-01 3.35257E+01
 2.23872E+01 4.09296E-01 6.55613E-01 9.59882E-01 3.35569E+01
 2.26464E+01 4.09303E-01 6.55624E-01 9.59899E-01 3.35831E+01
 2.29087E+01 4.09309E-01 6.55634E-01 9.59914E-01 3.36041E+01
 2.31739E+01 4.09316E-01 6.55645E-01 9.59930E-01 3.36201E+01
 2.34423E+01 4.09322E-01 6.55655E-01 9.59945E-01 3.36310E+01
 2.37137E+01 4.09329E-01 6.55666E-01 9.59960E-01 3.36368E+01
 2.39883E+01 4.09335E-01 6.55675E-01 9.59974E-01 3.36376E+01
 2.42661E+01 4.09341E-01 6.55685E-01 9.59988E-01 3.36334E+01
 2.45471E+01 4.09347E-01 6.55694E-01 9.60002E-01 3.36242E+01
 2.48313E+01 4.09353E-01 6.55704E-01 9.60016E-01 3.36101E+01
 2.51189E+01 4.09358E-01 6.55713E-01 9.60029E-01 3.35911E+01
 2.54097E+01 4.09364E-01 6.55721E-01 9.60042E-01 3.35671E+01
 2.57040E+01 4.09369E-01 6.55730E-01 9.60054E-01 3.35384E+01
 2.60016E+01 4.09374E-01 6.55738E-01 9.60067E-01 3.35048E+01
 2.63027E+01 4.09379E-01 6.55747E-01 9.60079E-01 3.34666E+01
 2.66073E+01 4.09384E-01 6.55755E-01 9.60090E-01 3.34236E+01
 2.69153E+01 4.09389E-01 6.55763E-01 9.60102E-01 3.33759E+01
 2.72270E+01 4.09394E-01 6.55770E-01 9.60113E-01 3.33237E+01
 2.75423E+01 4.09399E-01 6.55778E-01 9.60124E-01 3.32670E+01
 2.78612E+01 4.09403E-01 6.55785E-01 9.60135E-01 3.32058E+01
 2.81838E+01 4.09408E-01 6.55792E-01 9.60145E-01 3.31401E+01
 2.85102E+01 4.09412E-01 6.55799E-01 9.60156E-01 3.30701E+01
 2.88403E+01 4.09416E-01 6.55806E-01 9.60166E-01 3.29958E+01
 2.91743E+01 4.09421E-01 6.55813E-01 9.60175E-01 3.29173E+01
 2.95121E+01 4.09425E-01 6.55819E-01 9.60185E-01 3.28347E+01
 2.98538E+01 4.09429E-01 6.55826E-01 9.60194E-01 3.27480E+01
 3.01995E+01 4.09433E-01 6.55832E-01 9.60203E-01 3.26572E+01
 3.05492E+01 4.09436E-01 6.55838E-01 9.60212E-01 3.25626E+01
 3.09030E+01 4.09440E-01 6.55844E-01 9.60221E-01 3.24640E+01
 3.12608E+01 4.09444E-01 6.55850E-01 9.60230E-01 3.23617E+01
 3.16228E+01 4.09447E-01 6.55855E-01 9.60238E-01 3.22557E+01
 3.19890E+01 4.09451E-01 6.55861E-01 9.60246E-01 3.21461E+01
 3.23594E+01 4.09454E-01 6.55866E-01 9.60254E-01 3.20329E+01
 3.27341E+01 4.09457E-01 6.55872E-01 9.60262E-01 3.19162E+01
 3.31131E+01 4.09461E-01 6.55877E-01 9.60269E-01 3.17962E+01
 3.34965E+01 4.09464E-01 6.55882E-01 9.60277E-01 3.16729E+01
 3.38844E+01 4.09467E-01 6.55887E-01 9.60284E-01 3.15463E+01
 3.42768E+01 4.09470E-01 6.55892E-01 9.60291E-01 3.14166E+01
 3.46737E+01 4.09473E-01 6.55897E-01 9.60298E-01 3.12839E+01
 3.50752E+01 4.09476E-01 6.55901E-01 9.60305E-01 3.11482E+01
 3.54813E+01 4.09479E-01 6.55906E-01 9.60311E-01 3.10096E+01
 3.58922E+01 4.09481E-01 6.55910E-01 9.60318E-01 3.08682E+01
 3.63078E+01 4.09484E-01 6.55914E-01 9.60324E-01 3.07241E+01
 3.67282E+01 4.09487E-01 6.55919E-01 9.60330E-01 3.05773E+01
 3.71535E+01 4.09489E-01 6.55923E-01 9.60336E-01 3.04280E+01
 3.75837E+01 4.09492E-01 6.55927E-01 9.60342E-01 3.02763E+01
 3.80189E+01 4.09494E-01 6.55931E-01 9.60348E-01 3.01221E+01
 3.84592E+01 4.09497E-01 6.55935E-01 9.60354E-01 2.99657E+01
 3.89045E+01 4.09499E-01 6.55938E-01 9.60359E-01 2.98070E+01
 3.93550E+01 4.09501E-01 6.55942E-01 9.60365E-01 2.96463E+01
 3.98107E+01 4.09504E-01 6.55946E-01 9.60370E-01 2.94834E+01
 4.02717E+01 4.09506E-01 6.55949E-01 9.60375E-01 2.93186E+01
 4.07380E+01 4.09508E-01 6.55953E-01 9.60380E-01 2.91520E+01
 4.12098E+01 4.09510E-01 6.55956E-01 9.60385E-01 2.89835E+01
 4.16869E+01 4.09512E-01 6.55959E-01 9.60390E-01 2.88133E+01
 4.21697E+01 4.09514E-01 6.55962E-01 9.60394E-01 2.86414E+01
 4.26580E+01 4.09516E-01 6.55965E-01 9.60399E-01 2.84680E+01
 4.31519E+01 4.09518E-01 6.55969E-01 9.60404E-01 2.82931E+01
 4.36516E+01 4.09520E-01 6.55972E-01 9.60408E-01 2.81168E+01
 4.41570E+01 4.09522E-01 6.55974E-01 9.60412E-01 2.79391E+01
 4.46684E+01 4.09523E-01 6.55977E-01 9.60416E-01 2.77602E+01
 4.51856E+01 4.09525E-01 6.55980E-01 9.60420E-01 2.75800E+01
 4.57088E+01 4.09527E-01 6.55983E-01 9.60424E-01 2.73988E+01
 4.62381E+01 4.09529E-01 6.55985E-01 9.60428E-01 2.72165E+01
 4.67735E+01 4.09530E-01 6.55988E-01 9.60432E-01 2.70332E+01
 4.73151E+01 4.09532E-01 6.55991E-01 9.60436E-01 2.68490E+01
 4.78630E+01 4.09533E-01 6.55993E-01 9.60440E-01 2.66639E+01
 4.84172E+01 4.09535E-01 6.55996E-01 9.60443E-01 2.64781E+01
 4.89779E+01 4.09536E-01 6.55998E-01 9.60447E-01 2.62916E+01
 4.95450E+01 4.09538E-01 6.56000E-01 9.60450E-01 2.61044E+01
 5.01187E+01 4.09539E-01 6.56003E-01 9.60453E-01 2.59166E+01
 5.06991E+01 4.09541E-01 6.56005E-01 9.60457E-01 2.57284E+01
 5.12861E+01 4.09542E-01 6.56007E-01 9.60460E-01 2.55396E+01
 5.18800E+01 4.09543E-01 6.56009E-01 9.60463E-01 2.53504E+01
 5.24807E+01 4.09544E-01 6.56011E-01 9.60466E-01 2.51609E+01
 5.30884E+01 4.09546E-01 6.56013E-01 9.60469E-01 2.49711E+01
 5.37032E+01 4.09547E-01 6.56015E-01 9.60472E-01 2.47811E+01
 5.43250E+01 4.09548E-01 6.56017E-01 9.60475E-01 2.45908E+01
 5.49541E+01 4.09549E-01 6.56019E-01 9.60477E-01 2.44005E+01
 5.55904E+01 4.09551E-01 6.56021E-01 9.60480E-01 2.42101E+01
 5.62341E+01 4.09552E-01 6.56023E-01 9.60483E-01 2.40196E+01
 5.68853E+01 4.09553E-01 6.56024E-01 9.60485E-01 2.38291E+01
 5.75440E+01 4.09554E-01 6.56026E-01 9.60488E-01 2.36388E+01
 5.82103E+01 4.09555E-01 6.56028E-01 9.60490E-01 2.34485E+01
 5.88844E+01 4.09556E-01 6.56029E-01 9.60493E-01 2.32584E+01
 5.95662E+01 4.09557E-01 6.56031E-01 9.60495E-01 2.30685E+01
 6.02560E+01 4.09558E-01 6.56033E-01 9.60497E-01 2.28788E+01
 6.09537E+01 4.09559E-01 6.56034E-01 9.60499E-01 2.26894E+01
 6.16595E+01 4.09560E-01 6.56036E-01 9.60502E-01 2.25004E+01
 6.23735E+01 4.09561E-01 6.56037E-01 9.60504E-01 2.23117E+01
 6.30957E+01 4.09562E-01 6.56038E-01 9.60506E-01 2.21234E+01
 6.38263E+01 4.09562E-01 6.56040E-01 9.60508E-01 2.19355E+01
 6.45654E+01 4.09563E-01 6.56041E-01 9.60510E-01 2.17481E+01
 6.53131E+01 4.09564E-01 6.56043E-01 9.60512E-01 2.15613E+01
 6.60693E+01 4.09565E-01 6.56044E-01 9.60514E-01 2.13749E+01
 6.68344E+01 4.09566E-01 6.56045E-01 9.60516E-01 2.11892E+01
 6.76083E+01 4.09567E-01 6.56046E-01 9.60518E-01 2.10040E+01
 6.83912E+01 4.09567E-01 6.56048E-01 9.60519E-01 2.08195E+01
 6.91831E+01 4.09568E-01 6.56049E-01 9.60521E-01 2.06356E+01
 6.99842E+01 4.09569E-01 6.56050E-01 9.60523E-01 2.04524E+01
 7.07946E+01 4.09569E-01 6.56051E-01 9.60524E-01 2.02700E+01
 7.16143E+01 4.09570E-01 6.56052E-01 9.60526E-01 2.00883E+01
 7.24436E+01 4.09571E-01 6.56053E-01 9.60528E-01 1.99073E+01
 7.32825E+01 4.09572E-01 6.56054E-01 9.60529E-01 1.97271E+01
 7.41310E+01 4.09572E-01 6.56055E-01 9.60531E-01 1.95478E+01
 7.49894E+01 4.09573E-01 6.56056E-01 9.60532E-01 1.93693E+01
 7.58578E+01 4.09573E-01 6.56057E-01 9.60534E-01 1.91916E+01
 7.67361E+01 4.09574E-01 6.56058E-01 9.60535E-01 1.90148E+01
 7.76247E+01 4.09575E-01 6.56059E-01 9.60536E-01 1.88389E+01
 7.85236E+01 4.09575E-01 6.56060E-01 9.60538E-01 1.86639E+01
 7.94328E+01 4.09576E-01 6.56061E-01 9.60539E-01 1.84899E+01
 8.03526E+01 4.09576E-01 6.56062E-01 9.60540E-01 1.83168E+01
 8.12831E+01 4.09577E-01 6.56063E-01 9.60542E-01 1.81446E+01
 8.22243E+01 4.09577E-01 6.56064E-01 9.60543E-01 1.79734E+01
 8.31764E+01 4.09578E-01 6.56065E-01 9.60544E-01 1.78033E+01
 8.41395E+01 4.09578E-01 6.56065E-01 9.60545E-01 1.76341E+01
 8.51138E+01 4.09579E-01 6.56066E-01 9.60546E-01 1.74659E+01
 8.60994E+01 4.09579E-01 6.56067E-01 9.60548E-01 1.72988E+01
 8.70964E+01 4.09580E-01 6.56068E-01 9.60549E-01 1.71327E+01
 8.81049E+01 4.09580E-01 6.56068E-01 9.60550E-01 1.69677E+01
 8.91251E+01 4.09581E-01 6.56069E-01 9.60551E-01 1.68037E+01
 9.01571E+01 4.09581E-01 6.56070E-01 9.60552E-01 1.66408E+01
 9.12011E+01 4.09582E-01 6.56071E-01 9.60553E-01 1.64790E+01
 9.22571E+01 4.09582E-01 6.56071E-01 9.60554E-01 1.63182E+01
 9.33254E+01 4.09582E-01 6.56072E-01 9.60555E-01 1.61586E+01
 9.44061E+01 4.09583E-01 6.56072E-01 9.60556E-01 1.60000E+01
 9.54993E+01 4.09583E-01 6.56073E-01 9.60557E-01 1.58426E+01
 9.66051E+01 4.09584E-01 6.56074E-01 9.60558E-01 1.56863E+01
 9.77237E+01 4.09584E-01 6.56074E-01 9.60558E-01 1.55311E+01
 9.88553E+01 4.09584E-01 6.56075E-01 9.60559E-01 1.53770E+01
 1.00000E+02 4.09585E-01 6.56075E-01 9.60560E-01 1.52241E+01
