 1.00000E-02 6.77916E-02 9.31873E-02 1.23997E-01 1.28010E-01
 2.00000E-02 6.79150E-02 9.33314E-02 1.24153E-01 1.28206E-01
 3.00000E-02 6.81303E-02 9.35733E-02 1.24416E-01 1.28514E-01
 4.00000E-02 6.84287E-02 9.39140E-02 1.24787E-01 1.28887E-01
 5.00000E-02 6.88055E-02 9.43545E-02 1.25274E-01 1.29363E-01
 6.00000E-02 6.92657E-02 9.48953E-02 1.25866E-01 1.29952E-01
 7.00000E-02 6.98108E-02 9.55370E-02 1.26568E-01 1.30659E-01
 8.00000E-02 7.04410E-02 9.62797E-02 1.27380E-01 1.31476E-01
 9.00000E-02 7.11578E-02 9.71233E-02 1.28304E-01 1.32405E-01
 1.00000E-01 7.19589E-02 9.80676E-02 1.29340E-01 1.33446E-01
 1.10000E-01 7.28433E-02 9.91118E-02 1.30488E-01 1.34601E-01
 1.20000E-01 7.38102E-02 1.00255E-01 1.31749E-01 1.35868E-01
 1.30000E-01 7.48585E-02 1.01496E-01 1.33120E-01 1.37247E-01
 1.40000E-01 7.59873E-02 1.02834E-01 1.34600E-01 1.38737E-01
 1.50000E-01 7.71950E-02 1.04267E-01 1.36187E-01 1.40336E-01
 1.60000E-01 7.84791E-02 1.05793E-01 1.37882E-01 1.42042E-01
 1.70000E-01 7.98377E-02 1.07410E-01 1.39681E-01 1.43854E-01
 1.80000E-01 8.12696E-02 1.09115E-01 1.41582E-01 1.45770E-01
 1.90000E-01 8.27716E-02 1.10907E-01 1.43582E-01 1.47787E-01
 2.00000E-01 8.43416E-02 1.12783E-01 1.45681E-01 1.49903E-01
 2.10000E-01 8.59775E-02 1.14739E-01 1.47873E-01 1.52113E-01
 2.20000E-01 8.76765E-02 1.16772E-01 1.50156E-01 1.54418E-01
 2.30000E-01 8.94359E-02 1.18881E-01 1.52528E-01 1.56811E-01
 2.40000E-01 9.12537E-02 1.21062E-01 1.54984E-01 1.59291E-01
 2.50000E-01 9.31270E-02 1.23312E-01 1.57522E-01 1.61853E-01
 2.60000E-01 9.50531E-02 1.25628E-01 1.60138E-01 1.64496E-01
 2.70000E-01 9.70296E-02 1.28006E-01 1.62829E-01 1.67214E-01
 2.80000E-01 9.90540E-02 1.30445E-01 1.65591E-01 1.70005E-01
 2.90000E-01 1.01124E-01 1.32939E-01 1.68422E-01 1.72866E-01
 3.00000E-01 1.03237E-01 1.35489E-01 1.71317E-01 1.75792E-01
 3.10000E-01 1.05390E-01 1.38089E-01 1.74273E-01 1.78781E-01
 3.20000E-01 1.07582E-01 1.40736E-01 1.77287E-01 1.81829E-01
 3.30000E-01 1.09810E-01 1.43430E-01 1.80356E-01 1.84933E-01
 3.40000E-01 1.12071E-01 1.46166E-01 1.83476E-01 1.88089E-01
 3.50000E-01 1.14365E-01 1.48942E-01 1.86645E-01 1.91295E-01
 3.60000E-01 1.16688E-01 1.51755E-01 1.89859E-01 1.94547E-01
 3.70000E-01 1.19039E-01 1.54603E-01 1.93115E-01 1.97842E-01
 3.80000E-01 1.21416E-01 1.57484E-01 1.96411E-01 2.01177E-01
 3.90000E-01 1.23817E-01 1.60395E-01 1.99743E-01 2.04550E-01
 4.00000E-01 1.26241E-01 1.63335E-01 2.03109E-01 2.07957E-01
 4.10000E-01 1.28685E-01 1.66300E-01 2.06507E-01 2.11397E-01
 4.20000E-01 1.31149E-01 1.69290E-01 2.09933E-01 2.14865E-01
 4.30000E-01 1.33630E-01 1.72301E-01 2.13386E-01 2.18361E-01
 4.40000E-01 1.36127E-01 1.75333E-01 2.16862E-01 2.21881E-01
 4.50000E-01 1.38639E-01 1.78383E-01 2.20361E-01 2.25424E-01
 4.60000E-01 1.41164E-01 1.81450E-01 2.23880E-01 2.28986E-01
 4.70000E-01 1.43702E-01 1.84532E-01 2.27416E-01 2.32567E-01
 4.80000E-01 1.46251E-01 1.87627E-01 2.30968E-01 2.36164E-01
 4.90000E-01 1.48809E-01 1.90734E-01 2.34534E-01 2.39775E-01
 5.00000E-01 1.51376E-01 1.93852E-01 2.38112E-01 2.43398E-01
 5.10000E-01 1.53950E-01 1.96979E-01 2.41700E-01 2.47031E-01
 5.20000E-01 1.56531E-01 2.00115E-01 2.45297E-01 2.50674E-01
 5.30000E-01 1.59118E-01 2.03257E-01 2.48902E-01 2.54324E-01
 5.40000E-01 1.61710E-01 2.06404E-01 2.52512E-01 2.57980E-01
 5.50000E-01 1.64305E-01 2.09556E-01 2.56127E-01 2.61640E-01
 5.60000E-01 1.66903E-01 2.12712E-01 2.59745E-01 2.65303E-01
 5.70000E-01 1.69503E-01 2.15869E-01 2.63365E-01 2.68967E-01
 5.80000E-01 1.72104E-01 2.19029E-01 2.66985E-01 2.72632E-01
 5.90000E-01 1.74706E-01 2.22188E-01 2.70605E-01 2.76297E-01
 6.00000E-01 1.77308E-01 2.25348E-01 2.74223E-01 2.79959E-01
 6.10000E-01 1.79910E-01 2.28506E-01 2.77838E-01 2.83619E-01
 6.20000E-01 1.82510E-01 2.31662E-01 2.81450E-01 2.87274E-01
 6.30000E-01 1.85107E-01 2.34816E-01 2.85057E-01 2.90925E-01
 6.40000E-01 1.87703E-01 2.37966E-01 2.88659E-01 2.94570E-01
 6.50000E-01 1.90295E-01 2.41112E-01 2.92255E-01 2.98208E-01
 6.60000E-01 1.92883E-01 2.44253E-01 2.95843E-01 3.01839E-01
 6.70000E-01 1.95467E-01 2.47389E-01 2.99424E-01 3.05462E-01
 6.80000E-01 1.98047E-01 2.50518E-01 3.02996E-01 3.09076E-01
 6.90000E-01 2.00621E-01 2.53642E-01 3.06559E-01 3.12680E-01
 7.00000E-01 2.03190E-01 2.56758E-01 3.10112E-01 3.16273E-01
 7.10000E-01 2.05753E-01 2.59867E-01 3.13655E-01 3.19856E-01
 7.20000E-01 2.08309E-01 2.62968E-01 3.17187E-01 3.23428E-01
 7.30000E-01 2.10858E-01 2.66060E-01 3.20708E-01 3.26987E-01
 7.40000E-01 2.13401E-01 2.69144E-01 3.24216E-01 3.30534E-01
 7.50000E-01 2.15936E-01 2.72218E-01 3.27712E-01 3.34068E-01
 7.60000E-01 2.18463E-01 2.75283E-01 3.31195E-01 3.37588E-01
 7.70000E-01 2.20982E-01 2.78337E-01 3.34665E-01 3.41095E-01
 7.80000E-01 2.23492E-01 2.81382E-01 3.38121E-01 3.44587E-01
 7.90000E-01 2.25994E-01 2.84415E-01 3.41563E-01 3.48064E-01
 8.00000E-01 2.28486E-01 2.87438E-01 3.44990E-01 3.51527E-01
 8.10000E-01 2.30970E-01 2.90449E-01 3.48403E-01 3.54974E-01
 8.20000E-01 2.33444E-01 2.93450E-01 3.51801E-01 3.58406E-01
 8.30000E-01 2.35908E-01 2.96438E-01 3.55183E-01 3.61821E-01
 8.40000E-01 2.38362E-01 2.99414E-01 3.58550E-01 3.65221E-01
 8.50000E-01 2.40806E-01 3.02378E-01 3.61901E-01 3.68604E-01
 8.60000E-01 2.43240E-01 3.05330E-01 3.65236E-01 3.71970E-01
 8.70000E-01 2.45663E-01 3.08268E-01 3.68555E-01 3.75319E-01
 8.80000E-01 2.48075E-01 3.11195E-01 3.71857E-01 3.78652E-01
 8.90000E-01 2.50477E-01 3.14108E-01 3.75143E-01 3.81967E-01
 9.00000E-01 2.52867E-01 3.17008E-01 3.78412E-01 3.85264E-01
 9.10000E-01 2.55246E-01 3.19894E-01 3.81664E-01 3.88544E-01
 9.20000E-01 2.57614E-01 3.22767E-01 3.84899E-01 3.91807E-01
 9.30000E-01 2.59970E-01 3.25627E-01 3.88117E-01 3.95051E-01
 9.40000E-01 2.62315E-01 3.28473E-01 3.91318E-01 3.98278E-01
 9.50000E-01 2.64648E-01 3.31305E-01 3.94501E-01 4.01486E-01
 9.60000E-01 2.66969E-01 3.34123E-01 3.97666E-01 4.04676E-01
 9.70000E-01 2.69278E-01 3.36927E-01 4.00815E-01 4.07848E-01
 9.80000E-01 2.71575E-01 3.39717E-01 4.03945E-01 4.11002E-01
 9.90000E-01 2.73860E-01 3.42492E-01 4.07058E-01 4.14137E-01
 1.00000E+00 2.76132E-01 3.45254E-01 4.10153E-01 4.17255E-01
 1.01158E+00 2.78748E-01 3.48434E-01 4.13715E-01 4.20841E-01
 1.02329E+00 2.81378E-01 3.51630E-01 4.17294E-01 4.24443E-01
 1.03514E+00 2.84021E-01 3.54844E-01 4.20889E-01 4.28062E-01
 1.04713E+00 2.86676E-01 3.58074E-01 4.24500E-01 4.31696E-01
 1.05925E+00 2.89344E-01 3.61320E-01 4.28127E-01 4.35344E-01
 1.07152E+00 2.92023E-01 3.64582E-01 4.31769E-01 4.39146E-01
 1.08393E+00 2.94714E-01 3.67859E-01 4.35502E-01 4.44255E-01
 1.09648E+00 2.97417E-01 3.71151E-01 4.40525E-01 4.49379E-01
 1.10917E+00 3.00130E-01 3.74457E-01 4.45561E-01 4.54517E-01
 1.12202E+00 3.02853E-01 3.77778E-01 4.50609E-01 4.59667E-01
 1.13501E+00 3.05587E-01 3.81112E-01 4.55669E-01 4.64828E-01
 1.14815E+00 3.08330E-01 3.84460E-01 4.60739E-01 4.70000E-01
 1.16145E+00 3.11082E-01 3.87820E-01 4.65819E-01 4.75182E-01
 1.17490E+00 3.13842E-01 3.91193E-01 4.70906E-01 4.80371E-01
 1.18850E+00 3.16611E-01 3.94577E-01 4.76001E-01 4.85568E-01
 1.20226E+00 3.19388E-01 3.97973E-01 4.81101E-01 4.90771E-01
 1.21619E+00 3.22172E-01 4.01824E-01 4.86207E-01 4.95979E-01
 1.23027E+00 3.24963E-01 4.06046E-01 4.91316E-01 5.01191E-01
 1.24451E+00 3.27760E-01 4.10271E-01 4.96428E-01 5.06406E-01
 1.25893E+00 3.30564E-01 4.14498E-01 5.01542E-01 5.11623E-01
 1.27350E+00 3.33372E-01 4.18724E-01 5.06657E-01 5.16840E-01
 1.28825E+00 3.36186E-01 4.22951E-01 5.11771E-01 5.22057E-01
 1.30317E+00 3.39003E-01 4.27176E-01 5.16883E-01 5.27272E-01
 1.31826E+00 3.41825E-01 4.31399E-01 5.21993E-01 5.32485E-01
 1.33352E+00 3.44650E-01 4.35619E-01 5.27099E-01 5.37693E-01
 1.34896E+00 3.47524E-01 4.39834E-01 5.32200E-01 5.42897E-01
 1.36458E+00 3.50851E-01 4.44045E-01 5.37295E-01 5.48094E-01
 1.38038E+00 3.54173E-01 4.48250E-01 5.42383E-01 5.53285E-01
 1.39637E+00 3.57490E-01 4.52448E-01 5.47462E-01 5.58466E-01
 1.41254E+00 3.60801E-01 4.56639E-01 5.52533E-01 5.63639E-01
 1.42889E+00 3.64105E-01 4.60821E-01 5.57593E-01 5.68801E-01
 1.44544E+00 3.67402E-01 4.64993E-01 5.62642E-01 5.73951E-01
 1.46218E+00 3.70691E-01 4.69155E-01 5.67678E-01 5.79088E-01
 1.47911E+00 3.73971E-01 4.73306E-01 5.72701E-01 5.84212E-01
 1.49624E+00 3.77241E-01 4.77445E-01 5.77709E-01 5.89321E-01
 1.51356E+00 3.80501E-01 4.81571E-01 5.82701E-01 5.94414E-01
 1.53109E+00 3.83750E-01 4.85684E-01 5.87677E-01 5.99490E-01
 1.54882E+00 3.86988E-01 4.89781E-01 5.92635E-01 6.04547E-01
 1.56675E+00 3.90213E-01 4.93863E-01 5.97575E-01 6.09586E-01
 1.58489E+00 3.93426E-01 4.97929E-01 6.02494E-01 6.14605E-01
 1.60325E+00 3.96625E-01 5.01978E-01 6.07394E-01 6.19602E-01
 1.62181E+00 3.99810E-01 5.06009E-01 6.12271E-01 6.24578E-01
 1.64059E+00 4.02980E-01 5.10021E-01 6.17126E-01 6.29530E-01
 1.65959E+00 4.06135E-01 5.14014E-01 6.21957E-01 6.34459E-01
 1.67880E+00 4.09274E-01 5.17987E-01 6.26764E-01 6.39362E-01
 1.69824E+00 4.12396E-01 5.21939E-01 6.31546E-01 6.44240E-01
 1.71791E+00 4.15501E-01 5.25869E-01 6.36301E-01 6.49091E-01
 1.73780E+00 4.18589E-01 5.29777E-01 6.41030E-01 6.53914E-01
 1.75792E+00 4.21658E-01 5.33661E-01 6.45730E-01 6.58710E-01
 1.77828E+00 4.24709E-01 5.37523E-01 6.50402E-01 6.63475E-01
 1.79887E+00 4.27741E-01 5.41359E-01 6.55045E-01 6.68211E-01
 1.81970E+00 4.30752E-01 5.45171E-01 6.59657E-01 6.72916E-01
 1.84077E+00 4.33744E-01 5.48957E-01 6.64238E-01 6.77589E-01
 1.86209E+00 4.36714E-01 5.52717E-01 6.68787E-01 6.82230E-01
 1.88365E+00 4.39664E-01 5.56450E-01 6.73304E-01 6.86838E-01
 1.90546E+00 4.42592E-01 5.60155E-01 6.77788E-01 6.91412E-01
 1.92752E+00 4.45498E-01 5.63833E-01 6.82238E-01 6.95951E-01
 1.94984E+00 4.48381E-01 5.67482E-01 6.86654E-01 7.00455E-01
 1.97242E+00 4.51241E-01 5.71103E-01 6.91034E-01 7.04924E-01
 1.99526E+00 4.54079E-01 5.74693E-01 6.95379E-01 7.09356E-01
 2.01837E+00 4.56892E-01 5.78254E-01 6.99688E-01 7.13751E-01
 2.04174E+00 4.59682E-01 5.81785E-01 7.03959E-01 7.18109E-01
 2.06538E+00 4.62447E-01 5.85284E-01 7.08194E-01 7.22429E-01
 2.08930E+00 4.65187E-01 5.88753E-01 7.12391E-01 7.26710E-01
 2.11349E+00 4.67903E-01 5.92190E-01 7.16550E-01 7.30952E-01
 2.13796E+00 4.70593E-01 5.95595E-01 7.20670E-01 7.35155E-01
 2.16272E+00 4.73258E-01 5.98967E-01 7.24751E-01 7.39318E-01
 2.18776E+00 4.75897E-01 6.02308E-01 7.28792E-01 7.43441E-01
 2.21309E+00 4.78510E-01 6.05615E-01 7.32794E-01 7.47523E-01
 2.23872E+00 4.81097E-01 6.08889E-01 7.36755E-01 7.51564E-01
 2.26464E+00 4.83657E-01 6.12129E-01 7.40676E-01 7.55564E-01
 2.29087E+00 4.86191E-01 6.15336E-01 7.44556E-01 7.59522E-01
 2.31739E+00 4.88698E-01 6.18508E-01 7.48395E-01 7.63438E-01
 2.34423E+00 4.91178E-01 6.21647E-01 7.52193E-01 7.67312E-01
 2.37137E+00 4.93631E-01 6.24751E-01 7.55949E-01 7.71143E-01
 2.39883E+00 4.96056E-01 6.27821E-01 7.59663E-01 7.74933E-01
 2.42661E+00 4.98454E-01 6.30856E-01 7.63336E-01 7.78679E-01
 2.45471E+00 5.00825E-01 6.33856E-01 7.66966E-01 7.82382E-01
 2.48313E+00 5.03168E-01 6.36822E-01 7.70554E-01 7.86042E-01
 2.51189E+00 5.05483E-01 6.39752E-01 7.74100E-01 7.89659E-01
 2.54097E+00 5.07771E-01 6.42647E-01 7.77603E-01 7.93233E-01
 2.57040E+00 5.10031E-01 6.45508E-01 7.81064E-01 7.96764E-01
 2.60016E+00 5.12263E-01 6.48333E-01 7.84483E-01 8.00251E-01
 2.63027E+00 5.14467E-01 6.51123E-01 7.87859E-01 8.03694E-01
 2.66073E+00 5.16644E-01 6.53877E-01 7.91192E-01 8.07095E-01
 2.69153E+00 5.18793E-01 6.56597E-01 7.94482E-01 8.10452E-01
 2.72270E+00 5.20914E-01 6.59281E-01 7.97731E-01 8.13765E-01
 2.75423E+00 5.23007E-01 6.61931E-01 8.00936E-01 8.17035E-01
 2.78612E+00 5.25073E-01 6.64545E-01 8.04099E-01 8.20262E-01
 2.81838E+00 5.27111E-01 6.67124E-01 8.07220E-01 8.23446E-01
 2.85102E+00 5.29121E-01 6.69669E-01 8.10299E-01 8.26586E-01
 2.88403E+00 5.31104E-01 6.72178E-01 8.13336E-01 8.29684E-01
 2.91743E+00 5.33059E-01 6.74653E-01 8.16330E-01 8.32739E-01
 2.95121E+00 5.34988E-01 6.77094E-01 8.19283E-01 8.35751E-01
 2.98538E+00 5.36889E-01 6.79500E-01 8.22194E-01 8.38721E-01
 3.01995E+00 5.38762E-01 6.81871E-01 8.25064E-01 8.41648E-01
 3.05492E+00 5.40609E-01 6.84209E-01 8.27893E-01 8.44533E-01
 3.09030E+00 5.42430E-01 6.86512E-01 8.30680E-01 8.47377E-01
 3.12608E+00 5.44223E-01 6.88782E-01 8.33427E-01 8.50179E-01
 3.16228E+00 5.45990E-01 6.91019E-01 8.36133E-01 8.52939E-01
 3.19890E+00 5.47731E-01 6.93222E-01 8.38798E-01 8.55658E-01
 3.23594E+00 5.49445E-01 6.95392E-01 8.41424E-01 8.63976E-01
 3.27341E+00 5.51134E-01 6.97529E-01 8.44010E-01 8.76370E-01
 3.31131E+00 5.52796E-01 6.99633E-01 8.46556E-01 8.88936E-01
 3.34965E+00 5.54433E-01 7.01705E-01 8.49063E-01 9.01674E-01
 3.38844E+00 5.56045E-01 7.03744E-01 8.51531E-01 9.14588E-01
 3.42768E+00 5.57631E-01 7.05752E-01 8.53960E-01 9.27679E-01
 3.46737E+00 5.59193E-01 7.07728E-01 8.56351E-01 9.40949E-01
 3.50752E+00 5.60729E-01 7.09673E-01 8.58704E-01 9.54401E-01
 3.54813E+00 5.62241E-01 7.11587E-01 8.61020E-01 9.68037E-01
 3.58922E+00 5.63729E-01 7.13469E-01 8.63298E-01 9.81859E-01
 3.63078E+00 5.65192E-01 7.15322E-01 8.65539E-01 9.95870E-01
 3.67282E+00 5.66632E-01 7.17143E-01 8.67744E-01 1.01007E+00
 3.71535E+00 5.68048E-01 7.18935E-01 8.69912E-01 1.02446E+00
 3.75837E+00 5.69440E-01 7.20698E-01 8.72044E-01 1.03905E+00
 3.80189E+00 5.70809E-01 7.22431E-01 8.74141E-01 1.05383E+00
 3.84592E+00 5.72156E-01 7.24135E-01 8.76203E-01 1.06881E+00
 3.89045E+00 5.73479E-01 7.25810E-01 8.78230E-01 1.08400E+00
 3.93550E+00 5.74781E-01 7.27457E-01 8.80223E-01 1.09938E+00
 3.98107E+00 5.76060E-01 7.29075E-01 8.82181E-01 1.11497E+00
 4.02717E+00 5.77317E-01 7.30666E-01 8.84106E-01 1.13076E+00
 4.07380E+00 5.78552E-01 7.32230E-01 8.85998E-01 1.14677E+00
 4.12098E+00 5.79766E-01 7.33766E-01 8.87857E-01 1.16299E+00
 4.16869E+00 5.80959E-01 7.35276E-01 8.89684E-01 1.17942E+00
 4.21697E+00 5.82131E-01 7.36759E-01 8.91479E-01 1.19606E+00
 4.26580E+00 5.83282E-01 7.38216E-01 8.93242E-01 1.21292E+00
 4.31519E+00 5.84413E-01 7.39648E-01 8.94974E-01 1.23000E+00
 4.36516E+00 5.85524E-01 7.41053E-01 8.96675E-01 1.24731E+00
 4.41570E+00 5.86615E-01 7.42434E-01 8.98345E-01 1.26483E+00
 4.46684E+00 5.87686E-01 7.43790E-01 8.99986E-01 1.28259E+00
 4.51856E+00 5.88738E-01 7.45122E-01 9.01597E-01 1.30057E+00
 4.57088E+00 5.89771E-01 7.46429E-01 9.03179E-01 1.31878E+00
 4.62381E+00 5.90785E-01 7.47713E-01 9.04732E-01 1.33722E+00
 4.67735E+00 5.91781E-01 7.48973E-01 9.06257E-01 1.35589E+00
 4.73151E+00 5.92759E-01 7.50210E-01 9.07754E-01 1.37481E+00
 4.78630E+00 5.93718E-01 7.51424E-01 9.09223E-01 1.39395E+00
 4.84172E+00 5.94660E-01 7.52616E-01 9.10666E-01 1.41334E+00
 4.89779E+00 5.95584E-01 7.53786E-01 9.12081E-01 1.43297E+00
 4.95450E+00 5.96491E-01 7.54934E-01 9.13470E-01 1.45285E+00
 5.01187E+00 5.97381E-01 7.56060E-01 9.14833E-01 1.47297E+00
 5.06991E+00 5.98254E-01 7.57166E-01 9.16170E-01 1.49333E+00
 5.12861E+00 5.99111E-01 7.58250E-01 9.17483E-01 1.51395E+00
 5.18800E+00 5.99952E-01 7.59314E-01 9.18770E-01 1.53482E+00
 5.24807E+00 6.00777E-01 7.60358E-01 9.20033E-01 1.55593E+00
 5.30884E+00 6.01586E-01 7.61382E-01 9.21272E-01 1.57731E+00
 5.37032E+00 6.02379E-01 7.62386E-01 9.22487E-01 1.59893E+00
 5.43250E+00 6.03158E-01 7.63371E-01 9.23680E-01 1.62082E+00
 5.49541E+00 6.03921E-01 7.64338E-01 9.24849E-01 1.64296E+00
 5.55904E+00 6.04670E-01 7.65285E-01 9.25995E-01 1.66536E+00
 5.62341E+00 6.05404E-01 7.66215E-01 9.27120E-01 1.68803E+00
 5.68853E+00 6.06124E-01 7.67126E-01 9.28222E-01 1.71096E+00
 5.75440E+00 6.06830E-01 7.68020E-01 9.29304E-01 1.73416E+00
 5.82103E+00 6.07523E-01 7.68896E-01 9.30364E-01 1.75762E+00
 5.88844E+00 6.08201E-01 7.69755E-01 9.31403E-01 1.78135E+00
 5.95662E+00 6.08867E-01 7.70597E-01 9.32422E-01 1.80535E+00
 6.02560E+00 6.09519E-01 7.71423E-01 9.33421E-01 1.82961E+00
 6.09537E+00 6.10159E-01 7.72232E-01 9.34401E-01 1.85415E+00
 6.16595E+00 6.10785E-01 7.73025E-01 9.35361E-01 1.87896E+00
 6.23735E+00 6.11400E-01 7.73803E-01 9.36302E-01 1.90405E+00
 6.30957E+00 6.12002E-01 7.74565E-01 9.37224E-01 1.92940E+00
 6.38263E+00 6.12592E-01 7.75312E-01 9.38128E-01 1.95503E+00
 6.45654E+00 6.13171E-01 7.76044E-01 9.39014E-01 1.98094E+00
 6.53131E+00 6.13738E-01 7.76762E-01 9.39882E-01 2.00712E+00
 6.60693E+00 6.14293E-01 7.77465E-01 9.40733E-01 2.03359E+00
 6.68344E+00 6.14838E-01 7.78154E-01 9.41567E-01 2.06032E+00
 6.76083E+00 6.15371E-01 7.78829E-01 9.42383E-01 2.08734E+00
 6.83912E+00 6.15894E-01 7.79491E-01 9.43184E-01 2.11463E+00
 6.91831E+00 6.16406E-01 7.80139E-01 9.43968E-01 2.14220E+00
 6.99842E+00 6.16908E-01 7.80774E-01 9.44737E-01 2.17006E+00
 7.07946E+00 6.17400E-01 7.81396E-01 9.45489E-01 2.19819E+00
 7.16143E+00 6.17881E-01 7.82006E-01 9.46227E-01 2.22660E+00
 7.24436E+00 6.18353E-01 7.82603E-01 9.46949E-01 2.25529E+00
 7.32825E+00 6.18815E-01 7.83188E-01 9.47657E-01 2.28426E+00
 7.41310E+00 6.19268E-01 7.83761E-01 9.48351E-01 2.31351E+00
 7.49894E+00 6.19711E-01 7.84322E-01 9.49030E-01 2.34303E+00
 7.58578E+00 6.20146E-01 7.84872E-01 9.49695E-01 2.37283E+00
 7.67361E+00 6.20571E-01 7.85410E-01 9.50346E-01 2.40292E+00
 7.76247E+00 6.20988E-01 7.85938E-01 9.50984E-01 2.43328E+00
 7.85236E+00 6.21396E-01 7.86454E-01 9.51609E-01 2.46391E+00
 7.94328E+00 6.21795E-01 7.86960E-01 9.52221E-01 2.49481E+00
 8.03526E+00 6.22187E-01 7.87455E-01 9.52821E-01 2.52600E+00
 8.12831E+00 6.22570E-01 7.87940E-01 9.53408E-01 2.55746E+00
 8.22243E+00 6.22945E-01 7.88415E-01 9.53982E-01 2.58919E+00
 8.31764E+00 6.23313E-01 7.88880E-01 9.54545E-01 2.62119E+00
 8.41395E+00 6.23673E-01 7.89336E-01 9.55096E-01 2.65346E+00
 8.51138E+00 6.24025E-01 7.89782E-01 9.55636E-01 2.68599E+00
 8.60994E+00 6.24370E-01 7.90219E-01 9.56165E-01 2.71879E+00
 8.70964E+00 6.24708E-01 7.90646E-01 9.56682E-01 2.75186E+00
 8.81049E+00 6.25039E-01 7.91065E-01 9.57188E-01 2.78519E+00
 8.91251E+00 6.25363E-01 7.91475E-01 9.57684E-01 2.81877E+00
 9.01571E+00 6.25680E-01 7.91876E-01 9.58170E-01 2.85262E+00
 9.12011E+00 6.25990E-01 7.92269E-01 9.58645E-01 2.88672E+00
 9.22571E+00 6.26294E-01 7.92653E-01 9.59111E-01 2.92107E+00
 9.33254E+00 6.26591E-01 7.93030E-01 9.59566E-01 2.95567E+00
 9.44061E+00 6.26883E-01 7.93398E-01 9.60012E-01 2.99052E+00
 9.54993E+00 6.27168E-01 7.93759E-01 9.60449E-01 3.02561E+00
 9.66051E+00 6.27447E-01 7.94112E-01 9.60876E-01 3.06094E+00
 9.77237E+00 6.27720E-01 7.94458E-01 9.61294E-01 3.09652E+00
 9.88553E+00 6.27987E-01 7.94796E-01 9.61704E-01 3.13232E+00
 1.00000E+01 6.28249E-01 7.95128E-01 9.62104E-01 3.16835E+00
 1.01158E+01 6.28505E-01 7.95452E-01 9.62497E-01 3.20462E+00
 1.02329E+01 6.28756E-01 7.95769E-01 9.62880E-01 3.24110E+00
 1.03514E+01 6.29001E-01 7.96079E-01 9.63256E-01 3.27781E+00
 1.04713E+01 6.29241E-01 7.96383E-01 9.63624E-01 3.31473E+00
 1.05925E+01 6.29476E-01 7.96681E-01 9.63984E-01 3.35185E+00
 1.07152E+01 6.29706E-01 7.96972E-01 9.64336E-01 3.38919E+00
 1.08393E+01 6.29931E-01 7.97257E-01 9.64681E-01 3.42672E+00
 1.09648E+01 6.30152E-01 7.97536E-01 9.65018E-01 3.46445E+00
 1.10917E+01 6.30367E-01 7.97809E-01 9.65348E-01 3.50238E+00
 1.12202E+01 6.30578E-01 7.98076E-01 9.65671E-01 3.54048E+00
 1.13501E+01 6.30785E-01 7.98337E-01 9.65988E-01 3.57876E+00
 1.14815E+01 6.30987E-01 7.98593E-01 9.66297E-01 3.61723E+00
 1.16145E+01 6.31184E-01 7.98843E-01 9.66600E-01 3.65585E+00
 1.17490E+01 6.31378E-01 7.99088E-01 9.66896E-01 3.69465E+00
 1.18850E+01 6.31567E-01 7.99327E-01 9.67186E-01 3.73360E+00
 1.20226E+01 6.31752E-01 7.99562E-01 9.67469E-01 3.77269E+00
 1.21619E+01 6.31934E-01 7.99791E-01 9.67747E-01 3.81194E+00
 1.23027E+01 6.32111E-01 8.00015E-01 9.68019E-01 3.85131E+00
 1.24451E+01 6.32284E-01 8.00235E-01 9.68284E-01 3.89083E+00
 1.25893E+01 6.32454E-01 8.00450E-01 9.68544E-01 3.93046E+00
 1.27350E+01 6.32620E-01 8.00660E-01 9.68799E-01 3.97020E+00
 1.28825E+01 6.32783E-01 8.00866E-01 9.69047E-01 4.01006E+00
 1.30317E+01 6.32942E-01 8.01067E-01 9.69291E-01 4.05001E+00
 1.31826E+01 6.33097E-01 8.01264E-01 9.69529E-01 4.09007E+00
 1.33352E+01 6.33249E-01 8.01456E-01 9.69762E-01 4.13020E+00
 1.34896E+01 6.33398E-01 8.01645E-01 9.69990E-01 4.17042E+00
 1.36458E+01 6.33544E-01 8.01829E-01 9.70213E-01 4.21070E+00
 1.38038E+01 6.33687E-01 8.02009E-01 9.70431E-01 4.25104E+00
 1.39637E+01 6.33826E-01 8.02186E-01 9.70645E-01 4.29144E+00
 1.41254E+01 6.33962E-01 8.02359E-01 9.70854E-01 4.33187E+00
 1.42889E+01 6.34096E-01 8.02527E-01 9.71058E-01 4.37235E+00
 1.44544E+01 6.34226E-01 8.02693E-01 9.71258E-01 4.41284E+00
 1.46218E+01 6.34354E-01 8.02854E-01 9.71454E-01 4.45336E+00
 1.47911E+01 6.34479E-01 8.03012E-01 9.71645E-01 4.49388E+00
 1.49624E+01 6.34601E-01 8.03167E-01 9.71832E-01 4.53439E+00
 1.51356E+01 6.34720E-01 8.03318E-01 9.72015E-01 4.57489E+00
 1.53109E+01 6.34837E-01 8.03466E-01 9.72194E-01 4.61536E+00
 1.54882E+01 6.34952E-01 8.03611E-01 9.72369E-01 4.65582E+00
 1.56675E+01 6.35064E-01 8.03752E-01 9.72540E-01 4.69621E+00
 1.58489E+01 6.35173E-01 8.03891E-01 9.72708E-01 4.73656E+00
 1.60325E+01 6.35280E-01 8.04026E-01 9.72872E-01 4.77684E+00
 1.62181E+01 6.35385E-01 8.04159E-01 9.73032E-01 4.81705E+00
 1.64059E+01 6.35487E-01 8.04288E-01 9.73189E-01 4.85717E+00
 1.65959E+01 6.35587E-01 8.04415E-01 9.73342E-01 4.89719E+00
 1.67880E+01 6.35685E-01 8.04539E-01 9.73492E-01 4.93711E+00
 1.69824E+01 6.35781E-01 8.04660E-01 9.73639E-01 4.97690E+00
 1.71791E+01 6.35875E-01 8.04779E-01 9.73783E-01 5.01656E+00
 1.73780E+01 6.35966E-01 8.04895E-01 9.73923E-01 5.05608E+00
 1.75792E+01 6.36056E-01 8.05008E-01 9.74060E-01 5.09545E+00
 1.77828E+01 6.36144E-01 8.05119E-01 9.74194E-01 5.13464E+00
 1.79887E+01 6.36229E-01 8.05228E-01 9.74326E-01 5.17367E+00
 1.81970E+01 6.36313E-01 8.05334E-01 9.74454E-01 5.21249E+00
 1.84077E+01 6.36395E-01 8.05438E-01 9.74580E-01 5.25113E+00
 1.86209E+01 6.36476E-01 8.05539E-01 9.74703E-01 5.28953E+00
 1.88365E+01 6.36554E-01 8.05639E-01 9.74823E-01 5.32773E+00
 1.90546E+01 6.36631E-01 8.05736E-01 9.74940E-01 5.36567E+00
 1.92752E+01 6.36706E-01 8.05831E-01 9.75055E-01 5.40337E+00
 1.94984E+01 6.36779E-01 8.05924E-01 9.75168E-01 5.44080E+00
 1.97242E+01 6.36851E-01 8.06014E-01 9.75277E-01 5.47795E+00
 1.99526E+01 6.36921E-01 8.06103E-01 9.75385E-01 5.51482E+00
 2.01837E+01 6.36990E-01 8.06190E-01 9.75490E-01 5.55138E+00
 2.04174E+01 6.37057E-01 8.06275E-01 9.75593E-01 5.58763E+00
 2.06538E+01 6.37122E-01 8.06358E-01 9.75693E-01 5.62354E+00
 2.08930E+01 6.37187E-01 8.06439E-01 9.75792E-01 5.65914E+00
 2.11349E+01 6.37249E-01 8.06519E-01 9.75888E-01 5.69435E+00
 2.13796E+01 6.37311E-01 8.06597E-01 9.75982E-01 5.72922E+00
 2.16272E+01 6.37371E-01 8.06673E-01 9.76074E-01 5.76370E+00
 2.18776E+01 6.37430E-01 8.06747E-01 9.76164E-01 5.79780E+00
 2.21309E+01 6.37487E-01 8.06819E-01 9.76252E-01 5.83148E+00
 2.23872E+01 6.37543E-01 8.06891E-01 9.76338E-01 5.86475E+00
 2.26464E+01 6.37598E-01 8.06960E-01 9.76422E-01 5.89759E+00
 2.29087E+01 6.37652E-01 8.07028E-01 9.76504E-01 5.92998E+00
 2.31739E+01 6.37704E-01 8.07094E-01 9.76584E-01 5.96193E+00
 2.34423E+01 6.37756E-01 8.07159E-01 9.76663E-01 5.99339E+00
 2.37137E+01 6.37806E-01 8.07223E-01 9.76740E-01 6.02440E+00
 2.39883E+01 6.37855E-01 8.07285E-01 9.76815E-01 6.05489E+00
 2.42661E+01 6.37903E-01 8.07346E-01 9.76888E-01 6.08490E+00
 2.45471E+01 6.37950E-01 8.07405E-01 9.76960E-01 6.11437E+00
 2.48313E+01 6.37996E-01 8.07463E-01 9.77030E-01 6.14332E+00
 2.51189E+01 6.38040E-01 8.07520E-01 9.77099E-01 6.17173E+00
 2.54097E+01 6.38084E-01 8.07575E-01 9.77166E-01 6.19956E+00
 2.57040E+01 6.38127E-01 8.07630E-01 9.77232E-01 6.22686E+00
 2.60016E+01 6.38169E-01 8.07683E-01 9.77296E-01 6.25356E+00
 2.63027E+01 6.38210E-01 8.07735E-01 9.77359E-01 6.27969E+00
 2.66073E+01 6.38250E-01 8.07785E-01 9.77420E-01 6.30521E+00
 2.69153E+01 6.38289E-01 8.07835E-01 9.77480E-01 6.33011E+00
 2.72270E+01 6.38328E-01 8.07884E-01 9.77539E-01 6.35440E+00
 2.75423E+01 6.38365E-01 8.07931E-01 9.77597E-01 6.37804E+00
 2.78612E+01 6.38402E-01 8.07977E-01 9.77653E-01 6.40106E+00
 2.81838E+01 6.38438E-01 8.08023E-01 9.77708E-01 6.42342E+00
 2.85102E+01 6.38473E-01 8.08067E-01 9.77761E-01 6.44510E+00
 2.88403E+01 6.38507E-01 8.08111E-01 9.77814E-01 6.46612E+00
 2.91743E+01 6.38541E-01 8.08153E-01 9.77865E-01 6.48645E+00
 2.95121E+01 6.38573E-01 8.08194E-01 9.77915E-01 6.50609E+00
 2.98538E+01 6.38605E-01 8.08235E-01 9.77964E-01 6.52503E+00
 3.01995E+01 6.38637E-01 8.08274E-01 9.78012E-01 6.54324E+00
 3.05492E+01 6.38667E-01 8.08313E-01 9.78059E-01 6.56075E+00
 3.09030E+01 6.38697E-01 8.08351E-01 9.78105E-01 6.57753E+00
 3.12608E+01 6.38726E-01 8.08388E-01 9.78150E-01 6.59355E+00
 3.16228E+01 6.38755E-01 8.08424E-01 9.78193E-01 6.60886E+00
 3.19890E+01 6.38783E-01 8.08460E-01 9.78236E-01 6.62340E+00
 3.23594E+01 6.38810E-01 8.08494E-01 9.78278E-01 6.63717E+00
 3.27341E+01 6.38837E-01 8.08528E-01 9.78319E-01 6.65020E+00
 3.31131E+01 6.38863E-01 8.08561E-01 9.78359E-01 6.66245E+00
 3.34965E+01 6.38889E-01 8.08594E-01 9.78398E-01 6.67390E+00
 3.38844E+01 6.38914E-01 8.08625E-01 9.78436E-01 6.68459E+00
 3.42768E+01 6.38938E-01 8.08656E-01 9.78474E-01 6.69449E+00
 3.46737E+01 6.38962E-01 8.08686E-01 9.78510E-01 6.70359E+00
 3.50752E+01 6.38985E-01 8.08716E-01 9.78546E-01 6.71188E+00
 3.54813E+01 6.39008E-01 8.08745E-01 9.78581E-01 6.71939E+00
 3.58922E+01 6.39030E-01 8.08773E-01 9.78615E-01 6.72609E+00
 3.63078E+01 6.39052E-01 8.08801E-01 9.78649E-01 6.73196E+00
 3.67282E+01 6.39074E-01 8.08828E-01 9.78681E-01 6.73703E+00
 3.71535E+01 6.39094E-01 8.08854E-01 9.78713E-01 6.74129E+00
 3.75837E+01 6.39115E-01 8.08880E-01 9.78744E-01 6.74472E+00
 3.80189E+01 6.39135E-01 8.08905E-01 9.78775E-01 6.74733E+00
 3.84592E+01 6.39154E-01 8.08930E-01 9.78805E-01 6.74912E+00
 3.89045E+01 6.39173E-01 8.08954E-01 9.78834E-01 6.75010E+00
 3.93550E+01 6.39192E-01 8.08977E-01 9.78862E-01 6.75025E+00
 3.98107E+01 6.39210E-01 8.09000E-01 9.78890E-01 6.74957E+00
 4.02717E+01 6.39228E-01 8.09023E-01 9.78918E-01 6.74806E+00
 4.07380E+01 6.39245E-01 8.09045E-01 9.78944E-01 6.74573E+00
 4.12098E+01 6.39262E-01 8.09066E-01 9.78970E-01 6.74260E+00
 4.16869E+01 6.39279E-01 8.09087E-01 9.78996E-01 6.73864E+00
 4.21697E+01 6.39295E-01 8.09108E-01 9.79021E-01 6.73386E+00
 4.26580E+01 6.39311E-01 8.09128E-01 9.79045E-01 6.72826E+00
 4.31519E+01 6.39327E-01 8.09148E-01 9.79069E-01 6.72184E+00
 4.36516E+01 6.39342E-01 8.09167E-01 9.79092E-01 6.71462E+00
 4.41570E+01 6.39357E-01 8.09186E-01 9.79115E-01 6.70658E+00
 4.46684E+01 6.39371E-01 8.09204E-01 9.79137E-01 6.69775E+00
 4.51856E+01 6.39385E-01 8.09222E-01 9.79159E-01 6.68813E+00
 4.57088E+01 6.39399E-01 8.09240E-01 9.79180E-01 6.67771E+00
 4.62381E+01 6.39413E-01 8.09257E-01 9.79201E-01 6.66650E+00
 4.67735E+01 6.39426E-01 8.09273E-01 9.79221E-01 6.65451E+00
 4.73151E+01 6.39439E-01 8.09290E-01 9.79241E-01 6.64174E+00
 4.78630E+01 6.39452E-01 8.09306E-01 9.79260E-01 6.62820E+00
 4.84172E+01 6.39464E-01 8.09321E-01 9.79279E-01 6.61390E+00
 4.89779E+01 6.39476E-01 8.09337E-01 9.79298E-01 6.59884E+00
 4.95450E+01 6.39488E-01 8.09352E-01 9.79316E-01 6.58303E+00
 5.01187E+01 6.39499E-01 8.09366E-01 9.79333E-01 6.56647E+00
 5.06991E+01 6.39511E-01 8.09381E-01 9.79351E-01 6.54919E+00
 5.12861E+01 6.39522E-01 8.09395E-01 9.79368E-01 6.53118E+00
 5.18800E+01 6.39533E-01 8.09408E-01 9.79384E-01 6.51245E+00
 5.24807E+01 6.39543E-01 8.09422E-01 9.79400E-01 6.49301E+00
 5.30884E+01 6.39553E-01 8.09435E-01 9.79416E-01 6.47288E+00
 5.37032E+01 6.39563E-01 8.09448E-01 9.79431E-01 6.45205E+00
 5.43250E+01 6.39573E-01 8.09460E-01 9.79447E-01 6.43055E+00
 5.49541E+01 6.39583E-01 8.09472E-01 9.79461E-01 6.40838E+00
 5.55904E+01 6.39592E-01 8.09484E-01 9.79476E-01 6.38554E+00
 5.62341E+01 6.39602E-01 8.09496E-01 9.79490E-01 6.36208E+00
 5.68853E+01 6.39611E-01 8.09507E-01 9.79504E-01 6.33797E+00
 5.75440E+01 6.39619E-01 8.09518E-01 9.79517E-01 6.31324E+00
 5.82103E+01 6.39628E-01 8.09529E-01 9.79530E-01 6.28790E+00
 5.88844E+01 6.39636E-01 8.09540E-01 9.79543E-01 6.26195E+00
 5.95662E+01 6.39645E-01 8.09550E-01 9.79556E-01 6.23540E+00
 6.02560E+01 6.39653E-01 8.09560E-01 9.79568E-01 6.20828E+00
 6.09537E+01 6.39660E-01 8.09570E-01 9.79580E-01 6.18061E+00
 6.16595E+01 6.39668E-01 8.09580E-01 9.79592E-01 6.15238E+00
 6.23735E+01 6.39676E-01 8.09590E-01 9.79603E-01 6.12360E+00
 6.30957E+01 6.39683E-01 8.09599E-01 9.79615E-01 6.09429E+00
 6.38263E+01 6.39690E-01 8.09608E-01 9.79626E-01 6.06447E+00
 6.45654E+01 6.39697E-01 8.09617E-01 9.79636E-01 6.03416E+00
 6.53131E+01 6.39704E-01 8.09625E-01 9.79647E-01 6.00335E+00
 6.60693E+01 6.39711E-01 8.09634E-01 9.79657E-01 5.97206E+00
 6.68344E+01 6.39717E-01 8.09642E-01 9.79667E-01 5.94031E+00
 6.76083E+01 6.39724E-01 8.09650E-01 9.79677E-01 5.90812E+00
 6.83912E+01 6.39730E-01 8.09658E-01 9.79686E-01 5.87549E+00
 6.91831E+01 6.39736E-01 8.09666E-01 9.79696E-01 5.84242E+00
 6.99842E+01 6.39742E-01 8.09673E-01 9.79705E-01 5.80897E+00
 7.07946E+01 6.39748E-01 8.09681E-01 9.79714E-01 5.77511E+00
 7.16143E+01 6.39754E-01 8.09688E-01 9.79723E-01 5.74086E+00
 7.24436E+01 6.39759E-01 8.09695E-01 9.79731E-01 5.70626E+00
 7.32825E+01 6.39765E-01 8.09702E-01 9.79739E-01 5.67129E+00
 7.41310E+01 6.39770E-01 8.09709E-01 9.79748E-01 5.63598E+00
 7.49894E+01 6.39775E-01 8.09715E-01 9.79756E-01 5.60035E+00
 7.58578E+01 6.39780E-01 8.09722E-01 9.79763E-01 5.56438E+00
 7.67361E+01 6.39785E-01 8.09728E-01 9.79771E-01 5.52814E+00
 7.76247E+01 6.39790E-01 8.09734E-01 9.79778E-01 5.49159E+00
 7.85236E+01 6.39795E-01 8.09740E-01 9.79786E-01 5.45477E+00
 7.94328E+01 6.39799E-01 8.09746E-01 9.79793E-01 5.41769E+00
 8.03526E+01 6.39804E-01 8.09752E-01 9.79800E-01 5.38036E+00
 8.12831E+01 6.39808E-01 8.09757E-01 9.79807E-01 5.34280E+00
 8.22243E+01 6.39813E-01 8.09763E-01 9.79813E-01 5.30500E+00
 8.31764E+01 6.39817E-01 8.09768E-01 9.79820E-01 5.26701E+00
 8.41395E+01 6.39821E-01 8.09774E-01 9.79826E-01 5.22880E+00
 8.51138E+01 6.39825E-01 8.09779E-01 9.79832E-01 5.19042E+00
 8.60994E+01 6.39829E-01 8.09784E-01 9.79838E-01 5.15185E+00
 8.70964E+01 6.39833E-01 8.09789E-01 9.79844E-01 5.11314E+00
 8.81049E+01 6.39837E-01 8.09793E-01 9.79850E-01 5.07426E+00
 8.91251E+01 6.39840E-01 8.09798E-01 9.79856E-01 5.03526E+00
 9.01571E+01 6.39844E-01 8.09803E-01 9.79861E-01 4.99612E+00
 9.12011E+01 6.39848E-01 8.09807E-01 9.79867E-01 4.95687E+00
 9.22571E+01 6.39851E-01 8.09812E-01 9.79872E-01 4.91753E+00
 9.33254E+01 6.39854E-01 8.09816E-01 9.79877E-01 4.87808E+00
 9.44061E+01 6.39858E-01 8.09820E-01 9.79882E-01 4.83856E+00
 9.54993E+01 6.39861E-01 8.09824E-01 9.79887E-01 4.79897E+00
 9.66051E+01 6.39864E-01 8.09828E-01 9.79892E-01 4.75931E+00
 9.77237E+01 6.39867E-01 8.09832E-01 9.79897E-01 4.71962E+00
 9.88553E+01 6.39870E-01 8.09836E-01 9.79901E-01 4.67987E+00
 1.00000E+02 6.39873E-01 8.09839E-01 9.79906E-01 4.64010E+00
