 1.00000E-02 1.67320E-01 1.94846E-01 2.22377E-01 2.25609E-01
 2.00000E-02 1.70141E-01 1.97789E-01 2.25331E-01 2.28566E-01
 3.00000E-02 1.74743E-01 2.02599E-01 2.30184E-01 2.33412E-01
 4.00000E-02 1.80973E-01 2.09136E-01 2.36809E-01 2.40032E-01
 5.00000E-02 1.88618E-01 2.17197E-01 2.45024E-01 2.48246E-01
 6.00000E-02 1.97421E-01 2.26529E-01 2.54594E-01 2.57823E-01
 7.00000E-02 2.07110E-01 2.36855E-01 2.65252E-01 2.68498E-01
 8.00000E-02 2.17431E-01 2.47907E-01 2.76724E-01 2.79998E-01
 9.00000E-02 2.28167E-01 2.59448E-01 2.88759E-01 2.92070E-01
 1.00000E-01 2.39149E-01 2.71284E-01 3.01147E-01 3.04502E-01
 1.10000E-01 2.50252E-01 2.83272E-01 3.13720E-01 3.17123E-01
 1.20000E-01 2.61389E-01 2.95306E-01 3.26354E-01 3.29808E-01
 1.30000E-01 2.72497E-01 3.07310E-01 3.38958E-01 3.42463E-01
 1.40000E-01 2.83532E-01 3.19229E-01 3.51465E-01 3.55020E-01
 1.50000E-01 2.96184E-01 3.33207E-01 3.66528E-01 3.70193E-01
 1.60000E-01 3.11643E-01 3.50598E-01 3.85658E-01 3.89514E-01
 1.70000E-01 3.26601E-01 3.67426E-01 4.04169E-01 4.08210E-01
 1.80000E-01 3.41075E-01 3.83709E-01 4.22080E-01 4.26301E-01
 1.90000E-01 3.55078E-01 3.99462E-01 4.39409E-01 4.43803E-01
 2.00000E-01 3.68622E-01 4.14700E-01 4.56170E-01 4.60732E-01
 2.10000E-01 3.81721E-01 4.29436E-01 4.72380E-01 4.77104E-01
 2.20000E-01 3.94386E-01 4.43685E-01 4.88053E-01 4.92934E-01
 2.30000E-01 4.06629E-01 4.57458E-01 5.03204E-01 5.08236E-01
 2.40000E-01 4.18462E-01 4.70770E-01 5.17847E-01 5.23025E-01
 2.50000E-01 4.29897E-01 4.83634E-01 5.31997E-01 5.37317E-01
 2.60000E-01 4.40944E-01 4.96062E-01 5.45668E-01 5.51125E-01
 2.70000E-01 4.51616E-01 5.08068E-01 5.58875E-01 5.64464E-01
 2.80000E-01 4.61925E-01 5.19665E-01 5.71632E-01 5.77348E-01
 2.90000E-01 4.71880E-01 5.30865E-01 5.83952E-01 5.89791E-01
 3.00000E-01 4.81495E-01 5.41682E-01 5.95850E-01 6.01808E-01
 3.10000E-01 4.90779E-01 5.52126E-01 6.07339E-01 6.13412E-01
 3.20000E-01 4.99743E-01 5.62211E-01 6.18432E-01 6.24616E-01
 3.30000E-01 5.08398E-01 5.71948E-01 6.29143E-01 6.35434E-01
 3.40000E-01 5.16755E-01 5.81350E-01 6.39485E-01 6.45880E-01
 3.50000E-01 5.24824E-01 5.90427E-01 6.49470E-01 6.55964E-01
 3.60000E-01 5.32614E-01 5.99191E-01 6.59110E-01 6.65701E-01
 3.70000E-01 5.40136E-01 6.07653E-01 6.68418E-01 6.75102E-01
 3.80000E-01 5.47398E-01 6.15823E-01 6.77405E-01 6.84179E-01
 3.90000E-01 5.54410E-01 6.23712E-01 6.86083E-01 6.92944E-01
 4.00000E-01 5.61182E-01 6.31329E-01 6.94462E-01 7.01407E-01
 4.10000E-01 5.67721E-01 6.38686E-01 7.02554E-01 7.09580E-01
 4.20000E-01 5.74036E-01 6.45790E-01 7.10369E-01 7.17473E-01
 4.30000E-01 5.80135E-01 6.52652E-01 7.17917E-01 7.25096E-01
 4.40000E-01 5.86027E-01 6.59280E-01 7.25208E-01 7.32460E-01
 4.50000E-01 5.91718E-01 6.65683E-01 7.32251E-01 7.39574E-01
 4.60000E-01 5.97217E-01 6.71869E-01 7.39056E-01 7.46447E-01
 4.70000E-01 6.02530E-01 6.77847E-01 7.45631E-01 7.53088E-01
 4.80000E-01 6.07665E-01 6.83623E-01 7.51985E-01 7.59505E-01
 4.90000E-01 6.12627E-01 6.89206E-01 7.58127E-01 7.65708E-01
 5.00000E-01 6.17424E-01 6.94603E-01 7.64063E-01 7.71703E-01
 5.10000E-01 6.22062E-01 6.99820E-01 7.69802E-01 7.77500E-01
 5.20000E-01 6.26546E-01 7.04865E-01 7.75351E-01 7.83105E-01
 5.30000E-01 6.30883E-01 7.09743E-01 7.80718E-01 7.88525E-01
 5.40000E-01 6.35077E-01 7.14462E-01 7.85908E-01 7.93767E-01
 5.50000E-01 6.39135E-01 7.19027E-01 7.90930E-01 7.98839E-01
 5.60000E-01 6.43061E-01 7.23444E-01 7.95788E-01 8.03746E-01
 5.70000E-01 6.46860E-01 7.27718E-01 8.00489E-01 8.08494E-01
 5.80000E-01 6.50537E-01 7.31854E-01 8.05040E-01 8.13090E-01
 5.90000E-01 6.54097E-01 7.35859E-01 8.09445E-01 8.17539E-01
 6.00000E-01 6.57544E-01 7.39737E-01 8.13710E-01 8.21847E-01
 6.10000E-01 6.60881E-01 7.43491E-01 8.17841E-01 8.26019E-01
 6.20000E-01 6.64114E-01 7.47128E-01 8.21841E-01 8.30060E-01
 6.30000E-01 6.67246E-01 7.50652E-01 8.25717E-01 8.33974E-01
 6.40000E-01 6.70281E-01 7.54066E-01 8.29472E-01 8.37767E-01
 6.50000E-01 6.73222E-01 7.57374E-01 8.33112E-01 8.41443E-01
 6.60000E-01 6.76072E-01 7.60581E-01 8.36639E-01 8.45006E-01
 6.70000E-01 6.78836E-01 7.63691E-01 8.40060E-01 8.48460E-01
 6.80000E-01 6.81516E-01 7.66706E-01 8.43376E-01 8.51810E-01
 6.90000E-01 6.84115E-01 7.69630E-01 8.46593E-01 8.55059E-01
 7.00000E-01 6.86637E-01 7.72466E-01 8.49713E-01 8.58210E-01
 7.10000E-01 6.89083E-01 7.75218E-01 8.52740E-01 8.61268E-01
 7.20000E-01 6.91457E-01 7.77889E-01 8.55678E-01 8.64235E-01
 7.30000E-01 6.93762E-01 7.80482E-01 8.58530E-01 8.67115E-01
 7.40000E-01 6.95999E-01 7.82998E-01 8.61298E-01 8.69911E-01
 7.50000E-01 6.98171E-01 7.85442E-01 8.63986E-01 8.72626E-01
 7.60000E-01 7.00281E-01 7.87816E-01 8.66597E-01 8.75263E-01
 7.70000E-01 7.02330E-01 7.90121E-01 8.69133E-01 8.77824E-01
 7.80000E-01 7.04321E-01 7.92361E-01 8.71597E-01 8.80313E-01
 7.90000E-01 7.06255E-01 7.94537E-01 8.73991E-01 8.82731E-01
 8.00000E-01 7.08136E-01 7.96653E-01 8.76318E-01 8.85081E-01
 8.10000E-01 7.09964E-01 7.98709E-01 8.78580E-01 8.87366E-01
 8.20000E-01 7.11741E-01 8.00709E-01 8.80780E-01 8.89588E-01
 8.30000E-01 7.13470E-01 8.02653E-01 8.82919E-01 8.91748E-01
 8.40000E-01 7.15151E-01 8.04545E-01 8.84999E-01 8.93849E-01
 8.50000E-01 7.16786E-01 8.06385E-01 8.87023E-01 8.95894E-01
 8.60000E-01 7.18378E-01 8.08175E-01 8.88993E-01 8.97883E-01
 8.70000E-01 7.19927E-01 8.09918E-01 8.90909E-01 8.99818E-01
 8.80000E-01 7.21434E-01 8.11614E-01 8.92775E-01 9.01703E-01
 8.90000E-01 7.22902E-01 8.13265E-01 8.94591E-01 9.03537E-01
 9.00000E-01 7.24331E-01 8.14873E-01 8.96360E-01 9.05323E-01
 9.10000E-01 7.25723E-01 8.16438E-01 8.98082E-01 9.07063E-01
 9.20000E-01 7.27079E-01 8.17964E-01 8.99760E-01 9.08758E-01
 9.30000E-01 7.28400E-01 8.19450E-01 9.01395E-01 9.10409E-01
 9.40000E-01 7.29687E-01 8.20898E-01 9.02987E-01 9.12017E-01
 9.50000E-01 7.30941E-01 8.22309E-01 9.04540E-01 9.13585E-01
 9.60000E-01 7.32164E-01 8.23684E-01 9.06053E-01 9.15113E-01
 9.70000E-01 7.33356E-01 8.25025E-01 9.07528E-01 9.16603E-01
 9.80000E-01 7.34518E-01 8.26333E-01 9.08966E-01 9.18056E-01
 9.90000E-01 7.35652E-01 8.27608E-01 9.10369E-01 9.19473E-01
 1.00000E+00 7.36758E-01 8.28852E-01 9.11738E-01 9.20855E-01
 1.01158E+00 7.38004E-01 8.30255E-01 9.13280E-01 9.22413E-01
 1.02329E+00 7.39230E-01 8.31634E-01 9.14797E-01 9.23945E-01
 1.03514E+00 7.40435E-01 8.32989E-01 9.16288E-01 9.25451E-01
 1.04713E+00 7.41619E-01 8.34321E-01 9.17753E-01 9.26931E-01
 1.05925E+00 7.42783E-01 8.35630E-01 9.19193E-01 9.28385E-01
 1.07152E+00 7.43926E-01 8.36917E-01 9.20609E-01 9.29815E-01
 1.08393E+00 7.45050E-01 8.38181E-01 9.21999E-01 9.31219E-01
 1.09648E+00 7.46154E-01 8.39423E-01 9.23365E-01 9.32599E-01
 1.10917E+00 7.47238E-01 8.40643E-01 9.24707E-01 9.33954E-01
 1.12202E+00 7.48303E-01 8.41841E-01 9.26025E-01 9.35285E-01
 1.13501E+00 7.49349E-01 8.43018E-01 9.27320E-01 9.36593E-01
 1.14815E+00 7.50377E-01 8.44174E-01 9.28591E-01 9.37877E-01
 1.16145E+00 7.51386E-01 8.45309E-01 9.29840E-01 9.39138E-01
 1.17490E+00 7.52377E-01 8.46424E-01 9.31066E-01 9.40377E-01
 1.18850E+00 7.53349E-01 8.47518E-01 9.32270E-01 9.41592E-01
 1.20226E+00 7.54304E-01 8.48592E-01 9.33451E-01 9.42786E-01
 1.21619E+00 7.55242E-01 8.49647E-01 9.34611E-01 9.43958E-01
 1.23027E+00 7.56162E-01 8.50682E-01 9.35750E-01 9.45108E-01
 1.24451E+00 7.57065E-01 8.51698E-01 9.36868E-01 9.46236E-01
 1.25893E+00 7.57951E-01 8.52695E-01 9.37964E-01 9.47344E-01
 1.27350E+00 7.58821E-01 8.53673E-01 9.39041E-01 9.48431E-01
 1.28825E+00 7.59674E-01 8.54633E-01 9.40097E-01 9.49498E-01
 1.30317E+00 7.60511E-01 8.55575E-01 9.41133E-01 9.50544E-01
 1.31826E+00 7.61333E-01 8.56499E-01 9.42149E-01 9.51571E-01
 1.33352E+00 7.62139E-01 8.57406E-01 9.43147E-01 9.52578E-01
 1.34896E+00 7.62929E-01 8.58295E-01 9.44125E-01 9.53566E-01
 1.36458E+00 7.63704E-01 8.59168E-01 9.45084E-01 9.54535E-01
 1.38038E+00 7.64465E-01 8.60023E-01 9.46025E-01 9.55486E-01
 1.39637E+00 7.65211E-01 8.60862E-01 9.46948E-01 9.56418E-01
 1.41254E+00 7.65942E-01 8.61685E-01 9.47853E-01 9.57332E-01
 1.42889E+00 7.66659E-01 8.62492E-01 9.48741E-01 9.58228E-01
 1.44544E+00 7.67362E-01 8.63283E-01 9.49611E-01 9.59107E-01
 1.46218E+00 7.68052E-01 8.64058E-01 9.50464E-01 9.59969E-01
 1.47911E+00 7.68728E-01 8.64819E-01 9.51300E-01 9.60813E-01
 1.49624E+00 7.69390E-01 8.65564E-01 9.52120E-01 9.61642E-01
 1.51356E+00 7.70040E-01 8.66295E-01 9.52924E-01 9.62453E-01
 1.53109E+00 7.70676E-01 8.67011E-01 9.53712E-01 9.63249E-01
 1.54882E+00 7.71300E-01 8.67713E-01 9.54484E-01 9.64029E-01
 1.56675E+00 7.71912E-01 8.68401E-01 9.55241E-01 9.64793E-01
 1.58489E+00 7.72511E-01 8.69075E-01 9.55983E-01 9.65543E-01
 1.60325E+00 7.73099E-01 8.69736E-01 9.56710E-01 9.66277E-01
 1.62181E+00 7.73674E-01 8.70383E-01 9.57422E-01 9.66996E-01
 1.64059E+00 7.74238E-01 8.71018E-01 9.58120E-01 9.67701E-01
 1.65959E+00 7.74791E-01 8.71640E-01 9.58803E-01 9.68392E-01
 1.67880E+00 7.75332E-01 8.72249E-01 9.59473E-01 9.69068E-01
 1.69824E+00 7.75862E-01 8.72845E-01 9.60130E-01 9.69731E-01
 1.71791E+00 7.76382E-01 8.73430E-01 9.60773E-01 9.70381E-01
 1.73780E+00 7.76891E-01 8.74002E-01 9.61403E-01 9.71017E-01
 1.75792E+00 7.77390E-01 8.74563E-01 9.62020E-01 9.71640E-01
 1.77828E+00 7.77878E-01 8.75113E-01 9.62624E-01 9.72250E-01
 1.79887E+00 7.78356E-01 8.75651E-01 9.63216E-01 9.72848E-01
 1.81970E+00 7.78825E-01 8.76178E-01 9.63796E-01 9.73434E-01
 1.84077E+00 7.79284E-01 8.76694E-01 9.64363E-01 9.74007E-01
 1.86209E+00 7.79733E-01 8.77200E-01 9.64920E-01 9.74569E-01
 1.88365E+00 7.80173E-01 8.77695E-01 9.65464E-01 9.75119E-01
 1.90546E+00 7.80604E-01 8.78179E-01 9.65997E-01 9.75657E-01
 1.92752E+00 7.81026E-01 8.78654E-01 9.66519E-01 9.76185E-01
 1.94984E+00 7.81439E-01 8.79119E-01 9.67031E-01 9.76701E-01
 1.97242E+00 7.81843E-01 8.79574E-01 9.67531E-01 9.77207E-01
 1.99526E+00 7.82239E-01 8.80019E-01 9.68021E-01 9.77702E-01
 2.01837E+00 7.82627E-01 8.80456E-01 9.68501E-01 9.78186E-01
 2.04174E+00 7.83007E-01 8.80883E-01 9.68971E-01 9.78661E-01
 2.06538E+00 7.83378E-01 8.81301E-01 9.69431E-01 9.79125E-01
 2.08930E+00 7.83742E-01 8.81710E-01 9.69881E-01 9.79580E-01
 2.11349E+00 7.84098E-01 8.82111E-01 9.70322E-01 9.80025E-01
 2.13796E+00 7.84447E-01 8.82503E-01 9.70753E-01 9.80461E-01
 2.16272E+00 7.84788E-01 8.82887E-01 9.71175E-01 9.80887E-01
 2.18776E+00 7.85122E-01 8.83262E-01 9.71589E-01 9.81304E-01
 2.21309E+00 7.85449E-01 8.83630E-01 9.71993E-01 9.81713E-01
 2.23872E+00 7.85769E-01 8.83990E-01 9.72389E-01 9.82113E-01
 2.26464E+00 7.86082E-01 8.84342E-01 9.72776E-01 9.82504E-01
 2.29087E+00 7.86388E-01 8.84687E-01 9.73156E-01 9.82887E-01
 2.31739E+00 7.86688E-01 8.85024E-01 9.73527E-01 9.83262E-01
 2.34423E+00 7.86982E-01 8.85354E-01 9.73890E-01 9.83629E-01
 2.37137E+00 7.87269E-01 8.85678E-01 9.74245E-01 9.83988E-01
 2.39883E+00 7.87550E-01 8.85994E-01 9.74593E-01 9.84339E-01
 2.42661E+00 7.87825E-01 8.86303E-01 9.74933E-01 9.84683E-01
 2.45471E+00 7.88094E-01 8.86606E-01 9.75266E-01 9.85019E-01
 2.48313E+00 7.88357E-01 8.86902E-01 9.75592E-01 9.85348E-01
 2.51189E+00 7.88615E-01 8.87192E-01 9.75911E-01 9.85670E-01
 2.54097E+00 7.88867E-01 8.87475E-01 9.76223E-01 9.85985E-01
 2.57040E+00 7.89114E-01 8.87753E-01 9.76528E-01 9.86293E-01
 2.60016E+00 7.89355E-01 8.88024E-01 9.76827E-01 9.86595E-01
 2.63027E+00 7.89591E-01 8.88290E-01 9.77119E-01 9.86890E-01
 2.66073E+00 7.89822E-01 8.88550E-01 9.77405E-01 9.87179E-01
 2.69153E+00 7.90048E-01 8.88804E-01 9.77684E-01 9.87461E-01
 2.72270E+00 7.90269E-01 8.89052E-01 9.77958E-01 9.87737E-01
 2.75423E+00 7.90485E-01 8.89296E-01 9.78225E-01 9.88008E-01
 2.78612E+00 7.90697E-01 8.89534E-01 9.78487E-01 9.88272E-01
 2.81838E+00 7.90903E-01 8.89766E-01 9.78743E-01 9.88530E-01
 2.85102E+00 7.91106E-01 8.89994E-01 9.78994E-01 9.88783E-01
 2.88403E+00 7.91304E-01 8.90217E-01 9.79239E-01 9.89031E-01
 2.91743E+00 7.91498E-01 8.90435E-01 9.79478E-01 9.89273E-01
 2.95121E+00 7.91687E-01 8.90648E-01 9.79713E-01 9.89510E-01
 2.98538E+00 7.91872E-01 8.90856E-01 9.79942E-01 9.89741E-01
 3.01995E+00 7.92053E-01 8.91060E-01 9.80166E-01 9.89968E-01
 3.05492E+00 7.92231E-01 8.91260E-01 9.80386E-01 9.90189E-01
 3.09030E+00 7.92404E-01 8.91455E-01 9.80600E-01 9.90406E-01
 3.12608E+00 7.92574E-01 8.91645E-01 9.80810E-01 9.90618E-01
 3.16228E+00 7.92740E-01 8.91832E-01 9.81015E-01 9.90825E-01
 3.19890E+00 7.92902E-01 8.92014E-01 9.81216E-01 9.91028E-01
 3.23594E+00 7.93060E-01 8.92193E-01 9.81412E-01 9.91226E-01
 3.27341E+00 7.93215E-01 8.92367E-01 9.81604E-01 9.91420E-01
 3.31131E+00 7.93367E-01 8.92538E-01 9.81792E-01 9.91610E-01
 3.34965E+00 7.93516E-01 8.92705E-01 9.81976E-01 9.91795E-01
 3.38844E+00 7.93661E-01 8.92868E-01 9.82155E-01 9.91977E-01
 3.42768E+00 7.93803E-01 8.93028E-01 9.82331E-01 9.92154E-01
 3.46737E+00 7.93941E-01 8.93184E-01 9.82502E-01 9.95573E-01
 3.50752E+00 7.94077E-01 8.93337E-01 9.82670E-01 1.00556E+00
 3.54813E+00 7.94210E-01 8.93486E-01 9.82835E-01 1.01559E+00
 3.58922E+00 7.94340E-01 8.93632E-01 9.82995E-01 1.02569E+00
 3.63078E+00 7.94466E-01 8.93775E-01 9.83152E-01 1.03583E+00
 3.67282E+00 7.94591E-01 8.93914E-01 9.83306E-01 1.04603E+00
 3.71535E+00 7.94712E-01 8.94051E-01 9.83456E-01 1.05628E+00
 3.75837E+00 7.94831E-01 8.94184E-01 9.83603E-01 1.06658E+00
 3.80189E+00 7.94947E-01 8.94315E-01 9.83746E-01 1.07692E+00
 3.84592E+00 7.95060E-01 8.94442E-01 9.83887E-01 1.08732E+00
 3.89045E+00 7.95171E-01 8.94567E-01 9.84024E-01 1.09776E+00
 3.93550E+00 7.95279E-01 8.94689E-01 9.84158E-01 1.10825E+00
 3.98107E+00 7.95385E-01 8.94809E-01 9.84289E-01 1.11877E+00
 4.02717E+00 7.95489E-01 8.94925E-01 9.84418E-01 1.12934E+00
 4.07380E+00 7.95590E-01 8.95039E-01 9.84543E-01 1.13995E+00
 4.12098E+00 7.95690E-01 8.95151E-01 9.84666E-01 1.15060E+00
 4.16869E+00 7.95787E-01 8.95260E-01 9.84786E-01 1.16129E+00
 4.21697E+00 7.95881E-01 8.95366E-01 9.84903E-01 1.17200E+00
 4.26580E+00 7.95974E-01 8.95471E-01 9.85018E-01 1.18276E+00
 4.31519E+00 7.96064E-01 8.95573E-01 9.85130E-01 1.19354E+00
 4.36516E+00 7.96153E-01 8.95672E-01 9.85239E-01 1.20435E+00
 4.41570E+00 7.96240E-01 8.95770E-01 9.85347E-01 1.21519E+00
 4.46684E+00 7.96324E-01 8.95865E-01 9.85451E-01 1.22605E+00
 4.51856E+00 7.96407E-01 8.95958E-01 9.85554E-01 1.23695E+00
 4.57088E+00 7.96488E-01 8.96049E-01 9.85654E-01 1.24785E+00
 4.62381E+00 7.96567E-01 8.96138E-01 9.85752E-01 1.25878E+00
 4.67735E+00 7.96644E-01 8.96225E-01 9.85847E-01 1.26973E+00
 4.73151E+00 7.96720E-01 8.96310E-01 9.85941E-01 1.28069E+00
 4.78630E+00 7.96794E-01 8.96393E-01 9.86033E-01 1.29166E+00
 4.84172E+00 7.96866E-01 8.96474E-01 9.86122E-01 1.30264E+00
 4.89779E+00 7.96937E-01 8.96554E-01 9.86209E-01 1.31363E+00
 4.95450E+00 7.97006E-01 8.96632E-01 9.86295E-01 1.32462E+00
 5.01187E+00 7.97073E-01 8.96708E-01 9.86378E-01 1.33562E+00
 5.06991E+00 7.97139E-01 8.96782E-01 9.86460E-01 1.34661E+00
 5.12861E+00 7.97204E-01 8.96854E-01 9.86540E-01 1.35761E+00
 5.18800E+00 7.97267E-01 8.96925E-01 9.86618E-01 1.36859E+00
 5.24807E+00 7.97329E-01 8.96995E-01 9.86694E-01 1.37957E+00
 5.30884E+00 7.97389E-01 8.97063E-01 9.86769E-01 1.39054E+00
 5.37032E+00 7.97448E-01 8.97129E-01 9.86842E-01 1.40149E+00
 5.43250E+00 7.97506E-01 8.97194E-01 9.86913E-01 1.41243E+00
 5.49541E+00 7.97562E-01 8.97257E-01 9.86983E-01 1.42334E+00
 5.55904E+00 7.97617E-01 8.97319E-01 9.87051E-01 1.43423E+00
 5.62341E+00 7.97671E-01 8.97380E-01 9.87118E-01 1.44510E+00
 5.68853E+00 7.97723E-01 8.97439E-01 9.87183E-01 1.45594E+00
 5.75440E+00 7.97775E-01 8.97497E-01 9.87246E-01 1.46674E+00
 5.82103E+00 7.97825E-01 8.97553E-01 9.87308E-01 1.47751E+00
 5.88844E+00 7.97874E-01 8.97608E-01 9.87369E-01 1.48824E+00
 5.95662E+00 7.97922E-01 8.97662E-01 9.87429E-01 1.49892E+00
 6.02560E+00 7.97969E-01 8.97715E-01 9.87487E-01 1.50956E+00
 6.09537E+00 7.98015E-01 8.97767E-01 9.87544E-01 1.52016E+00
 6.16595E+00 7.98060E-01 8.97817E-01 9.87599E-01 1.53070E+00
 6.23735E+00 7.98104E-01 8.97867E-01 9.87653E-01 1.54118E+00
 6.30957E+00 7.98147E-01 8.97915E-01 9.87706E-01 1.55160E+00
 6.38263E+00 7.98189E-01 8.97962E-01 9.87758E-01 1.56197E+00
 6.45654E+00 7.98229E-01 8.98008E-01 9.87809E-01 1.57226E+00
 6.53131E+00 7.98270E-01 8.98053E-01 9.87859E-01 1.58249E+00
 6.60693E+00 7.98309E-01 8.98097E-01 9.87907E-01 1.59264E+00
 6.68344E+00 7.98347E-01 8.98140E-01 9.87954E-01 1.60271E+00
 6.76083E+00 7.98384E-01 8.98182E-01 9.88001E-01 1.61270E+00
 6.83912E+00 7.98421E-01 8.98223E-01 9.88046E-01 1.62261E+00
 6.91831E+00 7.98457E-01 8.98264E-01 9.88090E-01 1.63243E+00
 6.99842E+00 7.98491E-01 8.98303E-01 9.88133E-01 1.64216E+00
 7.07946E+00 7.98526E-01 8.98341E-01 9.88175E-01 1.65179E+00
 7.16143E+00 7.98559E-01 8.98379E-01 9.88217E-01 1.66132E+00
 7.24436E+00 7.98592E-01 8.98416E-01 9.88257E-01 1.67075E+00
 7.32825E+00 7.98623E-01 8.98451E-01 9.88297E-01 1.68007E+00
 7.41310E+00 7.98655E-01 8.98486E-01 9.88335E-01 1.68928E+00
 7.49894E+00 7.98685E-01 8.98521E-01 9.88373E-01 1.69837E+00
 7.58578E+00 7.98715E-01 8.98554E-01 9.88410E-01 1.70735E+00
 7.67361E+00 7.98744E-01 8.98587E-01 9.88446E-01 1.71620E+00
 7.76247E+00 7.98772E-01 8.98619E-01 9.88481E-01 1.72493E+00
 7.85236E+00 7.98800E-01 8.98650E-01 9.88515E-01 1.73352E+00
 7.94328E+00 7.98827E-01 8.98681E-01 9.88549E-01 1.74199E+00
 8.03526E+00 7.98854E-01 8.98711E-01 9.88582E-01 1.75031E+00
 8.12831E+00 7.98880E-01 8.98740E-01 9.88614E-01 1.75849E+00
 8.22243E+00 7.98905E-01 8.98768E-01 9.88645E-01 1.76653E+00
 8.31764E+00 7.98930E-01 8.98796E-01 9.88676E-01 1.77441E+00
 8.41395E+00 7.98954E-01 8.98824E-01 9.88706E-01 1.78215E+00
 8.51138E+00 7.98978E-01 8.98850E-01 9.88735E-01 1.78972E+00
 8.60994E+00 7.99001E-01 8.98876E-01 9.88764E-01 1.79714E+00
 8.70964E+00 7.99024E-01 8.98902E-01 9.88792E-01 1.80439E+00
 8.81049E+00 7.99046E-01 8.98927E-01 9.88819E-01 1.81147E+00
 8.91251E+00 7.99067E-01 8.98951E-01 9.88846E-01 1.81839E+00
 9.01571E+00 7.99089E-01 8.98975E-01 9.88872E-01 1.82513E+00
 9.12011E+00 7.99109E-01 8.98998E-01 9.88898E-01 1.83169E+00
 9.22571E+00 7.99129E-01 8.99021E-01 9.88923E-01 1.83807E+00
 9.33254E+00 7.99149E-01 8.99043E-01 9.88947E-01 1.84426E+00
 9.44061E+00 7.99168E-01 8.99065E-01 9.88971E-01 1.85027E+00
 9.54993E+00 7.99187E-01 8.99086E-01 9.88994E-01 1.85608E+00
 9.66051E+00 7.99206E-01 8.99106E-01 9.89017E-01 1.86170E+00
 9.77237E+00 7.99224E-01 8.99127E-01 9.89039E-01 1.86712E+00
 9.88553E+00 7.99241E-01 8.99147E-01 9.89061E-01 1.87234E+00
 1.00000E+01 7.99259E-01 8.99166E-01 9.89082E-01 1.87736E+00
 1.01158E+01 7.99275E-01 8.99185E-01 9.89103E-01 1.88217E+00
 1.02329E+01 7.99292E-01 8.99203E-01 9.89124E-01 1.88677E+00
 1.03514E+01 7.99308E-01 8.99221E-01 9.89143E-01 1.89116E+00
 1.04713E+01 7.99324E-01 8.99239E-01 9.89163E-01 1.89533E+00
 1.05925E+01 7.99339E-01 8.99256E-01 9.89182E-01 1.89928E+00
 1.07152E+01 7.99354E-01 8.99273E-01 9.89200E-01 1.90302E+00
 1.08393E+01 7.99369E-01 8.99290E-01 9.89219E-01 1.90653E+00
 1.09648E+01 7.99383E-01 8.99306E-01 9.89236E-01 1.90981E+00
 1.10917E+01 7.99397E-01 8.99321E-01 9.89254E-01 1.91288E+00
 1.12202E+01 7.99411E-01 8.99337E-01 9.89271E-01 1.91571E+00
 1.13501E+01 7.99424E-01 8.99352E-01 9.89287E-01 1.91831E+00
 1.14815E+01 7.99437E-01 8.99367E-01 9.89303E-01 1.92067E+00
 1.16145E+01 7.99450E-01 8.99381E-01 9.89319E-01 1.92280E+00
 1.17490E+01 7.99462E-01 8.99395E-01 9.89334E-01 1.92470E+00
 1.18850E+01 7.99474E-01 8.99409E-01 9.89350E-01 1.92635E+00
 1.20226E+01 7.99486E-01 8.99422E-01 9.89364E-01 1.92776E+00
 1.21619E+01 7.99498E-01 8.99435E-01 9.89379E-01 1.92894E+00
 1.23027E+01 7.99509E-01 8.99448E-01 9.89393E-01 1.92987E+00
 1.24451E+01 7.99521E-01 8.99461E-01 9.89407E-01 1.93056E+00
 1.25893E+01 7.99531E-01 8.99473E-01 9.89420E-01 1.93101E+00
 1.27350E+01 7.99542E-01 8.99485E-01 9.89433E-01 1.93120E+00
 1.28825E+01 7.99552E-01 8.99496E-01 9.89446E-01 1.93116E+00
 1.30317E+01 7.99563E-01 8.99508E-01 9.89459E-01 1.93087E+00
 1.31826E+01 7.99572E-01 8.99519E-01 9.89471E-01 1.93033E+00
 1.33352E+01 7.99582E-01 8.99530E-01 9.89483E-01 1.92954E+00
 1.34896E+01 7.99592E-01 8.99541E-01 9.89495E-01 1.92850E+00
 1.36458E+01 7.99601E-01 8.99551E-01 9.89506E-01 1.92722E+00
 1.38038E+01 7.99610E-01 8.99561E-01 9.89517E-01 1.92569E+00
 1.39637E+01 7.99619E-01 8.99571E-01 9.89528E-01 1.92391E+00
 1.41254E+01 7.99628E-01 8.99581E-01 9.89539E-01 1.92189E+00
 1.42889E+01 7.99636E-01 8.99590E-01 9.89550E-01 1.91962E+00
 1.44544E+01 7.99644E-01 8.99600E-01 9.89560E-01 1.91710E+00
 1.46218E+01 7.99652E-01 8.99609E-01 9.89570E-01 1.91434E+00
 1.47911E+01 7.99660E-01 8.99618E-01 9.89579E-01 1.91133E+00
 1.49624E+01 7.99668E-01 8.99626E-01 9.89589E-01 1.90808E+00
 1.51356E+01 7.99675E-01 8.99635E-01 9.89598E-01 1.90458E+00
 1.53109E+01 7.99683E-01 8.99643E-01 9.89607E-01 1.90085E+00
 1.54882E+01 7.99690E-01 8.99651E-01 9.89616E-01 1.89687E+00
 1.56675E+01 7.99697E-01 8.99659E-01 9.89625E-01 1.89266E+00
 1.58489E+01 7.99704E-01 8.99667E-01 9.89634E-01 1.88821E+00
 1.60325E+01 7.99711E-01 8.99674E-01 9.89642E-01 1.88352E+00
 1.62181E+01 7.99717E-01 8.99682E-01 9.89650E-01 1.87860E+00
 1.64059E+01 7.99724E-01 8.99689E-01 9.89658E-01 1.87345E+00
 1.65959E+01 7.99730E-01 8.99696E-01 9.89666E-01 1.86807E+00
 1.67880E+01 7.99736E-01 8.99703E-01 9.89673E-01 1.86246E+00
 1.69824E+01 7.99742E-01 8.99710E-01 9.89681E-01 1.85662E+00
 1.71791E+01 7.99748E-01 8.99716E-01 9.89688E-01 1.85057E+00
 1.73780E+01 7.99754E-01 8.99723E-01 9.89695E-01 1.84429E+00
 1.75792E+01 7.99759E-01 8.99729E-01 9.89702E-01 1.83780E+00
 1.77828E+01 7.99765E-01 8.99735E-01 9.89709E-01 1.83110E+00
 1.79887E+01 7.99770E-01 8.99741E-01 9.89715E-01 1.82417E+00
 1.81970E+01 7.99775E-01 8.99747E-01 9.89722E-01 1.81704E+00
 1.84077E+01 7.99780E-01 8.99753E-01 9.89728E-01 1.80971E+00
 1.86209E+01 7.99785E-01 8.99759E-01 9.89734E-01 1.80217E+00
 1.88365E+01 7.99790E-01 8.99764E-01 9.89740E-01 1.79443E+00
 1.90546E+01 7.99795E-01 8.99769E-01 9.89746E-01 1.78650E+00
 1.92752E+01 7.99800E-01 8.99775E-01 9.89752E-01 1.77837E+00
 1.94984E+01 7.99804E-01 8.99780E-01 9.89758E-01 1.77005E+00
 1.97242E+01 7.99809E-01 8.99785E-01 9.89763E-01 1.76155E+00
 1.99526E+01 7.99813E-01 8.99790E-01 9.89769E-01 1.75286E+00
 2.01837E+01 7.99817E-01 8.99794E-01 9.89774E-01 1.74400E+00
 2.04174E+01 7.99821E-01 8.99799E-01 9.89779E-01 1.73496E+00
 2.06538E+01 7.99825E-01 8.99804E-01 9.89784E-01 1.72575E+00
 2.08930E+01 7.99829E-01 8.99808E-01 9.89789E-01 1.71636E+00
 2.11349E+01 7.99833E-01 8.99812E-01 9.89794E-01 1.70682E+00
 2.13796E+01 7.99837E-01 8.99817E-01 9.89798E-01 1.69712E+00
 2.16272E+01 7.99841E-01 8.99821E-01 9.89803E-01 1.68725E+00
 2.18776E+01 7.99844E-01 8.99825E-01 9.89807E-01 1.67724E+00
 2.21309E+01 7.99848E-01 8.99829E-01 9.89812E-01 1.66708E+00
 2.23872E+01 7.99851E-01 8.99833E-01 9.89816E-01 1.65678E+00
 2.26464E+01 7.99855E-01 8.99837E-01 9.89820E-01 1.64633E+00
 2.29087E+01 7.99858E-01 8.99840E-01 9.89824E-01 1.63575E+00
 2.31739E+01 7.99861E-01 8.99844E-01 9.89828E-01 1.62504E+00
 2.34423E+01 7.99864E-01 8.99847E-01 9.89832E-01 1.61419E+00
 2.37137E+01 7.99868E-01 8.99851E-01 9.89836E-01 1.60323E+00
 2.39883E+01 7.99871E-01 8.99854E-01 9.89840E-01 1.59215E+00
 2.42661E+01 7.99873E-01 8.99858E-01 9.89843E-01 1.58095E+00
 2.45471E+01 7.99876E-01 8.99861E-01 9.89847E-01 1.56964E+00
 2.48313E+01 7.99879E-01 8.99864E-01 9.89850E-01 1.55823E+00
 2.51189E+01 7.99882E-01 8.99867E-01 9.89854E-01 1.54671E+00
 2.54097E+01 7.99885E-01 8.99870E-01 9.89857E-01 1.53509E+00
 2.57040E+01 7.99887E-01 8.99873E-01 9.89860E-01 1.52338E+00
 2.60016E+01 7.99890E-01 8.99876E-01 9.89864E-01 1.51158E+00
 2.63027E+01 7.99892E-01 8.99879E-01 9.89867E-01 1.49969E+00
 2.66073E+01 7.99895E-01 8.99882E-01 9.89870E-01 1.48772E+00
 2.69153E+01 7.99897E-01 8.99884E-01 9.89873E-01 1.47568E+00
 2.72270E+01 7.99899E-01 8.99887E-01 9.89876E-01 1.46356E+00
 2.75423E+01 7.99902E-01 8.99889E-01 9.89878E-01 1.45137E+00
 2.78612E+01 7.99904E-01 8.99892E-01 9.89881E-01 1.43911E+00
 2.81838E+01 7.99906E-01 8.99894E-01 9.89884E-01 1.42680E+00
 2.85102E+01 7.99908E-01 8.99897E-01 9.89887E-01 1.41442E+00
 2.88403E+01 7.99910E-01 8.99899E-01 9.89889E-01 1.40199E+00
 2.91743E+01 7.99912E-01 8.99901E-01 9.89892E-01 1.38952E+00
 2.95121E+01 7.99914E-01 8.99904E-01 9.89894E-01 1.37699E+00
 2.98538E+01 7.99916E-01 8.99906E-01 9.89896E-01 1.36443E+00
 3.01995E+01 7.99918E-01 8.99908E-01 9.89899E-01 1.35182E+00
 3.05492E+01 7.99920E-01 8.99910E-01 9.89901E-01 1.33918E+00
 3.09030E+01 7.99922E-01 8.99912E-01 9.89903E-01 1.32651E+00
 3.12608E+01 7.99924E-01 8.99914E-01 9.89906E-01 1.31381E+00
 3.16228E+01 7.99925E-01 8.99916E-01 9.89908E-01 1.30109E+00
 3.19890E+01 7.99927E-01 8.99918E-01 9.89910E-01 1.28835E+00
 3.23594E+01 7.99929E-01 8.99920E-01 9.89912E-01 1.27559E+00
 3.27341E+01 7.99930E-01 8.99922E-01 9.89914E-01 1.26281E+00
 3.31131E+01 7.99932E-01 8.99923E-01 9.89916E-01 1.25003E+00
 3.34965E+01 7.99934E-01 8.99925E-01 9.89918E-01 1.23724E+00
 3.38844E+01 7.99935E-01 8.99927E-01 9.89920E-01 1.22445E+00
 3.42768E+01 7.99937E-01 8.99929E-01 9.89921E-01 1.21165E+00
 3.46737E+01 7.99938E-01 8.99930E-01 9.89923E-01 1.19886E+00
 3.50752E+01 7.99939E-01 8.99932E-01 9.89925E-01 1.18607E+00
 3.54813E+01 7.99941E-01 8.99933E-01 9.89927E-01 1.17330E+00
 3.58922E+01 7.99942E-01 8.99935E-01 9.89928E-01 1.16053E+00
 3.63078E+01 7.99943E-01 8.99936E-01 9.89930E-01 1.14778E+00
 3.67282E+01 7.99945E-01 8.99938E-01 9.89932E-01 1.13504E+00
 3.71535E+01 7.99946E-01 8.99939E-01 9.89933E-01 1.12233E+00
 3.75837E+01 7.99947E-01 8.99941E-01 9.89935E-01 1.10963E+00
 3.80189E+01 7.99948E-01 8.99942E-01 9.89936E-01 1.09696E+00
 3.84592E+01 7.99950E-01 8.99943E-01 9.89938E-01 1.08432E+00
 3.89045E+01 7.99951E-01 8.99945E-01 9.89939E-01 1.07171E+00
 3.93550E+01 7.99952E-01 8.99946E-01 9.89940E-01 1.05913E+00
 3.98107E+01 7.99953E-01 8.99947E-01 9.89942E-01 1.04659E+00
 4.02717E+01 7.99954E-01 8.99948E-01 9.89943E-01 1.03408E+00
 4.07380E+01 7.99955E-01 8.99949E-01 9.89944E-01 1.02162E+00
 4.12098E+01 7.99956E-01 8.99951E-01 9.89946E-01 1.00920E+00
 4.16869E+01 7.99957E-01 8.99952E-01 9.89947E-01 9.99846E-01
 4.21697E+01 7.99958E-01 8.99953E-01 9.89948E-01 9.99848E-01
 4.26580E+01 7.99959E-01 8.99954E-01 9.89949E-01 9.99849E-01
 4.31519E+01 7.99960E-01 8.99955E-01 9.89950E-01 9.99850E-01
 4.36516E+01 7.99961E-01 8.99956E-01 9.89952E-01 9.99851E-01
 4.41570E+01 7.99962E-01 8.99957E-01 9.89953E-01 9.99852E-01
 4.46684E+01 7.99963E-01 8.99958E-01 9.89954E-01 9.99853E-01
 4.51856E+01 7.99963E-01 8.99959E-01 9.89955E-01 9.99854E-01
 4.57088E+01 7.99964E-01 8.99960E-01 9.89956E-01 9.99855E-01
 4.62381E+01 7.99965E-01 8.99961E-01 9.89957E-01 9.99856E-01
 4.67735E+01 7.99966E-01 8.99962E-01 9.89958E-01 9.99857E-01
 4.73151E+01 7.99967E-01 8.99962E-01 9.89959E-01 9.99858E-01
 4.78630E+01 7.99967E-01 8.99963E-01 9.89960E-01 9.99859E-01
 4.84172E+01 7.99968E-01 8.99964E-01 9.89961E-01 9.99860E-01
 4.89779E+01 7.99969E-01 8.99965E-01 9.89961E-01 9.99861E-01
 4.95450E+01 7.99970E-01 8.99966E-01 9.89962E-01 9.99862E-01
 5.01187E+01 7.99970E-01 8.99967E-01 9.89963E-01 9.99863E-01
 5.06991E+01 7.99971E-01 8.99967E-01 9.89964E-01 9.99864E-01
 5.12861E+01 7.99972E-01 8.99968E-01 9.89965E-01 9.99865E-01
 5.18800E+01 7.99972E-01 8.99969E-01 9.89966E-01 9.99865E-01
 5.24807E+01 7.99973E-01 8.99970E-01 9.89966E-01 9.99866E-01
 5.30884E+01 7.99974E-01 8.99970E-01 9.89967E-01 9.99867E-01
 5.37032E+01 7.99974E-01 8.99971E-01 9.89968E-01 9.99868E-01
 5.43250E+01 7.99975E-01 8.99972E-01 9.89969E-01 9.99868E-01
 5.49541E+01 7.99975E-01 8.99972E-01 9.89969E-01 9.99869E-01
 5.55904E+01 7.99976E-01 8.99973E-01 9.89970E-01 9.99870E-01
 5.62341E+01 7.99976E-01 8.99973E-01 9.89971E-01 9.99870E-01
 5.68853E+01 7.99977E-01 8.99974E-01 9.89971E-01 9.99871E-01
 5.75440E+01 7.99977E-01 8.99975E-01 9.89972E-01 9.99872E-01
 5.82103E+01 7.99978E-01 8.99975E-01 9.89973E-01 9.99872E-01
 5.88844E+01 7.99978E-01 8.99976E-01 9.89973E-01 9.99873E-01
 5.95662E+01 7.99979E-01 8.99976E-01 9.89974E-01 9.99874E-01
 6.02560E+01 7.99979E-01 8.99977E-01 9.89975E-01 9.99874E-01
 6.09537E+01 7.99980E-01 8.99977E-01 9.89975E-01 9.99875E-01
 6.16595E+01 7.99980E-01 8.99978E-01 9.89976E-01 9.99875E-01
 6.23735E+01 7.99981E-01 8.99978E-01 9.89976E-01 9.99876E-01
 6.30957E+01 7.99981E-01 8.99979E-01 9.89977E-01 9.99877E-01
 6.38263E+01 7.99982E-01 8.99979E-01 9.89977E-01 9.99877E-01
 6.45654E+01 7.99982E-01 8.99980E-01 9.89978E-01 9.99878E-01
 6.53131E+01 7.99982E-01 8.99980E-01 9.89978E-01 9.99878E-01
 6.60693E+01 7.99983E-01 8.99981E-01 9.89979E-01 9.99879E-01
 6.68344E+01 7.99983E-01 8.99981E-01 9.89979E-01 9.99879E-01
 6.76083E+01 7.99984E-01 8.99982E-01 9.89980E-01 9.99880E-01
 6.83912E+01 7.99984E-01 8.99982E-01 9.89980E-01 9.99880E-01
 6.91831E+01 7.99984E-01 8.99982E-01 9.89981E-01 9.99880E-01
 6.99842E+01 7.99985E-01 8.99983E-01 9.89981E-01 9.99881E-01
 7.07946E+01 7.99985E-01 8.99983E-01 9.89982E-01 9.99881E-01
 7.16143E+01 7.99985E-01 8.99984E-01 9.89982E-01 9.99882E-01
 7.24436E+01 7.99986E-01 8.99984E-01 9.89982E-01 9.99882E-01
 7.32825E+01 7.99986E-01 8.99984E-01 9.89983E-01 9.99883E-01
 7.41310E+01 7.99986E-01 8.99985E-01 9.89983E-01 9.99883E-01
 7.49894E+01 7.99987E-01 8.99985E-01 9.89984E-01 9.99883E-01
 7.58578E+01 7.99987E-01 8.99985E-01 9.89984E-01 9.99884E-01
 7.67361E+01 7.99987E-01 8.99986E-01 9.89984E-01 9.99884E-01
 7.76247E+01 7.99988E-01 8.99986E-01 9.89985E-01 9.99885E-01
 7.85236E+01 7.99988E-01 8.99986E-01 9.89985E-01 9.99885E-01
 7.94328E+01 7.99988E-01 8.99987E-01 9.89985E-01 9.99885E-01
 8.03526E+01 7.99988E-01 8.99987E-01 9.89986E-01 9.99886E-01
 8.12831E+01 7.99989E-01 8.99987E-01 9.89986E-01 9.99886E-01
 8.22243E+01 7.99989E-01 8.99988E-01 9.89986E-01 9.99886E-01
 8.31764E+01 7.99989E-01 8.99988E-01 9.89987E-01 9.99887E-01
 8.41395E+01 7.99989E-01 8.99988E-01 9.89987E-01 9.99887E-01
 8.51138E+01 7.99990E-01 8.99988E-01 9.89987E-01 9.99887E-01
 8.60994E+01 7.99990E-01 8.99989E-01 9.89988E-01 9.99887E-01
 8.70964E+01 7.99990E-01 8.99989E-01 9.89988E-01 9.99888E-01
 8.81049E+01 7.99990E-01 8.99989E-01 9.89988E-01 9.99888E-01
 8.91251E+01 7.99991E-01 8.99989E-01 9.89988E-01 9.99888E-01
 9.01571E+01 7.99991E-01 8.99990E-01 9.89989E-01 9.99889E-01
 9.12011E+01 7.99991E-01 8.99990E-01 9.89989E-01 9.99889E-01
 9.22571E+01 7.99991E-01 8.99990E-01 9.89989E-01 9.99889E-01
 9.33254E+01 7.99991E-01 8.99990E-01 9.89989E-01 9.99889E-01
 9.44061E+01 7.99992E-01 8.99991E-01 9.89990E-01 9.99890E-01
 9.54993E+01 7.99992E-01 8.99991E-01 9.89990E-01 9.99890E-01
 9.66051E+01 7.99992E-01 8.99991E-01 9.89990E-01 9.99890E-01
 9.77237E+01 7.99992E-01 8.99991E-01 9.89990E-01 9.99890E-01
 9.88553E+01 7.99992E-01 8.99991E-01 9.89991E-01 9.99890E-01
 1.00000E+02 7.99993E-01 8.99992E-01 9.89991E-01 9.99891E-01
