 1.00000E-02 1.88806E-02 3.55050E-02 6.39418E-02 6.85068E-02
 2.00000E-02 1.89005E-02 3.55752E-02 6.39545E-02 6.85963E-02
 3.00000E-02 1.89324E-02 3.55974E-02 6.39843E-02 6.85961E-02
 4.00000E-02 1.89690E-02 3.56410E-02 6.39941E-02 6.85965E-02
 5.00000E-02 1.90168E-02 3.56880E-02 6.40025E-02 6.86002E-02
 6.00000E-02 1.90761E-02 3.57514E-02 6.40175E-02 6.85980E-02
 7.00000E-02 1.91463E-02 3.58240E-02 6.40369E-02 6.86043E-02
 8.00000E-02 1.92288E-02 3.59104E-02 6.40601E-02 6.86100E-02
 9.00000E-02 1.93248E-02 3.60123E-02 6.40917E-02 6.86235E-02
 1.00000E-01 1.94354E-02 3.61312E-02 6.41370E-02 6.86475E-02
 1.10000E-01 1.95626E-02 3.62705E-02 6.41983E-02 6.86860E-02
 1.20000E-01 1.97088E-02 3.64342E-02 6.42832E-02 6.87486E-02
 1.30000E-01 1.98765E-02 3.66267E-02 6.43987E-02 6.88404E-02
 1.40000E-01 2.00693E-02 3.68529E-02 6.45527E-02 6.89706E-02
 1.50000E-01 2.02900E-02 3.71188E-02 6.47543E-02 6.91495E-02
 1.60000E-01 2.05426E-02 3.74304E-02 6.50148E-02 6.93880E-02
 1.70000E-01 2.08309E-02 3.77948E-02 6.53442E-02 6.96978E-02
 1.80000E-01 2.11592E-02 3.82188E-02 6.57545E-02 7.00912E-02
 1.90000E-01 2.15318E-02 3.87103E-02 6.62593E-02 7.05823E-02
 2.00000E-01 2.19529E-02 3.92767E-02 6.68705E-02 7.11848E-02
 2.10000E-01 2.24270E-02 3.99262E-02 6.76025E-02 7.19134E-02
 2.20000E-01 2.29581E-02 4.06664E-02 6.84687E-02 7.27824E-02
 2.30000E-01 2.35505E-02 4.15046E-02 6.94821E-02 7.38062E-02
 2.40000E-01 2.42076E-02 4.24480E-02 7.06557E-02 7.49988E-02
 2.50000E-01 2.49327E-02 4.35027E-02 7.20011E-02 7.63722E-02
 2.60000E-01 2.57288E-02 4.46744E-02 7.35284E-02 7.79381E-02
 2.70000E-01 2.65983E-02 4.59676E-02 7.52465E-02 7.97056E-02
 2.80000E-01 2.75430E-02 4.73861E-02 7.71621E-02 8.16823E-02
 2.90000E-01 2.85646E-02 4.89326E-02 7.92804E-02 8.38736E-02
 3.00000E-01 2.96642E-02 5.06090E-02 8.16044E-02 8.62831E-02
 3.10000E-01 3.08427E-02 5.24167E-02 8.41354E-02 8.89121E-02
 3.20000E-01 3.21006E-02 5.43559E-02 8.68734E-02 9.17604E-02
 3.30000E-01 3.34385E-02 5.64268E-02 8.98169E-02 9.48262E-02
 3.40000E-01 3.48565E-02 5.86290E-02 9.29630E-02 9.81061E-02
 3.50000E-01 3.63548E-02 6.09617E-02 9.63084E-02 1.01596E-01
 3.60000E-01 3.79336E-02 6.34241E-02 9.98488E-02 1.05292E-01
 3.70000E-01 3.95930E-02 6.60153E-02 1.03579E-01 1.09187E-01
 3.80000E-01 4.13331E-02 6.87341E-02 1.07496E-01 1.13276E-01
 3.90000E-01 4.31540E-02 7.15796E-02 1.11593E-01 1.17553E-01
 4.00000E-01 4.50559E-02 7.45508E-02 1.15865E-01 1.22011E-01
 4.10000E-01 4.70391E-02 7.76468E-02 1.20309E-01 1.26646E-01
 4.20000E-01 4.91038E-02 8.08667E-02 1.24918E-01 1.31450E-01
 4.30000E-01 5.12504E-02 8.42099E-02 1.29689E-01 1.36419E-01
 4.40000E-01 5.34792E-02 8.76756E-02 1.34618E-01 1.41547E-01
 4.50000E-01 5.57906E-02 9.12633E-02 1.39700E-01 1.46829E-01
 4.60000E-01 5.81850E-02 9.49726E-02 1.44931E-01 1.52259E-01
 4.70000E-01 6.06630E-02 9.88029E-02 1.50310E-01 1.57835E-01
 4.80000E-01 6.32251E-02 1.02754E-01 1.55831E-01 1.63553E-01
 4.90000E-01 6.58717E-02 1.06826E-01 1.61493E-01 1.69407E-01
 5.00000E-01 6.86035E-02 1.11018E-01 1.67294E-01 1.75396E-01
 5.10000E-01 7.14209E-02 1.15330E-01 1.73230E-01 1.81517E-01
 5.20000E-01 7.43247E-02 1.19762E-01 1.79300E-01 1.87768E-01
 5.30000E-01 7.73154E-02 1.24314E-01 1.85502E-01 1.94146E-01
 5.40000E-01 8.03835E-02 1.28985E-01 1.91835E-01 2.00650E-01
 5.50000E-01 8.34757E-02 1.33777E-01 1.98298E-01 2.07280E-01
 5.60000E-01 8.65818E-02 1.38688E-01 2.04890E-01 2.14033E-01
 5.70000E-01 8.96990E-02 1.43680E-01 2.11610E-01 2.20911E-01
 5.80000E-01 9.28248E-02 1.48687E-01 2.18457E-01 2.27912E-01
 5.90000E-01 9.59566E-02 1.53704E-01 2.25432E-01 2.35037E-01
 6.00000E-01 9.90923E-02 1.58727E-01 2.32534E-01 2.42287E-01
 6.10000E-01 1.02229E-01 1.63752E-01 2.39764E-01 2.49663E-01
 6.20000E-01 1.05366E-01 1.68775E-01 2.47104E-01 2.57165E-01
 6.30000E-01 1.08499E-01 1.73795E-01 2.54453E-01 2.64784E-01
 6.40000E-01 1.11628E-01 1.78806E-01 2.61790E-01 2.72420E-01
 6.50000E-01 1.14750E-01 1.83807E-01 2.69112E-01 2.80039E-01
 6.60000E-01 1.17863E-01 1.88794E-01 2.76414E-01 2.87637E-01
 6.70000E-01 1.20967E-01 1.93765E-01 2.83692E-01 2.95211E-01
 6.80000E-01 1.24058E-01 1.98718E-01 2.90942E-01 3.02756E-01
 6.90000E-01 1.27137E-01 2.03649E-01 2.98162E-01 3.10268E-01
 7.00000E-01 1.30200E-01 2.08556E-01 3.05347E-01 3.17745E-01
 7.10000E-01 1.33248E-01 2.13438E-01 3.12494E-01 3.25183E-01
 7.20000E-01 1.36279E-01 2.18292E-01 3.19601E-01 3.32578E-01
 7.30000E-01 1.39291E-01 2.23117E-01 3.26665E-01 3.39929E-01
 7.40000E-01 1.42283E-01 2.27910E-01 3.33683E-01 3.47232E-01
 7.50000E-01 1.45255E-01 2.32670E-01 3.40653E-01 3.54485E-01
 7.60000E-01 1.48205E-01 2.37397E-01 3.47572E-01 3.61685E-01
 7.70000E-01 1.51134E-01 2.42087E-01 3.54439E-01 3.68831E-01
 7.80000E-01 1.54039E-01 2.46740E-01 3.61252E-01 3.75920E-01
 7.90000E-01 1.56920E-01 2.51355E-01 3.68009E-01 3.82952E-01
 8.00000E-01 1.59776E-01 2.55931E-01 3.74708E-01 3.89923E-01
 8.10000E-01 1.62608E-01 2.60466E-01 3.81349E-01 3.96833E-01
 8.20000E-01 1.65414E-01 2.64961E-01 3.87929E-01 4.03680E-01
 8.30000E-01 1.68193E-01 2.69413E-01 3.94447E-01 4.10463E-01
 8.40000E-01 1.70946E-01 2.73822E-01 4.00903E-01 4.17182E-01
 8.50000E-01 1.73672E-01 2.78189E-01 4.07296E-01 4.23834E-01
 8.60000E-01 1.76370E-01 2.82511E-01 4.13624E-01 4.30419E-01
 8.70000E-01 1.79041E-01 2.86789E-01 4.19887E-01 4.36937E-01
 8.80000E-01 1.81684E-01 2.91022E-01 4.26085E-01 4.43386E-01
 8.90000E-01 1.84298E-01 2.95210E-01 4.32217E-01 4.49766E-01
 9.00000E-01 1.86884E-01 2.99352E-01 4.38282E-01 4.57385E-01
 9.10000E-01 1.89442E-01 3.03449E-01 4.44280E-01 4.66282E-01
 9.20000E-01 1.91971E-01 3.07500E-01 4.50210E-01 4.75226E-01
 9.30000E-01 1.94471E-01 3.11504E-01 4.56074E-01 4.84215E-01
 9.40000E-01 1.96942E-01 3.15463E-01 4.61869E-01 4.93248E-01
 9.50000E-01 1.99385E-01 3.19375E-01 4.67598E-01 5.02325E-01
 9.60000E-01 2.01798E-01 3.23242E-01 4.73258E-01 5.11445E-01
 9.70000E-01 2.04183E-01 3.27062E-01 4.78851E-01 5.20607E-01
 9.80000E-01 2.06539E-01 3.30836E-01 4.84377E-01 5.29811E-01
 9.90000E-01 2.08867E-01 3.34564E-01 4.89835E-01 5.39055E-01
 1.00000E+00 2.11166E-01 3.38246E-01 4.95226E-01 5.48338E-01
 1.01158E+00 2.13792E-01 3.42453E-01 5.01386E-01 5.59138E-01
 1.02329E+00 2.16410E-01 3.46647E-01 5.07526E-01 5.70114E-01
 1.03514E+00 2.19019E-01 3.50826E-01 5.13645E-01 5.81270E-01
 1.04713E+00 2.21619E-01 3.54990E-01 5.19741E-01 5.92608E-01
 1.05925E+00 2.24208E-01 3.59137E-01 5.25813E-01 6.04130E-01
 1.07152E+00 2.26785E-01 3.63266E-01 5.31858E-01 6.15838E-01
 1.08393E+00 2.29351E-01 3.67376E-01 5.37876E-01 6.27735E-01
 1.09648E+00 2.31905E-01 3.71466E-01 5.43864E-01 6.39823E-01
 1.10917E+00 2.34445E-01 3.75535E-01 5.49821E-01 6.52104E-01
 1.12202E+00 2.36971E-01 3.79582E-01 5.55746E-01 6.64581E-01
 1.13501E+00 2.39483E-01 3.83605E-01 5.61636E-01 6.77255E-01
 1.14815E+00 2.41980E-01 3.87605E-01 5.67492E-01 6.90130E-01
 1.16145E+00 2.44461E-01 3.91579E-01 5.73311E-01 7.03209E-01
 1.17490E+00 2.46926E-01 3.95527E-01 5.79091E-01 7.16492E-01
 1.18850E+00 2.49374E-01 3.99448E-01 5.87154E-01 7.29984E-01
 1.20226E+00 2.51804E-01 4.03342E-01 5.97243E-01 7.43686E-01
 1.21619E+00 2.54217E-01 4.07207E-01 6.07383E-01 7.57602E-01
 1.23027E+00 2.56612E-01 4.11043E-01 6.17572E-01 7.71733E-01
 1.24451E+00 2.58988E-01 4.14848E-01 6.27810E-01 7.86083E-01
 1.25893E+00 2.61344E-01 4.18623E-01 6.38093E-01 8.00655E-01
 1.27350E+00 2.63681E-01 4.22366E-01 6.48422E-01 8.15451E-01
 1.28825E+00 2.65998E-01 4.26077E-01 6.58793E-01 8.30474E-01
 1.30317E+00 2.68294E-01 4.29755E-01 6.69207E-01 8.45727E-01
 1.31826E+00 2.70569E-01 4.33400E-01 6.79660E-01 8.61214E-01
 1.33352E+00 2.72824E-01 4.37011E-01 6.90153E-01 8.76937E-01
 1.34896E+00 2.75056E-01 4.40587E-01 7.00682E-01 8.92899E-01
 1.36458E+00 2.77267E-01 4.44128E-01 7.11247E-01 9.09104E-01
 1.38038E+00 2.79456E-01 4.47634E-01 7.21846E-01 9.25555E-01
 1.39637E+00 2.81622E-01 4.51104E-01 7.32478E-01 9.42255E-01
 1.41254E+00 2.83766E-01 4.54537E-01 7.43140E-01 9.59208E-01
 1.42889E+00 2.85886E-01 4.57934E-01 7.53831E-01 9.76418E-01
 1.44544E+00 2.87984E-01 4.61294E-01 7.64551E-01 9.93887E-01
 1.46218E+00 2.90058E-01 4.64617E-01 7.75295E-01 1.01162E+00
 1.47911E+00 2.92109E-01 4.67902E-01 7.86065E-01 1.02962E+00
 1.49624E+00 2.94136E-01 4.71148E-01 7.96857E-01 1.04789E+00
 1.51356E+00 2.96139E-01 4.74357E-01 8.07670E-01 1.06644E+00
 1.53109E+00 2.98118E-01 4.77528E-01 8.18502E-01 1.08527E+00
 1.54882E+00 3.00074E-01 4.80660E-01 8.29351E-01 1.10438E+00
 1.56675E+00 3.02005E-01 4.83753E-01 8.40217E-01 1.12378E+00
 1.58489E+00 3.03912E-01 4.86808E-01 8.51097E-01 1.14347E+00
 1.60325E+00 3.05794E-01 4.89823E-01 8.61989E-01 1.16346E+00
 1.62181E+00 3.07653E-01 4.92800E-01 8.72891E-01 1.18375E+00
 1.64059E+00 3.09487E-01 4.95738E-01 8.83803E-01 1.20435E+00
 1.65959E+00 3.11296E-01 4.98637E-01 8.94721E-01 1.22526E+00
 1.67880E+00 3.13082E-01 5.01496E-01 9.05644E-01 1.24648E+00
 1.69824E+00 3.14843E-01 5.04317E-01 9.16571E-01 1.26803E+00
 1.71791E+00 3.16579E-01 5.07099E-01 9.27499E-01 1.28991E+00
 1.73780E+00 3.18292E-01 5.09842E-01 9.38427E-01 1.31211E+00
 1.75792E+00 3.19980E-01 5.12546E-01 9.49352E-01 1.33464E+00
 1.77828E+00 3.21644E-01 5.15211E-01 9.60272E-01 1.35750E+00
 1.79887E+00 3.23284E-01 5.17838E-01 9.71187E-01 1.38068E+00
 1.81970E+00 3.24900E-01 5.20427E-01 9.82093E-01 1.40420E+00
 1.84077E+00 3.26492E-01 5.22977E-01 9.92989E-01 1.42805E+00
 1.86209E+00 3.28060E-01 5.25489E-01 1.00387E+00 1.45226E+00
 1.88365E+00 3.29604E-01 5.27963E-01 1.01474E+00 1.47683E+00
 1.90546E+00 3.31125E-01 5.30399E-01 1.02560E+00 1.50175E+00
 1.92752E+00 3.32623E-01 5.32798E-01 1.03643E+00 1.52705E+00
 1.94984E+00 3.34097E-01 5.35159E-01 1.04725E+00 1.55272E+00
 1.97242E+00 3.35548E-01 5.37483E-01 1.05804E+00 1.57878E+00
 1.99526E+00 3.36976E-01 5.39771E-01 1.06880E+00 1.60523E+00
 2.01837E+00 3.38382E-01 5.42022E-01 1.07955E+00 1.63209E+00
 2.04174E+00 3.39765E-01 5.44237E-01 1.09026E+00 1.65935E+00
 2.06538E+00 3.41125E-01 5.46416E-01 1.10094E+00 1.68703E+00
 2.08930E+00 3.42463E-01 5.48559E-01 1.11159E+00 1.71514E+00
 2.11349E+00 3.43779E-01 5.50667E-01 1.12220E+00 1.74368E+00
 2.13796E+00 3.45073E-01 5.52740E-01 1.13278E+00 1.77266E+00
 2.16272E+00 3.46346E-01 5.54779E-01 1.14332E+00 1.80210E+00
 2.18776E+00 3.47597E-01 5.56783E-01 1.15381E+00 1.83200E+00
 2.21309E+00 3.48826E-01 5.58752E-01 1.16426E+00 1.86237E+00
 2.23872E+00 3.50035E-01 5.60689E-01 1.17467E+00 1.89323E+00
 2.26464E+00 3.51223E-01 5.62592E-01 1.18503E+00 1.92457E+00
 2.29087E+00 3.52391E-01 5.64462E-01 1.19533E+00 1.95642E+00
 2.31739E+00 3.53538E-01 5.66299E-01 1.20559E+00 1.98877E+00
 2.34423E+00 3.54665E-01 5.68104E-01 1.21579E+00 2.02165E+00
 2.37137E+00 3.55772E-01 5.69878E-01 1.22593E+00 2.05506E+00
 2.39883E+00 3.56859E-01 5.71619E-01 1.23602E+00 2.08902E+00
 2.42661E+00 3.57927E-01 5.73330E-01 1.24604E+00 2.12353E+00
 2.45471E+00 3.58976E-01 5.75010E-01 1.25600E+00 2.15860E+00
 2.48313E+00 3.60006E-01 5.76660E-01 1.26589E+00 2.19426E+00
 2.51189E+00 3.61017E-01 5.78280E-01 1.27572E+00 2.23050E+00
 2.54097E+00 3.62010E-01 5.79870E-01 1.28548E+00 2.26734E+00
 2.57040E+00 3.62985E-01 5.81432E-01 1.29516E+00 2.30480E+00
 2.60016E+00 3.63942E-01 5.82964E-01 1.30477E+00 2.34289E+00
 2.63027E+00 3.64881E-01 5.84468E-01 1.31431E+00 2.38161E+00
 2.66073E+00 3.65802E-01 5.85944E-01 1.32376E+00 2.42098E+00
 2.69153E+00 3.66706E-01 5.87393E-01 1.33313E+00 2.46102E+00
 2.72270E+00 3.67594E-01 5.88814E-01 1.34242E+00 2.50174E+00
 2.75423E+00 3.68464E-01 5.90209E-01 1.35163E+00 2.54315E+00
 2.78612E+00 3.69319E-01 5.91577E-01 1.36075E+00 2.58526E+00
 2.81838E+00 3.70157E-01 5.92919E-01 1.36978E+00 2.62809E+00
 2.85102E+00 3.70979E-01 5.94236E-01 1.37871E+00 2.67166E+00
 2.88403E+00 3.71785E-01 5.95527E-01 1.38755E+00 2.71598E+00
 2.91743E+00 3.72576E-01 5.96794E-01 1.39630E+00 2.76105E+00
 2.95121E+00 3.73351E-01 5.98036E-01 1.40495E+00 2.80691E+00
 2.98538E+00 3.74112E-01 5.99254E-01 1.41350E+00 2.85356E+00
 3.01995E+00 3.74857E-01 6.00449E-01 1.42194E+00 2.90102E+00
 3.05492E+00 3.75588E-01 6.01620E-01 1.43028E+00 2.94930E+00
 3.09030E+00 3.76305E-01 6.02768E-01 1.43851E+00 2.99842E+00
 3.12608E+00 3.77008E-01 6.03894E-01 1.44664E+00 3.04839E+00
 3.16228E+00 3.77697E-01 6.04998E-01 1.45465E+00 3.09924E+00
 3.19890E+00 3.78372E-01 6.06079E-01 1.46255E+00 3.15098E+00
 3.23594E+00 3.79034E-01 6.07140E-01 1.47034E+00 3.20362E+00
 3.27341E+00 3.79683E-01 6.08179E-01 1.47801E+00 3.25718E+00
 3.31131E+00 3.80319E-01 6.09198E-01 1.48555E+00 3.31169E+00
 3.34965E+00 3.80942E-01 6.10196E-01 1.49298E+00 3.36715E+00
 3.38844E+00 3.81553E-01 6.11174E-01 1.50029E+00 3.42358E+00
 3.42768E+00 3.82151E-01 6.12132E-01 1.50746E+00 3.48101E+00
 3.46737E+00 3.82738E-01 6.13072E-01 1.51452E+00 3.53944E+00
 3.50752E+00 3.83312E-01 6.13992E-01 1.52144E+00 3.59890E+00
 3.54813E+00 3.83875E-01 6.14893E-01 1.52823E+00 3.65941E+00
 3.58922E+00 3.84426E-01 6.15777E-01 1.53489E+00 3.72098E+00
 3.63078E+00 3.84967E-01 6.16642E-01 1.54141E+00 3.78364E+00
 3.67282E+00 3.85496E-01 6.17490E-01 1.54780E+00 3.84740E+00
 3.71535E+00 3.86014E-01 6.18320E-01 1.55404E+00 3.91227E+00
 3.75837E+00 3.86522E-01 6.19133E-01 1.56015E+00 3.97829E+00
 3.80189E+00 3.87019E-01 6.19930E-01 1.56612E+00 4.04547E+00
 3.84592E+00 3.87506E-01 6.20710E-01 1.57194E+00 4.11382E+00
 3.89045E+00 3.87983E-01 6.21474E-01 1.57761E+00 4.18337E+00
 3.93550E+00 3.88450E-01 6.22223E-01 1.58314E+00 4.25414E+00
 3.98107E+00 3.88908E-01 6.22955E-01 1.58852E+00 4.32615E+00
 4.02717E+00 3.89356E-01 6.23673E-01 1.59375E+00 4.39941E+00
 4.07380E+00 3.89795E-01 6.24376E-01 1.59882E+00 4.47395E+00
 4.12098E+00 3.90224E-01 6.25064E-01 1.60375E+00 4.54979E+00
 4.16869E+00 3.90645E-01 6.25737E-01 1.60851E+00 4.62695E+00
 4.21697E+00 3.91057E-01 6.26397E-01 1.61312E+00 4.70544E+00
 4.26580E+00 3.91460E-01 6.27043E-01 1.61758E+00 4.78529E+00
 4.31519E+00 3.91855E-01 6.27675E-01 1.62187E+00 4.86651E+00
 4.36516E+00 3.92241E-01 6.28294E-01 1.62600E+00 4.94914E+00
 4.41570E+00 3.92619E-01 6.28900E-01 1.62997E+00 5.03318E+00
 4.46684E+00 3.92990E-01 6.29494E-01 1.63378E+00 5.11867E+00
 4.51856E+00 3.93352E-01 6.30074E-01 1.63742E+00 5.20561E+00
 4.57088E+00 3.93707E-01 6.30643E-01 1.64090E+00 5.29403E+00
 4.62381E+00 3.94054E-01 6.31199E-01 1.64422E+00 5.38395E+00
 4.67735E+00 3.94394E-01 6.31744E-01 1.64736E+00 5.47539E+00
 4.73151E+00 3.94727E-01 6.32277E-01 1.65034E+00 5.56838E+00
 4.78630E+00 3.95053E-01 6.32799E-01 1.65314E+00 5.66292E+00
 4.84172E+00 3.95372E-01 6.33309E-01 1.65578E+00 5.75904E+00
 4.89779E+00 3.95684E-01 6.33809E-01 1.65825E+00 5.85677E+00
 4.95450E+00 3.95989E-01 6.34298E-01 1.66054E+00 5.95612E+00
 5.01187E+00 3.96288E-01 6.34777E-01 1.66267E+00 6.05711E+00
 5.06991E+00 3.96580E-01 6.35245E-01 1.66462E+00 6.15975E+00
 5.12861E+00 3.96867E-01 6.35704E-01 1.66640E+00 6.26408E+00
 5.18800E+00 3.97147E-01 6.36152E-01 1.66801E+00 6.37011E+00
 5.24807E+00 3.97421E-01 6.36591E-01 1.66944E+00 6.47786E+00
 5.30884E+00 3.97689E-01 6.37021E-01 1.67070E+00 6.58735E+00
 5.37032E+00 3.97951E-01 6.37441E-01 1.67178E+00 6.69859E+00
 5.43250E+00 3.98208E-01 6.37852E-01 1.67269E+00 6.81161E+00
 5.49541E+00 3.98459E-01 6.38255E-01 1.67343E+00 6.92642E+00
 5.55904E+00 3.98705E-01 6.38648E-01 1.67399E+00 7.04305E+00
 5.62341E+00 3.98946E-01 6.39034E-01 1.67438E+00 7.16150E+00
 5.68853E+00 3.99181E-01 6.39411E-01 1.67460E+00 7.28181E+00
 5.75440E+00 3.99411E-01 6.39779E-01 1.67464E+00 7.40397E+00
 5.82103E+00 3.99636E-01 6.40140E-01 1.67451E+00 7.52802E+00
 5.88844E+00 3.99857E-01 6.40493E-01 1.67421E+00 7.65397E+00
 5.95662E+00 4.00072E-01 6.40838E-01 1.67373E+00 7.78183E+00
 6.02560E+00 4.00283E-01 6.41176E-01 1.67308E+00 7.91162E+00
 6.09537E+00 4.00489E-01 6.41507E-01 1.67226E+00 8.04336E+00
 6.16595E+00 4.00691E-01 6.41830E-01 1.67128E+00 8.17706E+00
 6.23735E+00 4.00889E-01 6.42146E-01 1.67012E+00 8.31273E+00
 6.30957E+00 4.01082E-01 6.42456E-01 1.66879E+00 8.45039E+00
 6.38263E+00 4.01271E-01 6.42758E-01 1.66729E+00 8.59005E+00
 6.45654E+00 4.01456E-01 6.43054E-01 1.66563E+00 8.73173E+00
 6.53131E+00 4.01636E-01 6.43344E-01 1.66380E+00 8.87544E+00
 6.60693E+00 4.01813E-01 6.43627E-01 1.66181E+00 9.02118E+00
 6.68344E+00 4.01986E-01 6.43904E-01 1.65965E+00 9.16898E+00
 6.76083E+00 4.02155E-01 6.44175E-01 1.65733E+00 9.31884E+00
 6.83912E+00 4.02321E-01 6.44440E-01 1.65485E+00 9.47077E+00
 6.91831E+00 4.02483E-01 6.44700E-01 1.65221E+00 9.62478E+00
 6.99842E+00 4.02641E-01 6.44953E-01 1.64941E+00 9.78088E+00
 7.07946E+00 4.02796E-01 6.45201E-01 1.64645E+00 9.93907E+00
 7.16143E+00 4.02948E-01 6.45444E-01 1.64334E+00 1.00994E+01
 7.24436E+00 4.03096E-01 6.45681E-01 1.64008E+00 1.02618E+01
 7.32825E+00 4.03241E-01 6.45913E-01 1.63666E+00 1.04263E+01
 7.41310E+00 4.03382E-01 6.46140E-01 1.63309E+00 1.05930E+01
 7.49894E+00 4.03521E-01 6.46362E-01 1.62938E+00 1.07617E+01
 7.58578E+00 4.03656E-01 6.46580E-01 1.62551E+00 1.09326E+01
 7.67361E+00 4.03789E-01 6.46792E-01 1.62150E+00 1.11057E+01
 7.76247E+00 4.03919E-01 6.47000E-01 1.61735E+00 1.12808E+01
 7.85236E+00 4.04045E-01 6.47203E-01 1.61306E+00 1.14582E+01
 7.94328E+00 4.04169E-01 6.47401E-01 1.60862E+00 1.16376E+01
 8.03526E+00 4.04291E-01 6.47595E-01 1.60405E+00 1.18191E+01
 8.12831E+00 4.04409E-01 6.47785E-01 1.59935E+00 1.20028E+01
 8.22243E+00 4.04525E-01 6.47971E-01 1.59451E+00 1.21887E+01
 8.31764E+00 4.04639E-01 6.48153E-01 1.58954E+00 1.23766E+01
 8.41395E+00 4.04750E-01 6.48330E-01 1.58444E+00 1.25666E+01
 8.51138E+00 4.04858E-01 6.48504E-01 1.57922E+00 1.27588E+01
 8.60994E+00 4.04964E-01 6.48674E-01 1.57387E+00 1.29530E+01
 8.70964E+00 4.05068E-01 6.48840E-01 1.56840E+00 1.31494E+01
 8.81049E+00 4.05169E-01 6.49003E-01 1.56280E+00 1.33478E+01
 8.91251E+00 4.05268E-01 6.49162E-01 1.55709E+00 1.35483E+01
 9.01571E+00 4.05365E-01 6.49317E-01 1.55127E+00 1.37508E+01
 9.12011E+00 4.05460E-01 6.49469E-01 1.54533E+00 1.39554E+01
 9.22571E+00 4.05553E-01 6.49617E-01 1.53928E+00 1.41620E+01
 9.33254E+00 4.05644E-01 6.49762E-01 1.53313E+00 1.43707E+01
 9.44061E+00 4.05732E-01 6.49904E-01 1.52687E+00 1.45813E+01
 9.54993E+00 4.05819E-01 6.50043E-01 1.52050E+00 1.47938E+01
 9.66051E+00 4.05904E-01 6.50179E-01 1.51404E+00 1.50083E+01
 9.77237E+00 4.05986E-01 6.50312E-01 1.50747E+00 1.52248E+01
 9.88553E+00 4.06068E-01 6.50442E-01 1.50081E+00 1.54431E+01
 1.00000E+01 4.06147E-01 6.50569E-01 1.49406E+00 1.56633E+01
 1.01158E+01 4.06224E-01 6.50693E-01 1.48721E+00 1.58854E+01
 1.02329E+01 4.06300E-01 6.50814E-01 1.48028E+00 1.61092E+01
 1.03514E+01 4.06374E-01 6.50933E-01 1.47326E+00 1.63349E+01
 1.04713E+01 4.06446E-01 6.51049E-01 1.46615E+00 1.65623E+01
 1.05925E+01 4.06517E-01 6.51162E-01 1.45897E+00 1.67914E+01
 1.07152E+01 4.06587E-01 6.51273E-01 1.45170E+00 1.70222E+01
 1.08393E+01 4.06654E-01 6.51381E-01 1.44436E+00 1.72547E+01
 1.09648E+01 4.06720E-01 6.51487E-01 1.43695E+00 1.74888E+01
 1.10917E+01 4.06785E-01 6.51591E-01 1.42946E+00 1.77244E+01
 1.12202E+01 4.06848E-01 6.51692E-01 1.42191E+00 1.79615E+01
 1.13501E+01 4.06910E-01 6.51791E-01 1.41429E+00 1.82002E+01
 1.14815E+01 4.06971E-01 6.51888E-01 1.40660E+00 1.84402E+01
 1.16145E+01 4.07030E-01 6.51983E-01 1.39885E+00 1.86817E+01
 1.17490E+01 4.07088E-01 6.52076E-01 1.39105E+00 1.89245E+01
 1.18850E+01 4.07144E-01 6.52166E-01 1.38318E+00 1.91685E+01
 1.20226E+01 4.07199E-01 6.52255E-01 1.37526E+00 1.94138E+01
 1.21619E+01 4.07253E-01 6.52341E-01 1.36729E+00 1.96603E+01
 1.23027E+01 4.07306E-01 6.52426E-01 1.35927E+00 1.99078E+01
 1.24451E+01 4.07358E-01 6.52508E-01 1.35120E+00 2.01565E+01
 1.25893E+01 4.07408E-01 6.52589E-01 1.34308E+00 2.04061E+01
 1.27350E+01 4.07458E-01 6.52668E-01 1.33492E+00 2.06566E+01
 1.28825E+01 4.07506E-01 6.52746E-01 1.32672E+00 2.09080E+01
 1.30317E+01 4.07553E-01 6.52821E-01 1.31849E+00 2.11602E+01
 1.31826E+01 4.07599E-01 6.52895E-01 1.31021E+00 2.14132E+01
 1.33352E+01 4.07644E-01 6.52967E-01 1.30190E+00 2.16668E+01
 1.34896E+01 4.07688E-01 6.53038E-01 1.29356E+00 2.19210E+01
 1.36458E+01 4.07731E-01 6.53107E-01 1.28518E+00 2.21757E+01
 1.38038E+01 4.07773E-01 6.53174E-01 1.27678E+00 2.24308E+01
 1.39637E+01 4.07815E-01 6.53240E-01 1.26835E+00 2.26863E+01
 1.41254E+01 4.07855E-01 6.53305E-01 1.25990E+00 2.29420E+01
 1.42889E+01 4.07894E-01 6.53368E-01 1.25143E+00 2.31980E+01
 1.44544E+01 4.07933E-01 6.53429E-01 1.24293E+00 2.34540E+01
 1.46218E+01 4.07970E-01 6.53489E-01 1.23442E+00 2.37101E+01
 1.47911E+01 4.08007E-01 6.53548E-01 1.22589E+00 2.39662E+01
 1.49624E+01 4.08043E-01 6.53606E-01 1.21735E+00 2.42220E+01
 1.51356E+01 4.08078E-01 6.53662E-01 1.20879E+00 2.44777E+01
 1.53109E+01 4.08112E-01 6.53717E-01 1.20023E+00 2.47330E+01
 1.54882E+01 4.08146E-01 6.53771E-01 1.19165E+00 2.49878E+01
 1.56675E+01 4.08179E-01 6.53823E-01 1.18307E+00 2.52422E+01
 1.58489E+01 4.08211E-01 6.53875E-01 1.17448E+00 2.54959E+01
 1.60325E+01 4.08242E-01 6.53925E-01 1.16589E+00 2.57490E+01
 1.62181E+01 4.08273E-01 6.53974E-01 1.15729E+00 2.60012E+01
 1.64059E+01 4.08303E-01 6.54022E-01 1.14870E+00 2.62525E+01
 1.65959E+01 4.08332E-01 6.54069E-01 1.14011E+00 2.65028E+01
 1.67880E+01 4.08361E-01 6.54115E-01 1.13151E+00 2.67519E+01
 1.69824E+01 4.08389E-01 6.54160E-01 1.12293E+00 2.69999E+01
 1.71791E+01 4.08416E-01 6.54204E-01 1.11435E+00 2.72465E+01
 1.73780E+01 4.08443E-01 6.54246E-01 1.10577E+00 2.74917E+01
 1.75792E+01 4.08469E-01 6.54288E-01 1.09721E+00 2.77353E+01
 1.77828E+01 4.08495E-01 6.54329E-01 1.08865E+00 2.79773E+01
 1.79887E+01 4.08520E-01 6.54369E-01 1.08011E+00 2.82176E+01
 1.81970E+01 4.08544E-01 6.54408E-01 1.07158E+00 2.84560E+01
 1.84077E+01 4.08568E-01 6.54447E-01 1.06306E+00 2.86924E+01
 1.86209E+01 4.08591E-01 6.54484E-01 1.05456E+00 2.89268E+01
 1.88365E+01 4.08614E-01 6.54520E-01 1.04608E+00 2.91590E+01
 1.90546E+01 4.08636E-01 6.54556E-01 1.03761E+00 2.93888E+01
 1.92752E+01 4.08658E-01 6.54591E-01 1.02917E+00 2.96163E+01
 1.94984E+01 4.08679E-01 6.54625E-01 1.02074E+00 2.98413E+01
 1.97242E+01 4.08700E-01 6.54659E-01 1.01234E+00 3.00637E+01
 1.99526E+01 4.08720E-01 6.54691E-01 1.00396E+00 3.02833E+01
 2.01837E+01 4.08740E-01 6.54723E-01 9.95600E-01 3.05001E+01
 2.04174E+01 4.08760E-01 6.54754E-01 9.87267E-01 3.07140E+01
 2.06538E+01 4.08779E-01 6.54785E-01 9.78961E-01 3.09248E+01
 2.08930E+01 4.08797E-01 6.54814E-01 9.70682E-01 3.11324E+01
 2.11349E+01 4.08816E-01 6.54843E-01 9.62430E-01 3.13369E+01
 2.13796E+01 4.08833E-01 6.54872E-01 9.58798E-01 3.15379E+01
 2.16272E+01 4.08851E-01 6.54900E-01 9.58839E-01 3.17355E+01
 2.18776E+01 4.08868E-01 6.54927E-01 9.58878E-01 3.19295E+01
 2.21309E+01 4.08884E-01 6.54953E-01 9.58917E-01 3.21199E+01
 2.23872E+01 4.08900E-01 6.54979E-01 9.58955E-01 3.23065E+01
 2.26464E+01 4.08916E-01 6.55005E-01 9.58992E-01 3.24893E+01
 2.29087E+01 4.08932E-01 6.55029E-01 9.59029E-01 3.26681E+01
 2.31739E+01 4.08947E-01 6.55054E-01 9.59064E-01 3.28429E+01
 2.34423E+01 4.08962E-01 6.55077E-01 9.59099E-01 3.30135E+01
 2.37137E+01 4.08976E-01 6.55101E-01 9.59133E-01 3.31799E+01
 2.39883E+01 4.08990E-01 6.55123E-01 9.59166E-01 3.33421E+01
 2.42661E+01 4.09004E-01 6.55145E-01 9.59198E-01 3.34998E+01
 2.45471E+01 4.09017E-01 6.55167E-01 9.59230E-01 3.36531E+01
 2.48313E+01 4.09031E-01 6.55188E-01 9.59261E-01 3.38018E+01
 2.51189E+01 4.09044E-01 6.55209E-01 9.59291E-01 3.39459E+01
 2.54097E+01 4.09056E-01 6.55229E-01 9.59321E-01 3.40853E+01
 2.57040E+01 4.09068E-01 6.55249E-01 9.59349E-01 3.42200E+01
 2.60016E+01 4.09081E-01 6.55268E-01 9.59378E-01 3.43498E+01
 2.63027E+01 4.09092E-01 6.55287E-01 9.59405E-01 3.44747E+01
 2.66073E+01 4.09104E-01 6.55305E-01 9.59432E-01 3.45947E+01
 2.69153E+01 4.09115E-01 6.55323E-01 9.59459E-01 3.47096E+01
 2.72270E+01 4.09126E-01 6.55341E-01 9.59484E-01 3.48195E+01
 2.75423E+01 4.09137E-01 6.55358E-01 9.59510E-01 3.49243E+01
 2.78612E+01 4.09147E-01 6.55375E-01 9.59534E-01 3.50239E+01
 2.81838E+01 4.09158E-01 6.55391E-01 9.59558E-01 3.51183E+01
 2.85102E+01 4.09168E-01 6.55407E-01 9.59582E-01 3.52075E+01
 2.88403E+01 4.09177E-01 6.55423E-01 9.59605E-01 3.52914E+01
 2.91743E+01 4.09187E-01 6.55438E-01 9.59627E-01 3.53699E+01
 2.95121E+01 4.09196E-01 6.55453E-01 9.59649E-01 3.54432E+01
 2.98538E+01 4.09205E-01 6.55468E-01 9.59671E-01 3.55110E+01
 3.01995E+01 4.09214E-01 6.55482E-01 9.59692E-01 3.55735E+01
 3.05492E+01 4.09223E-01 6.55496E-01 9.59712E-01 3.56306E+01
 3.09030E+01 4.09232E-01 6.55510E-01 9.59732E-01 3.56822E+01
 3.12608E+01 4.09240E-01 6.55523E-01 9.59752E-01 3.57284E+01
 3.16228E+01 4.09248E-01 6.55536E-01 9.59771E-01 3.57692E+01
 3.19890E+01 4.09256E-01 6.55549E-01 9.59790E-01 3.58045E+01
 3.23594E+01 4.09264E-01 6.55562E-01 9.59808E-01 3.58344E+01
 3.27341E+01 4.09272E-01 6.55574E-01 9.59826E-01 3.58588E+01
 3.31131E+01 4.09279E-01 6.55586E-01 9.59843E-01 3.58778E+01
 3.34965E+01 4.09286E-01 6.55598E-01 9.59860E-01 3.58915E+01
 3.38844E+01 4.09293E-01 6.55609E-01 9.59877E-01 3.58997E+01
 3.42768E+01 4.09300E-01 6.55620E-01 9.59893E-01 3.59025E+01
 3.46737E+01 4.09307E-01 6.55631E-01 9.59909E-01 3.59000E+01
 3.50752E+01 4.09314E-01 6.55642E-01 9.59925E-01 3.58921E+01
 3.54813E+01 4.09320E-01 6.55652E-01 9.59940E-01 3.58790E+01
 3.58922E+01 4.09327E-01 6.55662E-01 9.59955E-01 3.58605E+01
 3.63078E+01 4.09333E-01 6.55672E-01 9.59969E-01 3.58369E+01
 3.67282E+01 4.09339E-01 6.55682E-01 9.59984E-01 3.58080E+01
 3.71535E+01 4.09345E-01 6.55691E-01 9.59998E-01 3.57740E+01
 3.75837E+01 4.09351E-01 6.55701E-01 9.60011E-01 3.57349E+01
 3.80189E+01 4.09356E-01 6.55710E-01 9.60024E-01 3.56908E+01
 3.84592E+01 4.09362E-01 6.55718E-01 9.60037E-01 3.56416E+01
 3.89045E+01 4.09367E-01 6.55727E-01 9.60050E-01 3.55875E+01
 3.93550E+01 4.09372E-01 6.55736E-01 9.60062E-01 3.55285E+01
 3.98107E+01 4.09378E-01 6.55744E-01 9.60075E-01 3.54647E+01
 4.02717E+01 4.09383E-01 6.55752E-01 9.60086E-01 3.53961E+01
 4.07380E+01 4.09388E-01 6.55760E-01 9.60098E-01 3.53228E+01
 4.12098E+01 4.09392E-01 6.55768E-01 9.60109E-01 3.52449E+01
 4.16869E+01 4.09397E-01 6.55775E-01 9.60120E-01 3.51624E+01
 4.21697E+01 4.09402E-01 6.55782E-01 9.60131E-01 3.50754E+01
 4.26580E+01 4.09406E-01 6.55790E-01 9.60142E-01 3.49840E+01
 4.31519E+01 4.09411E-01 6.55797E-01 9.60152E-01 3.48883E+01
 4.36516E+01 4.09415E-01 6.55804E-01 9.60162E-01 3.47883E+01
 4.41570E+01 4.09419E-01 6.55810E-01 9.60172E-01 3.46840E+01
 4.46684E+01 4.09423E-01 6.55817E-01 9.60182E-01 3.45757E+01
 4.51856E+01 4.09427E-01 6.55823E-01 9.60191E-01 3.44634E+01
 4.57088E+01 4.09431E-01 6.55830E-01 9.60200E-01 3.43471E+01
 4.62381E+01 4.09435E-01 6.55836E-01 9.60209E-01 3.42269E+01
 4.67735E+01 4.09439E-01 6.55842E-01 9.60218E-01 3.41030E+01
 4.73151E+01 4.09442E-01 6.55848E-01 9.60226E-01 3.39754E+01
 4.78630E+01 4.09446E-01 6.55853E-01 9.60235E-01 3.38441E+01
 4.84172E+01 4.09450E-01 6.55859E-01 9.60243E-01 3.37094E+01
 4.89779E+01 4.09453E-01 6.55864E-01 9.60251E-01 3.35712E+01
 4.95450E+01 4.09456E-01 6.55870E-01 9.60259E-01 3.34297E+01
 5.01187E+01 4.09460E-01 6.55875E-01 9.60267E-01 3.32850E+01
 5.06991E+01 4.09463E-01 6.55880E-01 9.60274E-01 3.31371E+01
 5.12861E+01 4.09466E-01 6.55885E-01 9.60281E-01 3.29861E+01
 5.18800E+01 4.09469E-01 6.55890E-01 9.60289E-01 3.28322E+01
 5.24807E+01 4.09472E-01 6.55895E-01 9.60296E-01 3.26754E+01
 5.30884E+01 4.09475E-01 6.55899E-01 9.60302E-01 3.25158E+01
 5.37032E+01 4.09478E-01 6.55904E-01 9.60309E-01 3.23534E+01
 5.43250E+01 4.09480E-01 6.55908E-01 9.60316E-01 3.21885E+01
 5.49541E+01 4.09483E-01 6.55913E-01 9.60322E-01 3.20211E+01
 5.55904E+01 4.09486E-01 6.55917E-01 9.60328E-01 3.18512E+01
 5.62341E+01 4.09488E-01 6.55921E-01 9.60334E-01 3.16790E+01
 5.68853E+01 4.09491E-01 6.55925E-01 9.60340E-01 3.15045E+01
 5.75440E+01 4.09493E-01 6.55929E-01 9.60346E-01 3.13278E+01
 5.82103E+01 4.09496E-01 6.55933E-01 9.60352E-01 3.11491E+01
 5.88844E+01 4.09498E-01 6.55937E-01 9.60357E-01 3.09684E+01
 5.95662E+01 4.09500E-01 6.55941E-01 9.60363E-01 3.07858E+01
 6.02560E+01 4.09503E-01 6.55944E-01 9.60368E-01 3.06014E+01
 6.09537E+01 4.09505E-01 6.55948E-01 9.60373E-01 3.04153E+01
 6.16595E+01 4.09507E-01 6.55951E-01 9.60378E-01 3.02275E+01
 6.23735E+01 4.09509E-01 6.55955E-01 9.60383E-01 3.00381E+01
 6.30957E+01 4.09511E-01 6.55958E-01 9.60388E-01 2.98473E+01
 6.38263E+01 4.09513E-01 6.55961E-01 9.60393E-01 2.96550E+01
 6.45654E+01 4.09515E-01 6.55964E-01 9.60397E-01 2.94615E+01
 6.53131E+01 4.09517E-01 6.55967E-01 9.60402E-01 2.92667E+01
 6.60693E+01 4.09519E-01 6.55970E-01 9.60406E-01 2.90707E+01
 6.68344E+01 4.09521E-01 6.55973E-01 9.60411E-01 2.88737E+01
 6.76083E+01 4.09523E-01 6.55976E-01 9.60415E-01 2.86756E+01
 6.83912E+01 4.09524E-01 6.55979E-01 9.60419E-01 2.84766E+01
 6.91831E+01 4.09526E-01 6.55982E-01 9.60423E-01 2.82767E+01
 6.99842E+01 4.09528E-01 6.55984E-01 9.60427E-01 2.80761E+01
 7.07946E+01 4.09529E-01 6.55987E-01 9.60431E-01 2.78747E+01
 7.16143E+01 4.09531E-01 6.55990E-01 9.60434E-01 2.76727E+01
 7.24436E+01 4.09533E-01 6.55992E-01 9.60438E-01 2.74700E+01
 7.32825E+01 4.09534E-01 6.55995E-01 9.60442E-01 2.72669E+01
 7.41310E+01 4.09536E-01 6.55997E-01 9.60445E-01 2.70633E+01
 7.49894E+01 4.09537E-01 6.55999E-01 9.60449E-01 2.68593E+01
 7.58578E+01 4.09539E-01 6.56002E-01 9.60452E-01 2.66550E+01
 7.67361E+01 4.09540E-01 6.56004E-01 9.60455E-01 2.64504E+01
 7.76247E+01 4.09541E-01 6.56006E-01 9.60458E-01 2.62456E+01
 7.85236E+01 4.09543E-01 6.56008E-01 9.60462E-01 2.60407E+01
 7.94328E+01 4.09544E-01 6.56010E-01 9.60465E-01 2.58356E+01
 8.03526E+01 4.09545E-01 6.56012E-01 9.60468E-01 2.56306E+01
 8.12831E+01 4.09546E-01 6.56014E-01 9.60471E-01 2.54255E+01
 8.22243E+01 4.09548E-01 6.56016E-01 9.60473E-01 2.52205E+01
 8.31764E+01 4.09549E-01 6.56018E-01 9.60476E-01 2.50156E+01
 8.41395E+01 4.09550E-01 6.56020E-01 9.60479E-01 2.48109E+01
 8.51138E+01 4.09551E-01 6.56022E-01 9.60482E-01 2.46064E+01
 8.60994E+01 4.09552E-01 6.56024E-01 9.60484E-01 2.44022E+01
 8.70964E+01 4.09553E-01 6.56025E-01 9.60487E-01 2.41983E+01
 8.81049E+01 4.09554E-01 6.56027E-01 9.60489E-01 2.39947E+01
 8.91251E+01 4.09555E-01 6.56029E-01 9.60492E-01 2.37915E+01
 9.01571E+01 4.09556E-01 6.56030E-01 9.60494E-01 2.35887E+01
 9.12011E+01 4.09557E-01 6.56032E-01 9.60496E-01 2.33865E+01
 9.22571E+01 4.09558E-01 6.56033E-01 9.60499E-01 2.31847E+01
 9.33254E+01 4.09559E-01 6.56035E-01 9.60501E-01 2.29835E+01
 9.44061E+01 4.09560E-01 6.56036E-01 9.60503E-01 2.27829E+01
 9.54993E+01 4.09561E-01 6.56038E-01 9.60505E-01 2.25829E+01
 9.66051E+01 4.09562E-01 6.56039E-01 9.60507E-01 2.23836E+01
 9.77237E+01 4.09563E-01 6.56041E-01 9.60509E-01 2.21849E+01
 9.88553E+01 4.09564E-01 6.56042E-01 9.60511E-01 2.19870E+01
 1.00000E+02 4.09565E-01 6.56043E-01 9.60513E-01 2.17899E+01
