 1.00000E-02 1.66417E-01 1.93865E-01 2.21427E-01 2.24692E-01
 2.00000E-02 1.66647E-01 1.94149E-01 2.21642E-01 2.24896E-01
 3.00000E-02 1.67013E-01 1.94504E-01 2.22006E-01 2.25237E-01
 4.00000E-02 1.67509E-01 1.95008E-01 2.22487E-01 2.25718E-01
 5.00000E-02 1.68144E-01 1.95651E-01 2.23105E-01 2.26334E-01
 6.00000E-02 1.68916E-01 1.96431E-01 2.23857E-01 2.27079E-01
 7.00000E-02 1.69822E-01 1.97346E-01 2.24742E-01 2.27957E-01
 8.00000E-02 1.70859E-01 1.98396E-01 2.25756E-01 2.28962E-01
 9.00000E-02 1.72022E-01 1.99576E-01 2.26897E-01 2.30096E-01
 1.00000E-01 1.73307E-01 2.00882E-01 2.28163E-01 2.31354E-01
 1.10000E-01 1.74710E-01 2.02310E-01 2.29551E-01 2.32732E-01
 1.20000E-01 1.76226E-01 2.03854E-01 2.31056E-01 2.34226E-01
 1.30000E-01 1.77849E-01 2.05511E-01 2.32673E-01 2.35834E-01
 1.40000E-01 1.79573E-01 2.07275E-01 2.34399E-01 2.37550E-01
 1.50000E-01 1.81393E-01 2.09141E-01 2.36228E-01 2.39369E-01
 1.60000E-01 1.83304E-01 2.11102E-01 2.38156E-01 2.41287E-01
 1.70000E-01 1.85297E-01 2.13152E-01 2.40177E-01 2.43298E-01
 1.80000E-01 1.87368E-01 2.15286E-01 2.42285E-01 2.45397E-01
 1.90000E-01 1.89510E-01 2.17498E-01 2.44474E-01 2.47577E-01
 2.00000E-01 1.91718E-01 2.19780E-01 2.46739E-01 2.49833E-01
 2.10000E-01 1.93985E-01 2.22127E-01 2.49074E-01 2.52159E-01
 2.20000E-01 1.96305E-01 2.24534E-01 2.51472E-01 2.54550E-01
 2.30000E-01 1.98674E-01 2.26995E-01 2.53928E-01 2.56999E-01
 2.40000E-01 2.01087E-01 2.29503E-01 2.56437E-01 2.59501E-01
 2.50000E-01 2.03538E-01 2.32055E-01 2.58992E-01 2.62050E-01
 2.60000E-01 2.06023E-01 2.34645E-01 2.61590E-01 2.64642E-01
 2.70000E-01 2.08538E-01 2.37268E-01 2.64224E-01 2.67271E-01
 2.80000E-01 2.11080E-01 2.39921E-01 2.66891E-01 2.69932E-01
 2.90000E-01 2.13645E-01 2.42599E-01 2.69585E-01 2.72622E-01
 3.00000E-01 2.16230E-01 2.45299E-01 2.72304E-01 2.75337E-01
 3.10000E-01 2.18831E-01 2.48018E-01 2.75043E-01 2.78072E-01
 3.20000E-01 2.21447E-01 2.50752E-01 2.77799E-01 2.80824E-01
 3.30000E-01 2.24075E-01 2.53499E-01 2.80569E-01 2.83589E-01
 3.40000E-01 2.26713E-01 2.56257E-01 2.83349E-01 2.86366E-01
 3.50000E-01 2.29358E-01 2.59023E-01 2.86138E-01 2.89151E-01
 3.60000E-01 2.32010E-01 2.61794E-01 2.88932E-01 2.91942E-01
 3.70000E-01 2.34666E-01 2.64570E-01 2.91730E-01 2.94736E-01
 3.80000E-01 2.37326E-01 2.67348E-01 2.94530E-01 2.97532E-01
 3.90000E-01 2.39987E-01 2.70127E-01 2.97329E-01 3.00327E-01
 4.00000E-01 2.42648E-01 2.72906E-01 3.00126E-01 3.03120E-01
 4.10000E-01 2.45310E-01 2.75682E-01 3.02920E-01 3.05910E-01
 4.20000E-01 2.47969E-01 2.78456E-01 3.05709E-01 3.08695E-01
 4.30000E-01 2.50626E-01 2.81225E-01 3.08492E-01 3.11473E-01
 4.40000E-01 2.53280E-01 2.83990E-01 3.11268E-01 3.14244E-01
 4.50000E-01 2.55929E-01 2.86748E-01 3.14036E-01 3.17006E-01
 4.60000E-01 2.58574E-01 2.89500E-01 3.17123E-01 3.20294E-01
 4.70000E-01 2.61213E-01 2.93379E-01 3.22717E-01 3.25945E-01
 4.80000E-01 2.65256E-01 2.98413E-01 3.28254E-01 3.31536E-01
 4.90000E-01 2.69683E-01 3.03394E-01 3.33733E-01 3.37071E-01
 5.00000E-01 2.74065E-01 3.08324E-01 3.39156E-01 3.42547E-01
 5.10000E-01 2.78402E-01 3.13202E-01 3.44522E-01 3.47968E-01
 5.20000E-01 2.82693E-01 3.18030E-01 3.49833E-01 3.53331E-01
 5.30000E-01 2.86940E-01 3.22808E-01 3.55089E-01 3.58640E-01
 5.40000E-01 2.91143E-01 3.27536E-01 3.60289E-01 3.63892E-01
 5.50000E-01 2.95302E-01 3.32214E-01 3.65436E-01 3.69090E-01
 5.60000E-01 2.99417E-01 3.36844E-01 3.70529E-01 3.74234E-01
 5.70000E-01 3.03489E-01 3.41425E-01 3.75568E-01 3.79324E-01
 5.80000E-01 3.07519E-01 3.45959E-01 3.80555E-01 3.84360E-01
 5.90000E-01 3.11506E-01 3.50444E-01 3.85489E-01 3.89343E-01
 6.00000E-01 3.15451E-01 3.54882E-01 3.90371E-01 3.94274E-01
 6.10000E-01 3.19355E-01 3.59274E-01 3.95201E-01 3.99153E-01
 6.20000E-01 3.23217E-01 3.63619E-01 3.99981E-01 4.03981E-01
 6.30000E-01 3.27038E-01 3.67918E-01 4.04710E-01 4.08757E-01
 6.40000E-01 3.30819E-01 3.72171E-01 4.09389E-01 4.13482E-01
 6.50000E-01 3.34560E-01 3.76380E-01 4.14018E-01 4.18158E-01
 6.60000E-01 3.38261E-01 3.80543E-01 4.18597E-01 4.22783E-01
 6.70000E-01 3.41922E-01 3.84662E-01 4.23128E-01 4.27360E-01
 6.80000E-01 3.45544E-01 3.88737E-01 4.27611E-01 4.31887E-01
 6.90000E-01 3.49128E-01 3.92769E-01 4.32046E-01 4.36366E-01
 7.00000E-01 3.52673E-01 3.96758E-01 4.36433E-01 4.40798E-01
 7.10000E-01 3.56181E-01 4.00703E-01 4.40774E-01 4.45181E-01
 7.20000E-01 3.59651E-01 4.04607E-01 4.45068E-01 4.49518E-01
 7.30000E-01 3.63083E-01 4.08469E-01 4.49315E-01 4.53809E-01
 7.40000E-01 3.66479E-01 4.12289E-01 4.53518E-01 4.58053E-01
 7.50000E-01 3.69838E-01 4.16068E-01 4.57675E-01 4.62251E-01
 7.60000E-01 3.73161E-01 4.19806E-01 4.61787E-01 4.66405E-01
 7.70000E-01 3.76448E-01 4.23504E-01 4.65855E-01 4.70513E-01
 7.80000E-01 3.79700E-01 4.27163E-01 4.69879E-01 4.74578E-01
 7.90000E-01 3.82917E-01 4.30782E-01 4.73860E-01 4.78598E-01
 8.00000E-01 3.86099E-01 4.34361E-01 4.77798E-01 4.82576E-01
 8.10000E-01 3.89247E-01 4.37903E-01 4.81693E-01 4.86510E-01
 8.20000E-01 3.92361E-01 4.41406E-01 4.85546E-01 4.90402E-01
 8.30000E-01 3.95441E-01 4.44871E-01 4.89358E-01 4.94252E-01
 8.40000E-01 3.98488E-01 4.48299E-01 4.93128E-01 4.98060E-01
 8.50000E-01 4.01502E-01 4.51689E-01 4.96858E-01 5.01827E-01
 8.60000E-01 4.04483E-01 4.55043E-01 5.00548E-01 5.05553E-01
 8.70000E-01 4.07432E-01 4.58361E-01 5.04197E-01 5.09239E-01
 8.80000E-01 4.10349E-01 4.61643E-01 5.07807E-01 5.12885E-01
 8.90000E-01 4.13235E-01 4.64889E-01 5.11378E-01 5.16492E-01
 9.00000E-01 4.16090E-01 4.68101E-01 5.14911E-01 5.20060E-01
 9.10000E-01 4.18913E-01 4.71277E-01 5.18405E-01 5.23589E-01
 9.20000E-01 4.21706E-01 4.74420E-01 5.21862E-01 5.27080E-01
 9.30000E-01 4.24469E-01 4.77528E-01 5.25281E-01 5.30534E-01
 9.40000E-01 4.27202E-01 4.80603E-01 5.28663E-01 5.33950E-01
 9.50000E-01 4.29906E-01 4.83644E-01 5.32009E-01 5.37329E-01
 9.60000E-01 4.32580E-01 4.86653E-01 5.35318E-01 5.40671E-01
 9.70000E-01 4.35226E-01 4.89629E-01 5.38592E-01 5.43978E-01
 9.80000E-01 4.37843E-01 4.92573E-01 5.41831E-01 5.47249E-01
 9.90000E-01 4.40432E-01 4.95486E-01 5.45034E-01 5.50485E-01
 1.00000E+00 4.42993E-01 4.98367E-01 5.48203E-01 5.53685E-01
 1.01158E+00 4.45923E-01 5.01664E-01 5.51830E-01 5.57349E-01
 1.02329E+00 4.48851E-01 5.04958E-01 5.55453E-01 5.61008E-01
 1.03514E+00 4.51775E-01 5.08247E-01 5.59072E-01 5.64663E-01
 1.04713E+00 4.54696E-01 5.11532E-01 5.62686E-01 5.68313E-01
 1.05925E+00 4.57611E-01 5.14813E-01 5.66294E-01 5.71957E-01
 1.07152E+00 4.60522E-01 5.18088E-01 5.69896E-01 5.75595E-01
 1.08393E+00 4.63428E-01 5.21357E-01 5.73493E-01 5.79227E-01
 1.09648E+00 4.66329E-01 5.24620E-01 5.77082E-01 5.82853E-01
 1.10917E+00 4.69223E-01 5.27876E-01 5.80664E-01 5.86470E-01
 1.12202E+00 4.72111E-01 5.31125E-01 5.84238E-01 5.90080E-01
 1.13501E+00 4.74993E-01 5.34367E-01 5.87803E-01 5.93681E-01
 1.14815E+00 4.77867E-01 5.37600E-01 5.91360E-01 5.97274E-01
 1.16145E+00 4.80734E-01 5.40826E-01 5.94908E-01 6.00857E-01
 1.17490E+00 4.83593E-01 5.44042E-01 5.98446E-01 6.04431E-01
 1.18850E+00 4.86444E-01 5.47249E-01 6.01974E-01 6.07994E-01
 1.20226E+00 4.89286E-01 5.50447E-01 6.05491E-01 6.11546E-01
 1.21619E+00 4.92119E-01 5.53634E-01 6.08997E-01 6.15087E-01
 1.23027E+00 4.94943E-01 5.56811E-01 6.12492E-01 6.18617E-01
 1.24451E+00 4.97757E-01 5.59977E-01 6.15974E-01 6.22134E-01
 1.25893E+00 5.00561E-01 5.63131E-01 6.19445E-01 6.25639E-01
 1.27350E+00 5.03355E-01 5.66274E-01 6.22902E-01 6.29131E-01
 1.28825E+00 5.06138E-01 5.69405E-01 6.26346E-01 6.32609E-01
 1.30317E+00 5.08910E-01 5.72524E-01 6.29776E-01 6.36074E-01
 1.31826E+00 5.11670E-01 5.75629E-01 6.33192E-01 6.39524E-01
 1.33352E+00 5.14419E-01 5.78721E-01 6.36594E-01 6.42960E-01
 1.34896E+00 5.17156E-01 5.81800E-01 6.39980E-01 6.46380E-01
 1.36458E+00 5.19880E-01 5.84865E-01 6.43351E-01 6.49785E-01
 1.38038E+00 5.22591E-01 5.87915E-01 6.46707E-01 6.53174E-01
 1.39637E+00 5.25290E-01 5.90951E-01 6.50046E-01 6.56546E-01
 1.41254E+00 5.27975E-01 5.93972E-01 6.53369E-01 6.59902E-01
 1.42889E+00 5.30646E-01 5.96977E-01 6.56675E-01 6.63241E-01
 1.44544E+00 5.33304E-01 5.99967E-01 6.59963E-01 6.66563E-01
 1.46218E+00 5.35947E-01 6.02940E-01 6.63234E-01 6.69867E-01
 1.47911E+00 5.38576E-01 6.05898E-01 6.66487E-01 6.73152E-01
 1.49624E+00 5.41190E-01 6.08839E-01 6.69722E-01 6.76420E-01
 1.51356E+00 5.43789E-01 6.11762E-01 6.72939E-01 6.79668E-01
 1.53109E+00 5.46373E-01 6.14669E-01 6.76136E-01 6.82897E-01
 1.54882E+00 5.48941E-01 6.17558E-01 6.79314E-01 6.86107E-01
 1.56675E+00 5.51493E-01 6.20430E-01 6.82473E-01 6.89298E-01
 1.58489E+00 5.54030E-01 6.23284E-01 6.85612E-01 6.92468E-01
 1.60325E+00 5.56550E-01 6.26119E-01 6.88731E-01 6.95618E-01
 1.62181E+00 5.59054E-01 6.28936E-01 6.91830E-01 6.98748E-01
 1.64059E+00 5.61542E-01 6.31734E-01 6.94908E-01 7.01857E-01
 1.65959E+00 5.64012E-01 6.34514E-01 6.97965E-01 7.04945E-01
 1.67880E+00 5.66466E-01 6.37274E-01 7.01001E-01 7.08011E-01
 1.69824E+00 5.68902E-01 6.40015E-01 7.04016E-01 7.11057E-01
 1.71791E+00 5.71321E-01 6.42736E-01 7.07010E-01 7.14080E-01
 1.73780E+00 5.73723E-01 6.45438E-01 7.09982E-01 7.17082E-01
 1.75792E+00 5.76107E-01 6.48120E-01 7.12932E-01 7.20061E-01
 1.77828E+00 5.78473E-01 6.50782E-01 7.15860E-01 7.23019E-01
 1.79887E+00 5.80821E-01 6.53424E-01 7.18766E-01 7.25954E-01
 1.81970E+00 5.83151E-01 6.56045E-01 7.21650E-01 7.28866E-01
 1.84077E+00 5.85463E-01 6.58646E-01 7.24511E-01 7.31756E-01
 1.86209E+00 5.87757E-01 6.61227E-01 7.27350E-01 7.34623E-01
 1.88365E+00 5.90033E-01 6.63787E-01 7.30165E-01 7.37467E-01
 1.90546E+00 5.92290E-01 6.66326E-01 7.32958E-01 7.40288E-01
 1.92752E+00 5.94528E-01 6.68844E-01 7.35728E-01 7.43086E-01
 1.94984E+00 5.96748E-01 6.71341E-01 7.38475E-01 7.45860E-01
 1.97242E+00 5.98949E-01 6.73817E-01 7.41199E-01 7.48611E-01
 1.99526E+00 6.01131E-01 6.76272E-01 7.43900E-01 7.51339E-01
 2.01837E+00 6.03295E-01 6.78706E-01 7.46577E-01 7.54043E-01
 2.04174E+00 6.05439E-01 6.81119E-01 7.49231E-01 7.56723E-01
 2.06538E+00 6.07565E-01 6.83511E-01 7.51862E-01 7.59380E-01
 2.08930E+00 6.09672E-01 6.85881E-01 7.54469E-01 7.62014E-01
 2.11349E+00 6.11760E-01 6.88230E-01 7.57053E-01 7.64623E-01
 2.13796E+00 6.13829E-01 6.90558E-01 7.59613E-01 7.67209E-01
 2.16272E+00 6.15879E-01 6.92864E-01 7.62150E-01 7.69772E-01
 2.18776E+00 6.17910E-01 6.95149E-01 7.64664E-01 7.72311E-01
 2.21309E+00 6.19922E-01 6.97413E-01 7.67154E-01 7.74826E-01
 2.23872E+00 6.21916E-01 6.99655E-01 7.69621E-01 7.77317E-01
 2.26464E+00 6.23890E-01 7.01876E-01 7.72064E-01 7.79785E-01
 2.29087E+00 6.25846E-01 7.04076E-01 7.74484E-01 7.82229E-01
 2.31739E+00 6.27782E-01 7.06255E-01 7.76881E-01 7.94278E-01
 2.34423E+00 6.29700E-01 7.08413E-01 7.79254E-01 8.08465E-01
 2.37137E+00 6.31600E-01 7.10550E-01 7.81605E-01 8.22858E-01
 2.39883E+00 6.33480E-01 7.12665E-01 7.83932E-01 8.37463E-01
 2.42661E+00 6.35342E-01 7.14760E-01 7.86236E-01 8.52281E-01
 2.45471E+00 6.37185E-01 7.16834E-01 7.88517E-01 8.67311E-01
 2.48313E+00 6.39010E-01 7.18886E-01 7.90775E-01 8.82556E-01
 2.51189E+00 6.40817E-01 7.20919E-01 7.93011E-01 8.98016E-01
 2.54097E+00 6.42605E-01 7.22930E-01 7.95223E-01 9.13694E-01
 2.57040E+00 6.44374E-01 7.24921E-01 7.97413E-01 9.29591E-01
 2.60016E+00 6.46126E-01 7.26892E-01 7.99581E-01 9.45710E-01
 2.63027E+00 6.47860E-01 7.28842E-01 8.01726E-01 9.62054E-01
 2.66073E+00 6.49575E-01 7.30772E-01 8.03849E-01 9.78623E-01
 2.69153E+00 6.51273E-01 7.32682E-01 8.05950E-01 9.95418E-01
 2.72270E+00 6.52953E-01 7.34572E-01 8.08029E-01 1.01244E+00
 2.75423E+00 6.54615E-01 7.36442E-01 8.10086E-01 1.02969E+00
 2.78612E+00 6.56260E-01 7.38292E-01 8.12121E-01 1.04717E+00
 2.81838E+00 6.57887E-01 7.40123E-01 8.14135E-01 1.06488E+00
 2.85102E+00 6.59497E-01 7.41934E-01 8.16127E-01 1.08283E+00
 2.88403E+00 6.61089E-01 7.43725E-01 8.18098E-01 1.10101E+00
 2.91743E+00 6.62665E-01 7.45498E-01 8.20048E-01 1.11943E+00
 2.95121E+00 6.64223E-01 7.47251E-01 8.21976E-01 1.13808E+00
 2.98538E+00 6.65765E-01 7.48986E-01 8.23884E-01 1.15698E+00
 3.01995E+00 6.67290E-01 7.50701E-01 8.25771E-01 1.17611E+00
 3.05492E+00 6.68799E-01 7.52398E-01 8.27638E-01 1.19549E+00
 3.09030E+00 6.70290E-01 7.54077E-01 8.29484E-01 1.21510E+00
 3.12608E+00 6.71766E-01 7.55737E-01 8.31311E-01 1.23496E+00
 3.16228E+00 6.73226E-01 7.57379E-01 8.33117E-01 1.25507E+00
 3.19890E+00 6.74669E-01 7.59003E-01 8.34903E-01 1.27541E+00
 3.23594E+00 6.76097E-01 7.60609E-01 8.36670E-01 1.29601E+00
 3.27341E+00 6.77508E-01 7.62197E-01 8.38417E-01 1.31685E+00
 3.31131E+00 6.78904E-01 7.63768E-01 8.40144E-01 1.33794E+00
 3.34965E+00 6.80285E-01 7.65321E-01 8.41853E-01 1.35928E+00
 3.38844E+00 6.81650E-01 7.66857E-01 8.43542E-01 1.38088E+00
 3.42768E+00 6.83000E-01 7.68376E-01 8.45213E-01 1.40272E+00
 3.46737E+00 6.84335E-01 7.69877E-01 8.46865E-01 1.42481E+00
 3.50752E+00 6.85656E-01 7.71363E-01 8.48499E-01 1.44716E+00
 3.54813E+00 6.86961E-01 7.72831E-01 8.50114E-01 1.46976E+00
 3.58922E+00 6.88252E-01 7.74283E-01 8.51711E-01 1.49261E+00
 3.63078E+00 6.89528E-01 7.75719E-01 8.53291E-01 1.51572E+00
 3.67282E+00 6.90790E-01 7.77138E-01 8.54852E-01 1.53908E+00
 3.71535E+00 6.92037E-01 7.78542E-01 8.56396E-01 1.56270E+00
 3.75837E+00 6.93271E-01 7.79930E-01 8.57923E-01 1.58657E+00
 3.80189E+00 6.94491E-01 7.81302E-01 8.59432E-01 1.61070E+00
 3.84592E+00 6.95697E-01 7.82659E-01 8.60924E-01 1.63508E+00
 3.89045E+00 6.96889E-01 7.84000E-01 8.62400E-01 1.65972E+00
 3.93550E+00 6.98068E-01 7.85326E-01 8.63859E-01 1.68462E+00
 3.98107E+00 6.99233E-01 7.86637E-01 8.65301E-01 1.70977E+00
 4.02717E+00 7.00385E-01 7.87933E-01 8.66727E-01 1.73518E+00
 4.07380E+00 7.01524E-01 7.89215E-01 8.68137E-01 1.76085E+00
 4.12098E+00 7.02651E-01 7.90482E-01 8.69530E-01 1.78678E+00
 4.16869E+00 7.03764E-01 7.91735E-01 8.70908E-01 1.81296E+00
 4.21697E+00 7.04865E-01 7.92973E-01 8.72270E-01 1.83940E+00
 4.26580E+00 7.05953E-01 7.94197E-01 8.73617E-01 1.86610E+00
 4.31519E+00 7.07029E-01 7.95408E-01 8.74948E-01 1.89305E+00
 4.36516E+00 7.08093E-01 7.96604E-01 8.76265E-01 1.92027E+00
 4.41570E+00 7.09144E-01 7.97787E-01 8.77566E-01 1.94773E+00
 4.46684E+00 7.10184E-01 7.98957E-01 8.78852E-01 1.97546E+00
 4.51856E+00 7.11211E-01 8.00113E-01 8.80124E-01 2.00344E+00
 4.57088E+00 7.12227E-01 8.01256E-01 8.81381E-01 2.03167E+00
 4.62381E+00 7.13232E-01 8.02386E-01 8.82624E-01 2.06017E+00
 4.67735E+00 7.14225E-01 8.03503E-01 8.83853E-01 2.08891E+00
 4.73151E+00 7.15206E-01 8.04607E-01 8.85068E-01 2.11791E+00
 4.78630E+00 7.16177E-01 8.05699E-01 8.86269E-01 2.14717E+00
 4.84172E+00 7.17136E-01 8.06778E-01 8.87456E-01 2.17668E+00
 4.89779E+00 7.18084E-01 8.07845E-01 8.88629E-01 2.20644E+00
 4.95450E+00 7.19022E-01 8.08900E-01 8.89790E-01 2.23646E+00
 5.01187E+00 7.19949E-01 8.09942E-01 8.90937E-01 2.26672E+00
 5.06991E+00 7.20865E-01 8.10973E-01 8.92070E-01 2.29723E+00
 5.12861E+00 7.21771E-01 8.11992E-01 8.93191E-01 2.32800E+00
 5.18800E+00 7.22666E-01 8.12999E-01 8.94299E-01 2.35901E+00
 5.24807E+00 7.23551E-01 8.13995E-01 8.95395E-01 2.39027E+00
 5.30884E+00 7.24426E-01 8.14979E-01 8.96477E-01 2.42177E+00
 5.37032E+00 7.25291E-01 8.15953E-01 8.97548E-01 2.45352E+00
 5.43250E+00 7.26146E-01 8.16915E-01 8.98606E-01 2.48552E+00
 5.49541E+00 7.26992E-01 8.17866E-01 8.99652E-01 2.51776E+00
 5.55904E+00 7.27827E-01 8.18806E-01 9.00686E-01 2.55024E+00
 5.62341E+00 7.28653E-01 8.19735E-01 9.01709E-01 2.58297E+00
 5.68853E+00 7.29470E-01 8.20654E-01 9.02719E-01 2.61593E+00
 5.75440E+00 7.30277E-01 8.21562E-01 9.03718E-01 2.64913E+00
 5.82103E+00 7.31076E-01 8.22460E-01 9.04706E-01 2.68256E+00
 5.88844E+00 7.31864E-01 8.23348E-01 9.05682E-01 2.71623E+00
 5.95662E+00 7.32644E-01 8.24225E-01 9.06647E-01 2.75014E+00
 6.02560E+00 7.33415E-01 8.25092E-01 9.07602E-01 2.78427E+00
 6.09537E+00 7.34178E-01 8.25950E-01 9.08545E-01 2.81865E+00
 6.16595E+00 7.34931E-01 8.26797E-01 9.09477E-01 2.85325E+00
 6.23735E+00 7.35676E-01 8.27635E-01 9.10399E-01 2.88807E+00
 6.30957E+00 7.36412E-01 8.28464E-01 9.11310E-01 2.92312E+00
 6.38263E+00 7.37140E-01 8.29283E-01 9.12211E-01 2.95839E+00
 6.45654E+00 7.37860E-01 8.30092E-01 9.13101E-01 2.99388E+00
 6.53131E+00 7.38571E-01 8.30892E-01 9.13981E-01 3.02960E+00
 6.60693E+00 7.39274E-01 8.31683E-01 9.14852E-01 3.06553E+00
 6.68344E+00 7.39969E-01 8.32465E-01 9.15712E-01 3.10168E+00
 6.76083E+00 7.40656E-01 8.33238E-01 9.16562E-01 3.13804E+00
 6.83912E+00 7.41336E-01 8.34003E-01 9.17403E-01 3.17461E+00
 6.91831E+00 7.42007E-01 8.34758E-01 9.18234E-01 3.21139E+00
 6.99842E+00 7.42671E-01 8.35505E-01 9.19055E-01 3.24838E+00
 7.07946E+00 7.43327E-01 8.36243E-01 9.19867E-01 3.28557E+00
 7.16143E+00 7.43976E-01 8.36973E-01 9.20670E-01 3.32297E+00
 7.24436E+00 7.44617E-01 8.37694E-01 9.21464E-01 3.36055E+00
 7.32825E+00 7.45251E-01 8.38408E-01 9.22248E-01 3.39833E+00
 7.41310E+00 7.45878E-01 8.39113E-01 9.23024E-01 3.43632E+00
 7.49894E+00 7.46497E-01 8.39810E-01 9.23791E-01 3.47449E+00
 7.58578E+00 7.47110E-01 8.40499E-01 9.24549E-01 3.51285E+00
 7.67361E+00 7.47715E-01 8.41180E-01 9.25298E-01 3.55139E+00
 7.76247E+00 7.48314E-01 8.41853E-01 9.26038E-01 3.59010E+00
 7.85236E+00 7.48905E-01 8.42519E-01 9.26771E-01 3.62901E+00
 7.94328E+00 7.49490E-01 8.43177E-01 9.27494E-01 3.66809E+00
 8.03526E+00 7.50069E-01 8.43827E-01 9.28210E-01 3.70734E+00
 8.12831E+00 7.50640E-01 8.44470E-01 9.28917E-01 3.74675E+00
 8.22243E+00 7.51205E-01 8.45106E-01 9.29616E-01 3.78634E+00
 8.31764E+00 7.51764E-01 8.45734E-01 9.30308E-01 3.82608E+00
 8.41395E+00 7.52316E-01 8.46355E-01 9.30991E-01 3.86598E+00
 8.51138E+00 7.52862E-01 8.46969E-01 9.31666E-01 3.90603E+00
 8.60994E+00 7.53401E-01 8.47576E-01 9.32334E-01 3.94623E+00
 8.70964E+00 7.53935E-01 8.48176E-01 9.32994E-01 3.98659E+00
 8.81049E+00 7.54462E-01 8.48770E-01 9.33647E-01 4.02708E+00
 8.91251E+00 7.54983E-01 8.49356E-01 9.34292E-01 4.06770E+00
 9.01571E+00 7.55499E-01 8.49936E-01 9.34929E-01 4.10846E+00
 9.12011E+00 7.56008E-01 8.50509E-01 9.35560E-01 4.14936E+00
 9.22571E+00 7.56512E-01 8.51075E-01 9.36183E-01 4.19037E+00
 9.33254E+00 7.57009E-01 8.51635E-01 9.36799E-01 4.23149E+00
 9.44061E+00 7.57501E-01 8.52189E-01 9.37408E-01 4.27275E+00
 9.54993E+00 7.57988E-01 8.52736E-01 9.38010E-01 4.31410E+00
 9.66051E+00 7.58469E-01 8.53277E-01 9.38605E-01 4.35556E+00
 9.77237E+00 7.58944E-01 8.53812E-01 9.39193E-01 4.39712E+00
 9.88553E+00 7.59414E-01 8.54341E-01 9.39775E-01 4.43878E+00
 1.00000E+01 7.59879E-01 8.54864E-01 9.40350E-01 4.48052E+00
 1.01158E+01 7.60338E-01 8.55380E-01 9.40918E-01 4.52235E+00
 1.02329E+01 7.60792E-01 8.55891E-01 9.41480E-01 4.56426E+00
 1.03514E+01 7.61241E-01 8.56396E-01 9.42036E-01 4.60623E+00
 1.04713E+01 7.61685E-01 8.56895E-01 9.42585E-01 4.64827E+00
 1.05925E+01 7.62123E-01 8.57388E-01 9.43127E-01 4.69038E+00
 1.07152E+01 7.62557E-01 8.57876E-01 9.43664E-01 4.73254E+00
 1.08393E+01 7.62985E-01 8.58358E-01 9.44194E-01 4.77474E+00
 1.09648E+01 7.63409E-01 8.58835E-01 9.44719E-01 4.81699E+00
 1.10917E+01 7.63828E-01 8.59306E-01 9.45237E-01 4.85928E+00
 1.12202E+01 7.64242E-01 8.59772E-01 9.45749E-01 4.90158E+00
 1.13501E+01 7.64651E-01 8.60233E-01 9.46256E-01 4.94392E+00
 1.14815E+01 7.65056E-01 8.60688E-01 9.46757E-01 4.98627E+00
 1.16145E+01 7.65456E-01 8.61138E-01 9.47252E-01 5.02861E+00
 1.17490E+01 7.65851E-01 8.61583E-01 9.47741E-01 5.07098E+00
 1.18850E+01 7.66242E-01 8.62022E-01 9.48225E-01 5.11333E+00
 1.20226E+01 7.66629E-01 8.62457E-01 9.48703E-01 5.15566E+00
 1.21619E+01 7.67011E-01 8.62887E-01 9.49176E-01 5.19798E+00
 1.23027E+01 7.67388E-01 8.63312E-01 9.49643E-01 5.24026E+00
 1.24451E+01 7.67762E-01 8.63732E-01 9.50105E-01 5.28251E+00
 1.25893E+01 7.68131E-01 8.64147E-01 9.50562E-01 5.32472E+00
 1.27350E+01 7.68495E-01 8.64557E-01 9.51013E-01 5.36686E+00
 1.28825E+01 7.68856E-01 8.64963E-01 9.51459E-01 5.40895E+00
 1.30317E+01 7.69213E-01 8.65364E-01 9.51900E-01 5.45097E+00
 1.31826E+01 7.69565E-01 8.65761E-01 9.52337E-01 5.49290E+00
 1.33352E+01 7.69913E-01 8.66152E-01 9.52768E-01 5.53477E+00
 1.34896E+01 7.70258E-01 8.66540E-01 9.53194E-01 5.57652E+00
 1.36458E+01 7.70598E-01 8.66923E-01 9.53615E-01 5.61817E+00
 1.38038E+01 7.70935E-01 8.67302E-01 9.54032E-01 5.65972E+00
 1.39637E+01 7.71267E-01 8.67676E-01 9.54443E-01 5.70112E+00
 1.41254E+01 7.71596E-01 8.68046E-01 9.54850E-01 5.74242E+00
 1.42889E+01 7.71921E-01 8.68412E-01 9.55253E-01 5.78357E+00
 1.44544E+01 7.72243E-01 8.68773E-01 9.55651E-01 5.82455E+00
 1.46218E+01 7.72561E-01 8.69131E-01 9.56044E-01 5.86540E+00
 1.47911E+01 7.72875E-01 8.69484E-01 9.56432E-01 5.90605E+00
 1.49624E+01 7.73185E-01 8.69833E-01 9.56817E-01 5.94655E+00
 1.51356E+01 7.73492E-01 8.70179E-01 9.57197E-01 5.98684E+00
 1.53109E+01 7.73796E-01 8.70520E-01 9.57572E-01 6.02693E+00
 1.54882E+01 7.74096E-01 8.70857E-01 9.57943E-01 6.06683E+00
 1.56675E+01 7.74392E-01 8.71191E-01 9.58310E-01 6.10649E+00
 1.58489E+01 7.74685E-01 8.71521E-01 9.58673E-01 6.14593E+00
 1.60325E+01 7.74975E-01 8.71847E-01 9.59032E-01 6.18513E+00
 1.62181E+01 7.75261E-01 8.72169E-01 9.59386E-01 6.22407E+00
 1.64059E+01 7.75545E-01 8.72488E-01 9.59736E-01 6.26276E+00
 1.65959E+01 7.75825E-01 8.72803E-01 9.60083E-01 6.30116E+00
 1.67880E+01 7.76101E-01 8.73114E-01 9.60425E-01 6.33930E+00
 1.69824E+01 7.76375E-01 8.73422E-01 9.60764E-01 6.37713E+00
 1.71791E+01 7.76645E-01 8.73726E-01 9.61099E-01 6.41467E+00
 1.73780E+01 7.76913E-01 8.74027E-01 9.61429E-01 6.45188E+00
 1.75792E+01 7.77177E-01 8.74324E-01 9.61756E-01 6.48876E+00
 1.77828E+01 7.77438E-01 8.74618E-01 9.62080E-01 6.52532E+00
 1.79887E+01 7.77696E-01 8.74908E-01 9.62399E-01 6.56150E+00
 1.81970E+01 7.77952E-01 8.75196E-01 9.62715E-01 6.59736E+00
 1.84077E+01 7.78204E-01 8.75480E-01 9.63028E-01 6.63282E+00
 1.86209E+01 7.78454E-01 8.75760E-01 9.63336E-01 6.66791E+00
 1.88365E+01 7.78700E-01 8.76038E-01 9.63642E-01 6.70260E+00
 1.90546E+01 7.78944E-01 8.76312E-01 9.63943E-01 6.73688E+00
 1.92752E+01 7.79185E-01 8.76583E-01 9.64242E-01 6.77076E+00
 1.94984E+01 7.79423E-01 8.76851E-01 9.64536E-01 6.80418E+00
 1.97242E+01 7.79659E-01 8.77116E-01 9.64828E-01 6.83720E+00
 1.99526E+01 7.79892E-01 8.77378E-01 9.65116E-01 6.86974E+00
 2.01837E+01 7.80122E-01 8.77637E-01 9.65401E-01 6.90183E+00
 2.04174E+01 7.80349E-01 8.77893E-01 9.65682E-01 6.93345E+00
 2.06538E+01 7.80574E-01 8.78146E-01 9.65961E-01 6.96457E+00
 2.08930E+01 7.80797E-01 8.78396E-01 9.66236E-01 6.99521E+00
 2.11349E+01 7.81017E-01 8.78644E-01 9.66508E-01 7.02532E+00
 2.13796E+01 7.81234E-01 8.78888E-01 9.66777E-01 7.05494E+00
 2.16272E+01 7.81449E-01 8.79130E-01 9.67043E-01 7.08401E+00
 2.18776E+01 7.81661E-01 8.79369E-01 9.67306E-01 7.11255E+00
 2.21309E+01 7.81871E-01 8.79605E-01 9.67565E-01 7.14054E+00
 2.23872E+01 7.82078E-01 8.79838E-01 9.67822E-01 7.16794E+00
 2.26464E+01 7.82284E-01 8.80069E-01 9.68076E-01 7.19480E+00
 2.29087E+01 7.82486E-01 8.80297E-01 9.68327E-01 7.22105E+00
 2.31739E+01 7.82687E-01 8.80523E-01 9.68575E-01 7.24672E+00
 2.34423E+01 7.82885E-01 8.80746E-01 9.68820E-01 7.27178E+00
 2.37137E+01 7.83081E-01 8.80966E-01 9.69063E-01 7.29622E+00
 2.39883E+01 7.83275E-01 8.81184E-01 9.69302E-01 7.32005E+00
 2.42661E+01 7.83466E-01 8.81399E-01 9.69539E-01 7.34321E+00
 2.45471E+01 7.83655E-01 8.81612E-01 9.69774E-01 7.36575E+00
 2.48313E+01 7.83842E-01 8.81823E-01 9.70005E-01 7.38762E+00
 2.51189E+01 7.84027E-01 8.82031E-01 9.70234E-01 7.40882E+00
 2.54097E+01 7.84210E-01 8.82237E-01 9.70460E-01 7.42936E+00
 2.57040E+01 7.84391E-01 8.82440E-01 9.70684E-01 7.44920E+00
 2.60016E+01 7.84570E-01 8.82641E-01 9.70905E-01 7.46835E+00
 2.63027E+01 7.84746E-01 8.82840E-01 9.71124E-01 7.48680E+00
 2.66073E+01 7.84921E-01 8.83036E-01 9.71340E-01 7.50452E+00
 2.69153E+01 7.85094E-01 8.83230E-01 9.71553E-01 7.52154E+00
 2.72270E+01 7.85264E-01 8.83422E-01 9.71764E-01 7.53781E+00
 2.75423E+01 7.85433E-01 8.83612E-01 9.71973E-01 7.55335E+00
 2.78612E+01 7.85600E-01 8.83800E-01 9.72180E-01 7.56816E+00
 2.81838E+01 7.85764E-01 8.83985E-01 9.72384E-01 7.58218E+00
 2.85102E+01 7.85927E-01 8.84168E-01 9.72585E-01 7.59547E+00
 2.88403E+01 7.86088E-01 8.84350E-01 9.72785E-01 7.60798E+00
 2.91743E+01 7.86248E-01 8.84529E-01 9.72982E-01 7.61970E+00
 2.95121E+01 7.86405E-01 8.84706E-01 9.73176E-01 7.63067E+00
 2.98538E+01 7.86561E-01 8.84881E-01 9.73369E-01 7.64083E+00
 3.01995E+01 7.86715E-01 8.85054E-01 9.73559E-01 7.65019E+00
 3.05492E+01 7.86867E-01 8.85225E-01 9.73748E-01 7.65877E+00
 3.09030E+01 7.87017E-01 8.85394E-01 9.73934E-01 7.66654E+00
 3.12608E+01 7.87166E-01 8.85561E-01 9.74117E-01 7.67347E+00
 3.16228E+01 7.87313E-01 8.85727E-01 9.74299E-01 7.67962E+00
 3.19890E+01 7.87458E-01 8.85890E-01 9.74479E-01 7.68494E+00
 3.23594E+01 7.87601E-01 8.86052E-01 9.74657E-01 7.68943E+00
 3.27341E+01 7.87743E-01 8.86211E-01 9.74832E-01 7.69309E+00
 3.31131E+01 7.87884E-01 8.86369E-01 9.75006E-01 7.69594E+00
 3.34965E+01 7.88022E-01 8.86525E-01 9.75178E-01 7.69793E+00
 3.38844E+01 7.88159E-01 8.86679E-01 9.75347E-01 7.69908E+00
 3.42768E+01 7.88295E-01 8.86832E-01 9.75515E-01 7.69942E+00
 3.46737E+01 7.88429E-01 8.86983E-01 9.75681E-01 7.69891E+00
 3.50752E+01 7.88561E-01 8.87132E-01 9.75845E-01 7.69754E+00
 3.54813E+01 7.88692E-01 8.87279E-01 9.76007E-01 7.69533E+00
 3.58922E+01 7.88822E-01 8.87424E-01 9.76167E-01 7.69229E+00
 3.63078E+01 7.88950E-01 8.87568E-01 9.76325E-01 7.68840E+00
 3.67282E+01 7.89076E-01 8.87711E-01 9.76482E-01 7.68365E+00
 3.71535E+01 7.89201E-01 8.87851E-01 9.76637E-01 7.67806E+00
 3.75837E+01 7.89325E-01 8.87990E-01 9.76789E-01 7.67164E+00
 3.80189E+01 7.89447E-01 8.88128E-01 9.76941E-01 7.66437E+00
 3.84592E+01 7.89568E-01 8.88264E-01 9.77090E-01 7.65626E+00
 3.89045E+01 7.89687E-01 8.88398E-01 9.77238E-01 7.64730E+00
 3.93550E+01 7.89805E-01 8.88531E-01 9.77384E-01 7.63750E+00
 3.98107E+01 7.89922E-01 8.88662E-01 9.77528E-01 7.62689E+00
 4.02717E+01 7.90037E-01 8.88792E-01 9.77671E-01 7.61544E+00
 4.07380E+01 7.90151E-01 8.88920E-01 9.77812E-01 7.60316E+00
 4.12098E+01 7.90264E-01 8.89047E-01 9.77952E-01 7.59006E+00
 4.16869E+01 7.90376E-01 8.89173E-01 9.78090E-01 7.57613E+00
 4.21697E+01 7.90486E-01 8.89296E-01 9.78226E-01 7.56138E+00
 4.26580E+01 7.90595E-01 8.89419E-01 9.78361E-01 7.54583E+00
 4.31519E+01 7.90702E-01 8.89540E-01 9.78494E-01 7.52948E+00
 4.36516E+01 7.90809E-01 8.89660E-01 9.78626E-01 7.51234E+00
 4.41570E+01 7.90914E-01 8.89778E-01 9.78756E-01 7.49440E+00
 4.46684E+01 7.91018E-01 8.89895E-01 9.78885E-01 7.47567E+00
 4.51856E+01 7.91121E-01 8.90011E-01 9.79012E-01 7.45617E+00
 4.57088E+01 7.91222E-01 8.90125E-01 9.79138E-01 7.43589E+00
 4.62381E+01 7.91323E-01 8.90238E-01 9.79262E-01 7.41485E+00
 4.67735E+01 7.91422E-01 8.90350E-01 9.79385E-01 7.39305E+00
 4.73151E+01 7.91520E-01 8.90460E-01 9.79507E-01 7.37051E+00
 4.78630E+01 7.91617E-01 8.90570E-01 9.79627E-01 7.34723E+00
 4.84172E+01 7.91713E-01 8.90678E-01 9.79745E-01 7.32322E+00
 4.89779E+01 7.91808E-01 8.90784E-01 9.79863E-01 7.29850E+00
 4.95450E+01 7.91902E-01 8.90890E-01 9.79979E-01 7.27306E+00
 5.01187E+01 7.91995E-01 8.90994E-01 9.80094E-01 7.24693E+00
 5.06991E+01 7.92086E-01 8.91097E-01 9.80207E-01 7.22010E+00
 5.12861E+01 7.92177E-01 8.91199E-01 9.80319E-01 7.19260E+00
 5.18800E+01 7.92267E-01 8.91300E-01 9.80430E-01 7.16443E+00
 5.24807E+01 7.92355E-01 8.91399E-01 9.80539E-01 7.13560E+00
 5.30884E+01 7.92443E-01 8.91498E-01 9.80648E-01 7.10613E+00
 5.37032E+01 7.92529E-01 8.91595E-01 9.80755E-01 7.07602E+00
 5.43250E+01 7.92615E-01 8.91691E-01 9.80861E-01 7.04529E+00
 5.49541E+01 7.92699E-01 8.91787E-01 9.80965E-01 7.01394E+00
 5.55904E+01 7.92783E-01 8.91881E-01 9.81069E-01 6.98200E+00
 5.62341E+01 7.92865E-01 8.91973E-01 9.81171E-01 6.94947E+00
 5.68853E+01 7.92947E-01 8.92065E-01 9.81272E-01 6.91638E+00
 5.75440E+01 7.93028E-01 8.92156E-01 9.81372E-01 6.88274E+00
 5.82103E+01 7.93108E-01 8.92246E-01 9.81471E-01 6.84854E+00
 5.88844E+01 7.93186E-01 8.92335E-01 9.81568E-01 6.81381E+00
 5.95662E+01 7.93264E-01 8.92422E-01 9.81665E-01 6.77855E+00
 6.02560E+01 7.93342E-01 8.92509E-01 9.81760E-01 6.74278E+00
 6.09537E+01 7.93418E-01 8.92595E-01 9.81854E-01 6.70653E+00
 6.16595E+01 7.93493E-01 8.92680E-01 9.81948E-01 6.66980E+00
 6.23735E+01 7.93568E-01 8.92764E-01 9.82040E-01 6.63261E+00
 6.30957E+01 7.93641E-01 8.92846E-01 9.82131E-01 6.59495E+00
 6.38263E+01 7.93714E-01 8.92928E-01 9.82221E-01 6.55685E+00
 6.45654E+01 7.93786E-01 8.93009E-01 9.82310E-01 6.51835E+00
 6.53131E+01 7.93857E-01 8.93089E-01 9.82398E-01 6.47943E+00
 6.60693E+01 7.93927E-01 8.93168E-01 9.82485E-01 6.44011E+00
 6.68344E+01 7.93997E-01 8.93247E-01 9.82571E-01 6.40041E+00
 6.76083E+01 7.94066E-01 8.93324E-01 9.82656E-01 6.36035E+00
 6.83912E+01 7.94134E-01 8.93400E-01 9.82740E-01 6.31993E+00
 6.91831E+01 7.94201E-01 8.93476E-01 9.82823E-01 6.27916E+00
 6.99842E+01 7.94267E-01 8.93550E-01 9.82906E-01 6.23809E+00
 7.07946E+01 7.94333E-01 8.93624E-01 9.82987E-01 6.19669E+00
 7.16143E+01 7.94398E-01 8.93697E-01 9.83067E-01 6.15499E+00
 7.24436E+01 7.94462E-01 8.93769E-01 9.83146E-01 6.11302E+00
 7.32825E+01 7.94525E-01 8.93841E-01 9.83225E-01 6.07077E+00
 7.41310E+01 7.94588E-01 8.93911E-01 9.83302E-01 6.02827E+00
 7.49894E+01 7.94650E-01 8.93981E-01 9.83379E-01 5.98553E+00
 7.58578E+01 7.94711E-01 8.94050E-01 9.83455E-01 5.94254E+00
 7.67361E+01 7.94772E-01 8.94118E-01 9.83530E-01 5.89937E+00
 7.76247E+01 7.94831E-01 8.94185E-01 9.83604E-01 5.85597E+00
 7.85236E+01 7.94891E-01 8.94252E-01 9.83677E-01 5.81240E+00
 7.94328E+01 7.94949E-01 8.94318E-01 9.83749E-01 5.76864E+00
 8.03526E+01 7.95007E-01 8.94383E-01 9.83821E-01 5.72473E+00
 8.12831E+01 7.95064E-01 8.94447E-01 9.83892E-01 5.68067E+00
 8.22243E+01 7.95121E-01 8.94511E-01 9.83962E-01 5.63647E+00
 8.31764E+01 7.95176E-01 8.94573E-01 9.84031E-01 5.59215E+00
 8.41395E+01 7.95232E-01 8.94636E-01 9.84099E-01 5.54772E+00
 8.51138E+01 7.95286E-01 8.94697E-01 9.84167E-01 5.50319E+00
 8.60994E+01 7.95340E-01 8.94758E-01 9.84233E-01 5.45857E+00
 8.70964E+01 7.95393E-01 8.94818E-01 9.84299E-01 5.41387E+00
 8.81049E+01 7.95446E-01 8.94877E-01 9.84365E-01 5.36912E+00
 8.91251E+01 7.95498E-01 8.94936E-01 9.84429E-01 5.32430E+00
 9.01571E+01 7.95550E-01 8.94994E-01 9.84493E-01 5.27947E+00
 9.12011E+01 7.95601E-01 8.95051E-01 9.84556E-01 5.23459E+00
 9.22571E+01 7.95651E-01 8.95108E-01 9.84618E-01 5.18970E+00
 9.33254E+01 7.95701E-01 8.95164E-01 9.84680E-01 5.14480E+00
 9.44061E+01 7.95750E-01 8.95219E-01 9.84741E-01 5.09989E+00
 9.54993E+01 7.95799E-01 8.95274E-01 9.84801E-01 5.05502E+00
 9.66051E+01 7.95847E-01 8.95328E-01 9.84861E-01 5.01016E+00
 9.77237E+01 7.95894E-01 8.95381E-01 9.84919E-01 4.96533E+00
 9.88553E+01 7.95941E-01 8.95434E-01 9.84978E-01 4.92056E+00
 1.00000E+02 7.95988E-01 8.95486E-01 9.85035E-01 4.87583E+00
