 1.00000E-02 6.78370E-02 9.31869E-02 1.24054E-01 1.28068E-01
 2.00000E-02 6.81041E-02 9.35413E-02 1.24379E-01 1.28477E-01
 3.00000E-02 6.85426E-02 9.40416E-02 1.24925E-01 1.29017E-01
 4.00000E-02 6.91431E-02 9.47437E-02 1.25686E-01 1.29769E-01
 5.00000E-02 6.99116E-02 9.56418E-02 1.26657E-01 1.30745E-01
 6.00000E-02 7.08482E-02 9.67374E-02 1.27839E-01 1.31931E-01
 7.00000E-02 7.19505E-02 9.80246E-02 1.29234E-01 1.33329E-01
 8.00000E-02 7.32141E-02 9.95052E-02 1.30839E-01 1.34938E-01
 9.00000E-02 7.46358E-02 1.01173E-01 1.32649E-01 1.36754E-01
 1.00000E-01 7.62117E-02 1.03024E-01 1.34665E-01 1.38777E-01
 1.10000E-01 7.79372E-02 1.05053E-01 1.36879E-01 1.41001E-01
 1.20000E-01 7.98080E-02 1.07256E-01 1.39289E-01 1.43422E-01
 1.30000E-01 8.18179E-02 1.09628E-01 1.41890E-01 1.46035E-01
 1.40000E-01 8.39611E-02 1.12160E-01 1.44674E-01 1.48835E-01
 1.50000E-01 8.62321E-02 1.14848E-01 1.47637E-01 1.51816E-01
 1.60000E-01 8.86240E-02 1.17685E-01 1.50771E-01 1.54970E-01
 1.70000E-01 9.11313E-02 1.20662E-01 1.54070E-01 1.58291E-01
 1.80000E-01 9.37470E-02 1.23772E-01 1.57524E-01 1.61770E-01
 1.90000E-01 9.64647E-02 1.27008E-01 1.61126E-01 1.65400E-01
 2.00000E-01 9.92784E-02 1.30363E-01 1.64869E-01 1.69173E-01
 2.10000E-01 1.02182E-01 1.33829E-01 1.68744E-01 1.73080E-01
 2.20000E-01 1.05169E-01 1.37399E-01 1.72742E-01 1.77113E-01
 2.30000E-01 1.08233E-01 1.41065E-01 1.76855E-01 1.81263E-01
 2.40000E-01 1.11369E-01 1.44820E-01 1.81076E-01 1.85523E-01
 2.50000E-01 1.14572E-01 1.48658E-01 1.85394E-01 1.89883E-01
 2.60000E-01 1.17836E-01 1.52572E-01 1.89804E-01 1.94336E-01
 2.70000E-01 1.21157E-01 1.56556E-01 1.94297E-01 1.98873E-01
 2.80000E-01 1.24528E-01 1.60603E-01 1.98866E-01 2.03488E-01
 2.90000E-01 1.27946E-01 1.64708E-01 2.03503E-01 2.08172E-01
 3.00000E-01 1.31407E-01 1.68866E-01 2.08201E-01 2.12920E-01
 3.10000E-01 1.34906E-01 1.73070E-01 2.12955E-01 2.17723E-01
 3.20000E-01 1.38440E-01 1.77316E-01 2.17758E-01 2.22576E-01
 3.30000E-01 1.42004E-01 1.81600E-01 2.22603E-01 2.27473E-01
 3.40000E-01 1.45596E-01 1.85917E-01 2.27486E-01 2.32408E-01
 3.50000E-01 1.49212E-01 1.90263E-01 2.32401E-01 2.37374E-01
 3.60000E-01 1.52848E-01 1.94634E-01 2.37343E-01 2.42368E-01
 3.70000E-01 1.56503E-01 1.99026E-01 2.42308E-01 2.47385E-01
 3.80000E-01 1.60172E-01 2.03436E-01 2.47291E-01 2.52420E-01
 3.90000E-01 1.63855E-01 2.07861E-01 2.52288E-01 2.57468E-01
 4.00000E-01 1.67548E-01 2.12297E-01 2.57295E-01 2.62527E-01
 4.10000E-01 1.71248E-01 2.16742E-01 2.62309E-01 2.67592E-01
 4.20000E-01 1.74955E-01 2.21193E-01 2.67326E-01 2.72659E-01
 4.30000E-01 1.78665E-01 2.25648E-01 2.72344E-01 2.77726E-01
 4.40000E-01 1.82377E-01 2.30105E-01 2.77359E-01 2.82790E-01
 4.50000E-01 1.86089E-01 2.34560E-01 2.82369E-01 2.87848E-01
 4.60000E-01 1.89799E-01 2.39013E-01 2.87372E-01 2.92898E-01
 4.70000E-01 1.93505E-01 2.43461E-01 2.92364E-01 2.97936E-01
 4.80000E-01 1.97207E-01 2.47903E-01 2.97345E-01 3.02961E-01
 4.90000E-01 2.00903E-01 2.52336E-01 3.02311E-01 3.07971E-01
 5.00000E-01 2.04591E-01 2.56760E-01 3.07262E-01 3.12964E-01
 5.10000E-01 2.08269E-01 2.61173E-01 3.12195E-01 3.17939E-01
 5.20000E-01 2.11938E-01 2.65573E-01 3.17108E-01 3.22892E-01
 5.30000E-01 2.15596E-01 2.69960E-01 3.22002E-01 3.27825E-01
 5.40000E-01 2.19241E-01 2.74331E-01 3.26873E-01 3.32733E-01
 5.50000E-01 2.22873E-01 2.78687E-01 3.31722E-01 3.37618E-01
 5.60000E-01 2.26490E-01 2.83026E-01 3.36546E-01 3.42477E-01
 5.70000E-01 2.30093E-01 2.87347E-01 3.41345E-01 3.47309E-01
 5.80000E-01 2.33679E-01 2.91649E-01 3.46118E-01 3.52114E-01
 5.90000E-01 2.37248E-01 2.95932E-01 3.50864E-01 3.56890E-01
 6.00000E-01 2.40800E-01 3.00194E-01 3.55582E-01 3.61637E-01
 6.10000E-01 2.44334E-01 3.04435E-01 3.61066E-01 3.68323E-01
 6.20000E-01 2.47849E-01 3.08654E-01 3.67944E-01 3.75339E-01
 6.30000E-01 2.51344E-01 3.12851E-01 3.74766E-01 3.82299E-01
 6.40000E-01 2.54819E-01 3.17025E-01 3.81530E-01 3.89199E-01
 6.50000E-01 2.58273E-01 3.21176E-01 3.88236E-01 3.96040E-01
 6.60000E-01 2.61706E-01 3.26349E-01 3.94882E-01 4.02819E-01
 6.70000E-01 2.65117E-01 3.31792E-01 4.01468E-01 4.09537E-01
 6.80000E-01 2.68507E-01 3.37183E-01 4.07992E-01 4.16193E-01
 6.90000E-01 2.71873E-01 3.42524E-01 4.14454E-01 4.22784E-01
 7.00000E-01 2.75217E-01 3.47812E-01 4.20853E-01 4.29312E-01
 7.10000E-01 2.78951E-01 3.53048E-01 4.27188E-01 4.35774E-01
 7.20000E-01 2.83046E-01 3.58230E-01 4.33459E-01 4.42171E-01
 7.30000E-01 2.87099E-01 3.63360E-01 4.39665E-01 4.48503E-01
 7.40000E-01 2.91110E-01 3.68436E-01 4.45807E-01 4.54768E-01
 7.50000E-01 2.95077E-01 3.73457E-01 4.51883E-01 4.60966E-01
 7.60000E-01 2.99003E-01 3.78425E-01 4.57894E-01 4.67098E-01
 7.70000E-01 3.02885E-01 3.83339E-01 4.63840E-01 4.73163E-01
 7.80000E-01 3.06724E-01 3.88198E-01 4.69719E-01 4.79160E-01
 7.90000E-01 3.10520E-01 3.93002E-01 4.75533E-01 4.85091E-01
 8.00000E-01 3.14274E-01 3.97752E-01 4.81281E-01 4.90954E-01
 8.10000E-01 3.17984E-01 4.02448E-01 4.86962E-01 4.96750E-01
 8.20000E-01 3.21651E-01 4.07090E-01 4.92579E-01 5.02480E-01
 8.30000E-01 3.25276E-01 4.11677E-01 4.98129E-01 5.08142E-01
 8.40000E-01 3.28858E-01 4.16210E-01 5.03614E-01 5.13737E-01
 8.50000E-01 3.32397E-01 4.20690E-01 5.09034E-01 5.19266E-01
 8.60000E-01 3.35893E-01 4.25115E-01 5.14389E-01 5.24729E-01
 8.70000E-01 3.39348E-01 4.29487E-01 5.19680E-01 5.30125E-01
 8.80000E-01 3.42760E-01 4.33806E-01 5.24905E-01 5.35456E-01
 8.90000E-01 3.46131E-01 4.38072E-01 5.30067E-01 5.40722E-01
 9.00000E-01 3.49460E-01 4.42285E-01 5.35165E-01 5.45922E-01
 9.10000E-01 3.52748E-01 4.46446E-01 5.40200E-01 5.51058E-01
 9.20000E-01 3.55995E-01 4.50556E-01 5.45172E-01 5.56130E-01
 9.30000E-01 3.59200E-01 4.54613E-01 5.50082E-01 5.61138E-01
 9.40000E-01 3.62366E-01 4.58619E-01 5.54929E-01 5.66083E-01
 9.50000E-01 3.65491E-01 4.62575E-01 5.59715E-01 5.70966E-01
 9.60000E-01 3.68577E-01 4.66480E-01 5.64441E-01 5.75786E-01
 9.70000E-01 3.71623E-01 4.70335E-01 5.69105E-01 5.80544E-01
 9.80000E-01 3.74630E-01 4.74141E-01 5.73710E-01 5.85242E-01
 9.90000E-01 3.77598E-01 4.77897E-01 5.78255E-01 5.89878E-01
 1.00000E+00 3.80527E-01 4.81605E-01 5.82742E-01 5.94455E-01
 1.01158E+00 3.83872E-01 4.85838E-01 5.87864E-01 5.99680E-01
 1.02329E+00 3.87205E-01 4.90056E-01 5.92967E-01 6.04886E-01
 1.03514E+00 3.90524E-01 4.94256E-01 5.98050E-01 6.10071E-01
 1.04713E+00 3.93829E-01 4.98439E-01 6.03112E-01 6.15234E-01
 1.05925E+00 3.97119E-01 5.02604E-01 6.08151E-01 6.20374E-01
 1.07152E+00 4.00394E-01 5.06749E-01 6.13166E-01 6.25491E-01
 1.08393E+00 4.03653E-01 5.10873E-01 6.18157E-01 6.30582E-01
 1.09648E+00 4.06895E-01 5.14977E-01 6.23122E-01 6.35647E-01
 1.10917E+00 4.10120E-01 5.19059E-01 6.28061E-01 6.40685E-01
 1.12202E+00 4.13327E-01 5.23117E-01 6.32972E-01 6.45695E-01
 1.13501E+00 4.16516E-01 5.27153E-01 6.37855E-01 6.50676E-01
 1.14815E+00 4.19685E-01 5.31164E-01 6.42709E-01 6.55627E-01
 1.16145E+00 4.22835E-01 5.35150E-01 6.47532E-01 6.60547E-01
 1.17490E+00 4.25964E-01 5.39111E-01 6.52324E-01 6.65436E-01
 1.18850E+00 4.29072E-01 5.43045E-01 6.57084E-01 6.70291E-01
 1.20226E+00 4.32159E-01 5.46952E-01 6.61811E-01 6.75114E-01
 1.21619E+00 4.35224E-01 5.50831E-01 6.66505E-01 6.79902E-01
 1.23027E+00 4.38267E-01 5.54681E-01 6.71164E-01 6.84655E-01
 1.24451E+00 4.41286E-01 5.58503E-01 6.75789E-01 6.89372E-01
 1.25893E+00 4.44283E-01 5.62295E-01 6.80377E-01 6.94053E-01
 1.27350E+00 4.47255E-01 5.66057E-01 6.84929E-01 6.98696E-01
 1.28825E+00 4.50203E-01 5.69788E-01 6.89444E-01 7.03301E-01
 1.30317E+00 4.53126E-01 5.73488E-01 6.93920E-01 7.07868E-01
 1.31826E+00 4.56024E-01 5.77156E-01 6.98359E-01 7.12396E-01
 1.33352E+00 4.58897E-01 5.80792E-01 7.02758E-01 7.16883E-01
 1.34896E+00 4.61744E-01 5.84395E-01 7.07118E-01 7.21331E-01
 1.36458E+00 4.64565E-01 5.87965E-01 7.11437E-01 7.25737E-01
 1.38038E+00 4.67359E-01 5.91501E-01 7.15716E-01 7.30102E-01
 1.39637E+00 4.70126E-01 5.95003E-01 7.19954E-01 7.34425E-01
 1.41254E+00 4.72866E-01 5.98471E-01 7.24150E-01 7.38705E-01
 1.42889E+00 4.75579E-01 6.01904E-01 7.28304E-01 7.42943E-01
 1.44544E+00 4.78264E-01 6.05302E-01 7.32416E-01 7.47138E-01
 1.46218E+00 4.80921E-01 6.08665E-01 7.36485E-01 7.51288E-01
 1.47911E+00 4.83550E-01 6.11993E-01 7.40511E-01 7.55395E-01
 1.49624E+00 4.86150E-01 6.15284E-01 7.44493E-01 7.59458E-01
 1.51356E+00 4.88722E-01 6.18539E-01 7.48432E-01 7.63476E-01
 1.53109E+00 4.91266E-01 6.21758E-01 7.52327E-01 7.67449E-01
 1.54882E+00 4.93780E-01 6.24940E-01 7.56178E-01 7.71377E-01
 1.56675E+00 4.96266E-01 6.28086E-01 7.59984E-01 7.75260E-01
 1.58489E+00 4.98722E-01 6.31195E-01 7.63746E-01 7.79097E-01
 1.60325E+00 5.01149E-01 6.34267E-01 7.67463E-01 7.82889E-01
 1.62181E+00 5.03547E-01 6.37302E-01 7.71136E-01 7.86635E-01
 1.64059E+00 5.05916E-01 6.40300E-01 7.74763E-01 7.90336E-01
 1.65959E+00 5.08255E-01 6.43260E-01 7.78345E-01 7.93990E-01
 1.67880E+00 5.10565E-01 6.46184E-01 7.81882E-01 7.97598E-01
 1.69824E+00 5.12845E-01 6.49070E-01 7.85374E-01 8.01160E-01
 1.71791E+00 5.15096E-01 6.51918E-01 7.88821E-01 8.04677E-01
 1.73780E+00 5.17317E-01 6.54730E-01 7.92223E-01 8.08147E-01
 1.75792E+00 5.19509E-01 6.57504E-01 7.95580E-01 8.11571E-01
 1.77828E+00 5.21672E-01 6.60241E-01 7.98892E-01 8.14949E-01
 1.79887E+00 5.23805E-01 6.62941E-01 8.02158E-01 8.18282E-01
 1.81970E+00 5.25909E-01 6.65604E-01 8.05380E-01 8.21568E-01
 1.84077E+00 5.27984E-01 6.68229E-01 8.08557E-01 8.24809E-01
 1.86209E+00 5.30029E-01 6.70818E-01 8.11690E-01 8.28005E-01
 1.88365E+00 5.32046E-01 6.73370E-01 8.14778E-01 8.31155E-01
 1.90546E+00 5.34033E-01 6.75886E-01 8.17822E-01 8.34260E-01
 1.92752E+00 5.35992E-01 6.78365E-01 8.20821E-01 8.37320E-01
 1.94984E+00 5.37922E-01 6.80808E-01 8.23777E-01 8.40335E-01
 1.97242E+00 5.39824E-01 6.83214E-01 8.26689E-01 8.43306E-01
 1.99526E+00 5.41697E-01 6.85585E-01 8.29558E-01 8.46232E-01
 2.01837E+00 5.43542E-01 6.87920E-01 8.32383E-01 8.49114E-01
 2.04174E+00 5.45359E-01 6.90220E-01 8.35166E-01 8.51952E-01
 2.06538E+00 5.47148E-01 6.92484E-01 8.37905E-01 8.54747E-01
 2.08930E+00 5.48909E-01 6.94713E-01 8.40603E-01 8.57499E-01
 2.11349E+00 5.50643E-01 6.96907E-01 8.43258E-01 8.60207E-01
 2.13796E+00 5.52350E-01 6.99067E-01 8.45871E-01 8.62874E-01
 2.16272E+00 5.54029E-01 7.01193E-01 8.48444E-01 8.65497E-01
 2.18776E+00 5.55682E-01 7.03285E-01 8.50974E-01 8.68079E-01
 2.21309E+00 5.57308E-01 7.05343E-01 8.53465E-01 8.70619E-01
 2.23872E+00 5.58907E-01 7.07367E-01 8.55914E-01 8.73118E-01
 2.26464E+00 5.60481E-01 7.09359E-01 8.58324E-01 8.75576E-01
 2.29087E+00 5.62028E-01 7.11317E-01 8.60694E-01 8.77994E-01
 2.31739E+00 5.63550E-01 7.13243E-01 8.63025E-01 8.80371E-01
 2.34423E+00 5.65047E-01 7.15137E-01 8.65316E-01 8.82709E-01
 2.37137E+00 5.66518E-01 7.17000E-01 8.67570E-01 8.85008E-01
 2.39883E+00 5.67965E-01 7.18830E-01 8.69785E-01 8.87267E-01
 2.42661E+00 5.69386E-01 7.20630E-01 8.71962E-01 8.89488E-01
 2.45471E+00 5.70784E-01 7.22398E-01 8.74102E-01 8.91671E-01
 2.48313E+00 5.72157E-01 7.24136E-01 8.76205E-01 8.93817E-01
 2.51189E+00 5.73507E-01 7.25844E-01 8.78272E-01 8.95925E-01
 2.54097E+00 5.74833E-01 7.27523E-01 8.80302E-01 8.97996E-01
 2.57040E+00 5.76135E-01 7.29171E-01 8.82297E-01 9.00031E-01
 2.60016E+00 5.77415E-01 7.30791E-01 8.84257E-01 9.02031E-01
 2.63027E+00 5.78672E-01 7.32382E-01 8.86182E-01 9.03994E-01
 2.66073E+00 5.79907E-01 7.33944E-01 8.88073E-01 9.05923E-01
 2.69153E+00 5.81119E-01 7.35479E-01 8.89929E-01 9.07817E-01
 2.72270E+00 5.82310E-01 7.36986E-01 8.91753E-01 9.09677E-01
 2.75423E+00 5.83479E-01 7.38465E-01 8.93543E-01 9.11503E-01
 2.78612E+00 5.84626E-01 7.39918E-01 8.95300E-01 9.13296E-01
 2.81838E+00 5.85753E-01 7.41344E-01 8.97026E-01 9.15056E-01
 2.85102E+00 5.86859E-01 7.42744E-01 8.98720E-01 9.16784E-01
 2.88403E+00 5.87945E-01 7.44118E-01 9.00382E-01 9.18480E-01
 2.91743E+00 5.89010E-01 7.45466E-01 9.02014E-01 9.20145E-01
 2.95121E+00 5.90056E-01 7.46790E-01 9.03616E-01 9.21778E-01
 2.98538E+00 5.91082E-01 7.48088E-01 9.05187E-01 9.23381E-01
 3.01995E+00 5.92089E-01 7.49363E-01 9.06729E-01 9.24954E-01
 3.05492E+00 5.93077E-01 7.50613E-01 9.08242E-01 9.26498E-01
 3.09030E+00 5.94046E-01 7.51840E-01 9.09726E-01 9.28012E-01
 3.12608E+00 5.94997E-01 7.53043E-01 9.11182E-01 9.29497E-01
 3.16228E+00 5.95930E-01 7.54224E-01 9.12611E-01 9.30954E-01
 3.19890E+00 5.96845E-01 7.55382E-01 9.14012E-01 9.32384E-01
 3.23594E+00 5.97742E-01 7.56517E-01 9.15386E-01 9.33785E-01
 3.27341E+00 5.98622E-01 7.57631E-01 9.16734E-01 9.35160E-01
 3.31131E+00 5.99485E-01 7.58724E-01 9.18055E-01 9.36508E-01
 3.34965E+00 6.00332E-01 7.59795E-01 9.19351E-01 9.37830E-01
 3.38844E+00 6.01161E-01 7.60845E-01 9.20622E-01 9.45349E-01
 3.42768E+00 6.01975E-01 7.61875E-01 9.21868E-01 9.59642E-01
 3.46737E+00 6.02773E-01 7.62884E-01 9.23090E-01 9.74119E-01
 3.50752E+00 6.03555E-01 7.63874E-01 9.24288E-01 9.88781E-01
 3.54813E+00 6.04321E-01 7.64844E-01 9.25462E-01 1.00363E+00
 3.58922E+00 6.05073E-01 7.65795E-01 9.26613E-01 1.01866E+00
 3.63078E+00 6.05810E-01 7.66728E-01 9.27741E-01 1.03388E+00
 3.67282E+00 6.06532E-01 7.67642E-01 9.28846E-01 1.04929E+00
 3.71535E+00 6.07239E-01 7.68537E-01 9.29930E-01 1.06489E+00
 3.75837E+00 6.07933E-01 7.69415E-01 9.30992E-01 1.08068E+00
 3.80189E+00 6.08612E-01 7.70275E-01 9.32033E-01 1.09666E+00
 3.84592E+00 6.09278E-01 7.71118E-01 9.33053E-01 1.11283E+00
 3.89045E+00 6.09931E-01 7.71944E-01 9.34052E-01 1.12919E+00
 3.93550E+00 6.10571E-01 7.72753E-01 9.35031E-01 1.14575E+00
 3.98107E+00 6.11197E-01 7.73546E-01 9.35991E-01 1.16250E+00
 4.02717E+00 6.11811E-01 7.74323E-01 9.36931E-01 1.17945E+00
 4.07380E+00 6.12412E-01 7.75084E-01 9.37852E-01 1.19659E+00
 4.12098E+00 6.13001E-01 7.75830E-01 9.38754E-01 1.21393E+00
 4.16869E+00 6.13579E-01 7.76560E-01 9.39638E-01 1.23146E+00
 4.21697E+00 6.14144E-01 7.77276E-01 9.40504E-01 1.24920E+00
 4.26580E+00 6.14698E-01 7.77977E-01 9.41352E-01 1.26713E+00
 4.31519E+00 6.15240E-01 7.78663E-01 9.42183E-01 1.28525E+00
 4.36516E+00 6.15772E-01 7.79336E-01 9.42996E-01 1.30358E+00
 4.41570E+00 6.16292E-01 7.79995E-01 9.43793E-01 1.32210E+00
 4.46684E+00 6.16802E-01 7.80640E-01 9.44574E-01 1.34082E+00
 4.51856E+00 6.17301E-01 7.81271E-01 9.45338E-01 1.35973E+00
 4.57088E+00 6.17790E-01 7.81890E-01 9.46087E-01 1.37885E+00
 4.62381E+00 6.18268E-01 7.82496E-01 9.46820E-01 1.39816E+00
 4.67735E+00 6.18737E-01 7.83089E-01 9.47538E-01 1.41767E+00
 4.73151E+00 6.19196E-01 7.83670E-01 9.48241E-01 1.43738E+00
 4.78630E+00 6.19645E-01 7.84239E-01 9.48929E-01 1.45728E+00
 4.84172E+00 6.20085E-01 7.84796E-01 9.49603E-01 1.47738E+00
 4.89779E+00 6.20516E-01 7.85341E-01 9.50263E-01 1.49767E+00
 4.95450E+00 6.20938E-01 7.85875E-01 9.50909E-01 1.51816E+00
 5.01187E+00 6.21351E-01 7.86398E-01 9.51541E-01 1.53885E+00
 5.06991E+00 6.21756E-01 7.86909E-01 9.52160E-01 1.55973E+00
 5.12861E+00 6.22151E-01 7.87410E-01 9.52767E-01 1.58080E+00
 5.18800E+00 6.22539E-01 7.87901E-01 9.53360E-01 1.60206E+00
 5.24807E+00 6.22918E-01 7.88381E-01 9.53941E-01 1.62352E+00
 5.30884E+00 6.23290E-01 7.88851E-01 9.54510E-01 1.64516E+00
 5.37032E+00 6.23653E-01 7.89311E-01 9.55067E-01 1.66700E+00
 5.43250E+00 6.24009E-01 7.89762E-01 9.55612E-01 1.68901E+00
 5.49541E+00 6.24358E-01 7.90203E-01 9.56145E-01 1.71122E+00
 5.55904E+00 6.24699E-01 7.90634E-01 9.56667E-01 1.73362E+00
 5.62341E+00 6.25032E-01 7.91056E-01 9.57178E-01 1.75619E+00
 5.68853E+00 6.25359E-01 7.91470E-01 9.57679E-01 1.77895E+00
 5.75440E+00 6.25679E-01 7.91874E-01 9.58168E-01 1.80189E+00
 5.82103E+00 6.25991E-01 7.92270E-01 9.58647E-01 1.82500E+00
 5.88844E+00 6.26298E-01 7.92658E-01 9.59116E-01 1.84829E+00
 5.95662E+00 6.26597E-01 7.93037E-01 9.59575E-01 1.87176E+00
 6.02560E+00 6.26891E-01 7.93409E-01 9.60024E-01 1.89539E+00
 6.09537E+00 6.27178E-01 7.93772E-01 9.60464E-01 1.91920E+00
 6.16595E+00 6.27459E-01 7.94127E-01 9.60894E-01 1.94318E+00
 6.23735E+00 6.27734E-01 7.94475E-01 9.61315E-01 1.96732E+00
 6.30957E+00 6.28003E-01 7.94816E-01 9.61727E-01 1.99163E+00
 6.38263E+00 6.28266E-01 7.95149E-01 9.62130E-01 2.01609E+00
 6.45654E+00 6.28523E-01 7.95475E-01 9.62525E-01 2.04071E+00
 6.53131E+00 6.28775E-01 7.95794E-01 9.62911E-01 2.06549E+00
 6.60693E+00 6.29022E-01 7.96106E-01 9.63288E-01 2.09042E+00
 6.68344E+00 6.29263E-01 7.96411E-01 9.63658E-01 2.11549E+00
 6.76083E+00 6.29499E-01 7.96710E-01 9.64019E-01 2.14072E+00
 6.83912E+00 6.29730E-01 7.97003E-01 9.64373E-01 2.16608E+00
 6.91831E+00 6.29957E-01 7.97289E-01 9.64719E-01 2.19159E+00
 6.99842E+00 6.30178E-01 7.97569E-01 9.65058E-01 2.21723E+00
 7.07946E+00 6.30394E-01 7.97843E-01 9.65389E-01 2.24300E+00
 7.16143E+00 6.30606E-01 7.98110E-01 9.65714E-01 2.26891E+00
 7.24436E+00 6.30813E-01 7.98373E-01 9.66031E-01 2.29493E+00
 7.32825E+00 6.31016E-01 7.98629E-01 9.66341E-01 2.32108E+00
 7.41310E+00 6.31214E-01 7.98880E-01 9.66645E-01 2.34735E+00
 7.49894E+00 6.31408E-01 7.99126E-01 9.66942E-01 2.37372E+00
 7.58578E+00 6.31598E-01 7.99366E-01 9.67232E-01 2.40022E+00
 7.67361E+00 6.31783E-01 7.99601E-01 9.67517E-01 2.42681E+00
 7.76247E+00 6.31965E-01 7.99830E-01 9.67795E-01 2.45350E+00
 7.85236E+00 6.32142E-01 8.00055E-01 9.68067E-01 2.48029E+00
 7.94328E+00 6.32316E-01 8.00275E-01 9.68333E-01 2.50717E+00
 8.03526E+00 6.32486E-01 8.00490E-01 9.68593E-01 2.53414E+00
 8.12831E+00 6.32653E-01 8.00701E-01 9.68848E-01 2.56119E+00
 8.22243E+00 6.32815E-01 8.00907E-01 9.69097E-01 2.58831E+00
 8.31764E+00 6.32974E-01 8.01108E-01 9.69341E-01 2.61551E+00
 8.41395E+00 6.33130E-01 8.01305E-01 9.69579E-01 2.64277E+00
 8.51138E+00 6.33282E-01 8.01498E-01 9.69813E-01 2.67010E+00
 8.60994E+00 6.33431E-01 8.01686E-01 9.70041E-01 2.69748E+00
 8.70964E+00 6.33577E-01 8.01871E-01 9.70264E-01 2.72491E+00
 8.81049E+00 6.33719E-01 8.02051E-01 9.70482E-01 2.75239E+00
 8.91251E+00 6.33859E-01 8.02228E-01 9.70695E-01 2.77991E+00
 9.01571E+00 6.33995E-01 8.02400E-01 9.70904E-01 2.80745E+00
 9.12011E+00 6.34129E-01 8.02569E-01 9.71108E-01 2.83503E+00
 9.22571E+00 6.34259E-01 8.02734E-01 9.71308E-01 2.86263E+00
 9.33254E+00 6.34387E-01 8.02895E-01 9.71504E-01 2.89024E+00
 9.44061E+00 6.34511E-01 8.03053E-01 9.71695E-01 2.91786E+00
 9.54993E+00 6.34633E-01 8.03208E-01 9.71882E-01 2.94548E+00
 9.66051E+00 6.34753E-01 8.03359E-01 9.72064E-01 2.97311E+00
 9.77237E+00 6.34869E-01 8.03507E-01 9.72243E-01 3.00071E+00
 9.88553E+00 6.34984E-01 8.03651E-01 9.72418E-01 3.02831E+00
 1.00000E+01 6.35095E-01 8.03793E-01 9.72589E-01 3.05588E+00
 1.01158E+01 6.35205E-01 8.03931E-01 9.72756E-01 3.08342E+00
 1.02329E+01 6.35311E-01 8.04066E-01 9.72920E-01 3.11092E+00
 1.03514E+01 6.35416E-01 8.04198E-01 9.73080E-01 3.13837E+00
 1.04713E+01 6.35518E-01 8.04327E-01 9.73236E-01 3.16578E+00
 1.05925E+01 6.35618E-01 8.04454E-01 9.73389E-01 3.19312E+00
 1.07152E+01 6.35716E-01 8.04577E-01 9.73539E-01 3.22040E+00
 1.08393E+01 6.35811E-01 8.04698E-01 9.73685E-01 3.24760E+00
 1.09648E+01 6.35905E-01 8.04817E-01 9.73828E-01 3.27473E+00
 1.10917E+01 6.35996E-01 8.04932E-01 9.73968E-01 3.30176E+00
 1.12202E+01 6.36085E-01 8.05045E-01 9.74105E-01 3.32871E+00
 1.13501E+01 6.36173E-01 8.05156E-01 9.74239E-01 3.35554E+00
 1.14815E+01 6.36258E-01 8.05264E-01 9.74370E-01 3.38226E+00
 1.16145E+01 6.36342E-01 8.05370E-01 9.74498E-01 3.40886E+00
 1.17490E+01 6.36423E-01 8.05473E-01 9.74623E-01 3.43534E+00
 1.18850E+01 6.36503E-01 8.05575E-01 9.74745E-01 3.46168E+00
 1.20226E+01 6.36581E-01 8.05673E-01 9.74865E-01 3.48787E+00
 1.21619E+01 6.36658E-01 8.05770E-01 9.74982E-01 3.51392E+00
 1.23027E+01 6.36733E-01 8.05865E-01 9.75096E-01 3.53979E+00
 1.24451E+01 6.36806E-01 8.05957E-01 9.75208E-01 3.56551E+00
 1.25893E+01 6.36877E-01 8.06048E-01 9.75318E-01 3.59104E+00
 1.27350E+01 6.36947E-01 8.06136E-01 9.75425E-01 3.61640E+00
 1.28825E+01 6.37015E-01 8.06223E-01 9.75529E-01 3.64155E+00
 1.30317E+01 6.37082E-01 8.06307E-01 9.75632E-01 3.66652E+00
 1.31826E+01 6.37147E-01 8.06390E-01 9.75732E-01 3.69126E+00
 1.33352E+01 6.37211E-01 8.06471E-01 9.75829E-01 3.71579E+00
 1.34896E+01 6.37274E-01 8.06550E-01 9.75925E-01 3.74009E+00
 1.36458E+01 6.37335E-01 8.06627E-01 9.76019E-01 3.76415E+00
 1.38038E+01 6.37395E-01 8.06703E-01 9.76110E-01 3.78798E+00
 1.39637E+01 6.37453E-01 8.06776E-01 9.76199E-01 3.81154E+00
 1.41254E+01 6.37510E-01 8.06849E-01 9.76287E-01 3.83485E+00
 1.42889E+01 6.37566E-01 8.06919E-01 9.76372E-01 3.85788E+00
 1.44544E+01 6.37620E-01 8.06988E-01 9.76456E-01 3.88064E+00
 1.46218E+01 6.37674E-01 8.07056E-01 9.76538E-01 3.90311E+00
 1.47911E+01 6.37726E-01 8.07122E-01 9.76618E-01 3.92529E+00
 1.49624E+01 6.37777E-01 8.07187E-01 9.76696E-01 3.94716E+00
 1.51356E+01 6.37827E-01 8.07250E-01 9.76772E-01 3.96872E+00
 1.53109E+01 6.37876E-01 8.07311E-01 9.76847E-01 3.98996E+00
 1.54882E+01 6.37923E-01 8.07372E-01 9.76920E-01 4.01087E+00
 1.56675E+01 6.37970E-01 8.07431E-01 9.76991E-01 4.03145E+00
 1.58489E+01 6.38016E-01 8.07488E-01 9.77061E-01 4.05167E+00
 1.60325E+01 6.38060E-01 8.07545E-01 9.77129E-01 4.07155E+00
 1.62181E+01 6.38104E-01 8.07600E-01 9.77196E-01 4.09106E+00
 1.64059E+01 6.38146E-01 8.07654E-01 9.77261E-01 4.11021E+00
 1.65959E+01 6.38188E-01 8.07707E-01 9.77325E-01 4.12898E+00
 1.67880E+01 6.38229E-01 8.07758E-01 9.77387E-01 4.14735E+00
 1.69824E+01 6.38268E-01 8.07808E-01 9.77448E-01 4.16535E+00
 1.71791E+01 6.38307E-01 8.07858E-01 9.77508E-01 4.18292E+00
 1.73780E+01 6.38345E-01 8.07906E-01 9.77566E-01 4.20011E+00
 1.75792E+01 6.38383E-01 8.07953E-01 9.77623E-01 4.21687E+00
 1.77828E+01 6.38419E-01 8.07999E-01 9.77679E-01 4.23321E+00
 1.79887E+01 6.38455E-01 8.08044E-01 9.77733E-01 4.24912E+00
 1.81970E+01 6.38489E-01 8.08088E-01 9.77787E-01 4.26459E+00
 1.84077E+01 6.38523E-01 8.08131E-01 9.77839E-01 4.27962E+00
 1.86209E+01 6.38557E-01 8.08173E-01 9.77889E-01 4.29420E+00
 1.88365E+01 6.38589E-01 8.08214E-01 9.77939E-01 4.30831E+00
 1.90546E+01 6.38621E-01 8.08254E-01 9.77988E-01 4.32197E+00
 1.92752E+01 6.38652E-01 8.08294E-01 9.78035E-01 4.33515E+00
 1.94984E+01 6.38682E-01 8.08332E-01 9.78082E-01 4.34786E+00
 1.97242E+01 6.38712E-01 8.08370E-01 9.78127E-01 4.36009E+00
 1.99526E+01 6.38741E-01 8.08406E-01 9.78172E-01 4.37182E+00
 2.01837E+01 6.38769E-01 8.08442E-01 9.78215E-01 4.38306E+00
 2.04174E+01 6.38797E-01 8.08477E-01 9.78258E-01 4.39381E+00
 2.06538E+01 6.38824E-01 8.08512E-01 9.78299E-01 4.40404E+00
 2.08930E+01 6.38851E-01 8.08545E-01 9.78340E-01 4.41377E+00
 2.11349E+01 6.38876E-01 8.08578E-01 9.78379E-01 4.42299E+00
 2.13796E+01 6.38902E-01 8.08610E-01 9.78418E-01 4.43168E+00
 2.16272E+01 6.38927E-01 8.08641E-01 9.78456E-01 4.43986E+00
 2.18776E+01 6.38951E-01 8.08672E-01 9.78493E-01 4.44751E+00
 2.21309E+01 6.38974E-01 8.08702E-01 9.78529E-01 4.45462E+00
 2.23872E+01 6.38997E-01 8.08731E-01 9.78565E-01 4.46119E+00
 2.26464E+01 6.39020E-01 8.08760E-01 9.78599E-01 4.46724E+00
 2.29087E+01 6.39042E-01 8.08788E-01 9.78633E-01 4.47274E+00
 2.31739E+01 6.39064E-01 8.08815E-01 9.78666E-01 4.47769E+00
 2.34423E+01 6.39085E-01 8.08842E-01 9.78699E-01 4.48211E+00
 2.37137E+01 6.39106E-01 8.08868E-01 9.78730E-01 4.48597E+00
 2.39883E+01 6.39126E-01 8.08894E-01 9.78761E-01 4.48928E+00
 2.42661E+01 6.39145E-01 8.08918E-01 9.78791E-01 4.49203E+00
 2.45471E+01 6.39165E-01 8.08943E-01 9.78821E-01 4.49424E+00
 2.48313E+01 6.39184E-01 8.08967E-01 9.78850E-01 4.49589E+00
 2.51189E+01 6.39202E-01 8.08990E-01 9.78878E-01 4.49698E+00
 2.54097E+01 6.39220E-01 8.09013E-01 9.78906E-01 4.49751E+00
 2.57040E+01 6.39238E-01 8.09035E-01 9.78933E-01 4.49747E+00
 2.60016E+01 6.39255E-01 8.09057E-01 9.78959E-01 4.49690E+00
 2.63027E+01 6.39272E-01 8.09078E-01 9.78985E-01 4.49576E+00
 2.66073E+01 6.39288E-01 8.09099E-01 9.79010E-01 4.49406E+00
 2.69153E+01 6.39304E-01 8.09119E-01 9.79034E-01 4.49180E+00
 2.72270E+01 6.39320E-01 8.09139E-01 9.79059E-01 4.48898E+00
 2.75423E+01 6.39335E-01 8.09159E-01 9.79082E-01 4.48560E+00
 2.78612E+01 6.39350E-01 8.09178E-01 9.79105E-01 4.48168E+00
 2.81838E+01 6.39365E-01 8.09196E-01 9.79128E-01 4.47721E+00
 2.85102E+01 6.39379E-01 8.09214E-01 9.79149E-01 4.47219E+00
 2.88403E+01 6.39393E-01 8.09232E-01 9.79171E-01 4.46661E+00
 2.91743E+01 6.39407E-01 8.09250E-01 9.79192E-01 4.46049E+00
 2.95121E+01 6.39420E-01 8.09267E-01 9.79212E-01 4.45383E+00
 2.98538E+01 6.39434E-01 8.09283E-01 9.79233E-01 4.44663E+00
 3.01995E+01 6.39446E-01 8.09299E-01 9.79252E-01 4.43889E+00
 3.05492E+01 6.39459E-01 8.09315E-01 9.79271E-01 4.43062E+00
 3.09030E+01 6.39471E-01 8.09331E-01 9.79290E-01 4.42182E+00
 3.12608E+01 6.39483E-01 8.09346E-01 9.79308E-01 4.41249E+00
 3.16228E+01 6.39495E-01 8.09361E-01 9.79326E-01 4.40265E+00
 3.19890E+01 6.39506E-01 8.09375E-01 9.79344E-01 4.39230E+00
 3.23594E+01 6.39517E-01 8.09389E-01 9.79361E-01 4.38143E+00
 3.27341E+01 6.39528E-01 8.09403E-01 9.79378E-01 4.37006E+00
 3.31131E+01 6.39539E-01 8.09416E-01 9.79394E-01 4.35818E+00
 3.34965E+01 6.39549E-01 8.09430E-01 9.79410E-01 4.34582E+00
 3.38844E+01 6.39560E-01 8.09443E-01 9.79425E-01 4.33296E+00
 3.42768E+01 6.39570E-01 8.09455E-01 9.79441E-01 4.31963E+00
 3.46737E+01 6.39579E-01 8.09467E-01 9.79456E-01 4.30582E+00
 3.50752E+01 6.39589E-01 8.09480E-01 9.79470E-01 4.29153E+00
 3.54813E+01 6.39598E-01 8.09491E-01 9.79484E-01 4.27679E+00
 3.58922E+01 6.39607E-01 8.09503E-01 9.79498E-01 4.26159E+00
 3.63078E+01 6.39616E-01 8.09514E-01 9.79512E-01 4.24594E+00
 3.67282E+01 6.39625E-01 8.09525E-01 9.79525E-01 4.22984E+00
 3.71535E+01 6.39633E-01 8.09536E-01 9.79538E-01 4.21331E+00
 3.75837E+01 6.39642E-01 8.09546E-01 9.79551E-01 4.19635E+00
 3.80189E+01 6.39650E-01 8.09557E-01 9.79563E-01 4.17898E+00
 3.84592E+01 6.39658E-01 8.09567E-01 9.79576E-01 4.16119E+00
 3.89045E+01 6.39665E-01 8.09576E-01 9.79588E-01 4.14301E+00
 3.93550E+01 6.39673E-01 8.09586E-01 9.79599E-01 4.12442E+00
 3.98107E+01 6.39680E-01 8.09595E-01 9.79610E-01 4.10544E+00
 4.02717E+01 6.39688E-01 8.09605E-01 9.79622E-01 4.08609E+00
 4.07380E+01 6.39695E-01 8.09614E-01 9.79632E-01 4.06637E+00
 4.12098E+01 6.39702E-01 8.09622E-01 9.79643E-01 4.04629E+00
 4.16869E+01 6.39708E-01 8.09631E-01 9.79653E-01 4.02585E+00
 4.21697E+01 6.39715E-01 8.09639E-01 9.79663E-01 4.00506E+00
 4.26580E+01 6.39721E-01 8.09647E-01 9.79673E-01 3.98395E+00
 4.31519E+01 6.39728E-01 8.09655E-01 9.79683E-01 3.96251E+00
 4.36516E+01 6.39734E-01 8.09663E-01 9.79692E-01 3.94075E+00
 4.41570E+01 6.39740E-01 8.09671E-01 9.79702E-01 3.91867E+00
 4.46684E+01 6.39746E-01 8.09678E-01 9.79711E-01 3.89631E+00
 4.51856E+01 6.39752E-01 8.09686E-01 9.79720E-01 3.87364E+00
 4.57088E+01 6.39757E-01 8.09693E-01 9.79728E-01 3.85070E+00
 4.62381E+01 6.39763E-01 8.09700E-01 9.79737E-01 3.82749E+00
 4.67735E+01 6.39768E-01 8.09706E-01 9.79745E-01 3.80401E+00
 4.73151E+01 6.39773E-01 8.09713E-01 9.79753E-01 3.78028E+00
 4.78630E+01 6.39778E-01 8.09720E-01 9.79761E-01 3.75630E+00
 4.84172E+01 6.39783E-01 8.09726E-01 9.79768E-01 3.73208E+00
 4.89779E+01 6.39788E-01 8.09732E-01 9.79776E-01 3.70765E+00
 4.95450E+01 6.39793E-01 8.09738E-01 9.79783E-01 3.68299E+00
 5.01187E+01 6.39798E-01 8.09744E-01 9.79790E-01 3.65813E+00
 5.06991E+01 6.39802E-01 8.09750E-01 9.79797E-01 3.63306E+00
 5.12861E+01 6.39807E-01 8.09756E-01 9.79804E-01 3.60781E+00
 5.18800E+01 6.39811E-01 8.09761E-01 9.79811E-01 3.58237E+00
 5.24807E+01 6.39816E-01 8.09767E-01 9.79818E-01 3.55676E+00
 5.30884E+01 6.39820E-01 8.09772E-01 9.79824E-01 3.53099E+00
 5.37032E+01 6.39824E-01 8.09777E-01 9.79830E-01 3.50506E+00
 5.43250E+01 6.39828E-01 8.09782E-01 9.79836E-01 3.47898E+00
 5.49541E+01 6.39832E-01 8.09787E-01 9.79842E-01 3.45277E+00
 5.55904E+01 6.39836E-01 8.09792E-01 9.79848E-01 3.42643E+00
 5.62341E+01 6.39839E-01 8.09797E-01 9.79854E-01 3.39997E+00
 5.68853E+01 6.39843E-01 8.09801E-01 9.79859E-01 3.37339E+00
 5.75440E+01 6.39846E-01 8.09806E-01 9.79865E-01 3.34672E+00
 5.82103E+01 6.39850E-01 8.09810E-01 9.79870E-01 3.31994E+00
 5.88844E+01 6.39853E-01 8.09814E-01 9.79875E-01 3.29308E+00
 5.95662E+01 6.39857E-01 8.09819E-01 9.79881E-01 3.26614E+00
 6.02560E+01 6.39860E-01 8.09823E-01 9.79886E-01 3.23912E+00
 6.09537E+01 6.39863E-01 8.09827E-01 9.79890E-01 3.21205E+00
 6.16595E+01 6.39866E-01 8.09831E-01 9.79895E-01 3.18492E+00
 6.23735E+01 6.39869E-01 8.09835E-01 9.79900E-01 3.15773E+00
 6.30957E+01 6.39872E-01 8.09838E-01 9.79904E-01 3.13051E+00
 6.38263E+01 6.39875E-01 8.09842E-01 9.79909E-01 3.10325E+00
 6.45654E+01 6.39878E-01 8.09846E-01 9.79913E-01 3.07596E+00
 6.53131E+01 6.39881E-01 8.09849E-01 9.79917E-01 3.04866E+00
 6.60693E+01 6.39883E-01 8.09852E-01 9.79922E-01 3.02134E+00
 6.68344E+01 6.39886E-01 8.09856E-01 9.79926E-01 2.99401E+00
 6.76083E+01 6.39889E-01 8.09859E-01 9.79930E-01 2.96669E+00
 6.83912E+01 6.39891E-01 8.09862E-01 9.79933E-01 2.93937E+00
 6.91831E+01 6.39894E-01 8.09865E-01 9.79937E-01 2.91206E+00
 6.99842E+01 6.39896E-01 8.09868E-01 9.79941E-01 2.88477E+00
 7.07946E+01 6.39898E-01 8.09871E-01 9.79944E-01 2.85751E+00
 7.16143E+01 6.39901E-01 8.09874E-01 9.79948E-01 2.83028E+00
 7.24436E+01 6.39903E-01 8.09877E-01 9.79951E-01 2.80309E+00
 7.32825E+01 6.39905E-01 8.09880E-01 9.79955E-01 2.77593E+00
 7.41310E+01 6.39907E-01 8.09883E-01 9.79958E-01 2.74882E+00
 7.49894E+01 6.39909E-01 8.09885E-01 9.79961E-01 2.72177E+00
 7.58578E+01 6.39912E-01 8.09888E-01 9.79964E-01 2.69478E+00
 7.67361E+01 6.39914E-01 8.09891E-01 9.79968E-01 2.66785E+00
 7.76247E+01 6.39915E-01 8.09893E-01 9.79971E-01 2.64099E+00
 7.85236E+01 6.39917E-01 8.09895E-01 9.79974E-01 2.61420E+00
 7.94328E+01 6.39919E-01 8.09898E-01 9.79976E-01 2.58749E+00
 8.03526E+01 6.39921E-01 8.09900E-01 9.79979E-01 2.56086E+00
 8.12831E+01 6.39923E-01 8.09902E-01 9.79982E-01 2.53432E+00
 8.22243E+01 6.39925E-01 8.09905E-01 9.79985E-01 2.50788E+00
 8.31764E+01 6.39926E-01 8.09907E-01 9.79987E-01 2.48152E+00
 8.41395E+01 6.39928E-01 8.09909E-01 9.79990E-01 2.45527E+00
 8.51138E+01 6.39930E-01 8.09911E-01 9.79992E-01 2.42912E+00
 8.60994E+01 6.39931E-01 8.09913E-01 9.79995E-01 2.40307E+00
 8.70964E+01 6.39933E-01 8.09915E-01 9.79997E-01 2.37714E+00
 8.81049E+01 6.39934E-01 8.09917E-01 9.79999E-01 2.35132E+00
 8.91251E+01 6.39936E-01 8.09919E-01 9.80002E-01 2.32562E+00
 9.01571E+01 6.39937E-01 8.09921E-01 9.80004E-01 2.30004E+00
 9.12011E+01 6.39939E-01 8.09922E-01 9.80006E-01 2.27458E+00
 9.22571E+01 6.39940E-01 8.09924E-01 9.80008E-01 2.24924E+00
 9.33254E+01 6.39941E-01 8.09926E-01 9.80010E-01 2.22404E+00
 9.44061E+01 6.39943E-01 8.09928E-01 9.80012E-01 2.19897E+00
 9.54993E+01 6.39944E-01 8.09929E-01 9.80014E-01 2.17404E+00
 9.66051E+01 6.39945E-01 8.09931E-01 9.80016E-01 2.14924E+00
 9.77237E+01 6.39947E-01 8.09932E-01 9.80018E-01 2.12458E+00
 9.88553E+01 6.39948E-01 8.09934E-01 9.80020E-01 2.10006E+00
 1.00000E+02 6.39949E-01 8.09935E-01 9.80022E-01 2.07569E+00
