 1.00000E-02 6.77525E-02 9.24419E-02 1.23945E-01 1.27958E-01
 2.00000E-02 6.77578E-02 9.31450E-02 1.23946E-01 1.27958E-01
 3.00000E-02 6.77667E-02 9.31012E-02 1.23946E-01 1.27957E-01
 4.00000E-02 6.77791E-02 9.31613E-02 1.23947E-01 1.28001E-01
 5.00000E-02 6.77991E-02 9.31650E-02 1.23949E-01 1.28036E-01
 6.00000E-02 6.78307E-02 9.31885E-02 1.23950E-01 1.28046E-01
 7.00000E-02 6.78600E-02 9.32079E-02 1.23956E-01 1.28047E-01
 8.00000E-02 6.78899E-02 9.32264E-02 1.23969E-01 1.28044E-01
 9.00000E-02 6.79218E-02 9.32554E-02 1.23978E-01 1.28039E-01
 1.00000E-01 6.79565E-02 9.32750E-02 1.23984E-01 1.28039E-01
 1.10000E-01 6.79940E-02 9.33114E-02 1.23990E-01 1.28045E-01
 1.20000E-01 6.80398E-02 9.33422E-02 1.23995E-01 1.28047E-01
 1.30000E-01 6.80883E-02 9.33770E-02 1.24000E-01 1.28047E-01
 1.40000E-01 6.81391E-02 9.34168E-02 1.24004E-01 1.28045E-01
 1.50000E-01 6.81924E-02 9.34556E-02 1.24009E-01 1.28043E-01
 1.60000E-01 6.82525E-02 9.34999E-02 1.24015E-01 1.28046E-01
 1.70000E-01 6.83153E-02 9.35472E-02 1.24024E-01 1.28047E-01
 1.80000E-01 6.83803E-02 9.35955E-02 1.24033E-01 1.28047E-01
 1.90000E-01 6.84514E-02 9.36466E-02 1.24040E-01 1.28045E-01
 2.00000E-01 6.85250E-02 9.37027E-02 1.24048E-01 1.28046E-01
 2.10000E-01 6.86026E-02 9.37605E-02 1.24055E-01 1.28048E-01
 2.20000E-01 6.86842E-02 9.38205E-02 1.24065E-01 1.28047E-01
 2.30000E-01 6.87693E-02 9.38830E-02 1.24076E-01 1.28046E-01
 2.40000E-01 6.88584E-02 9.39490E-02 1.24085E-01 1.28048E-01
 2.50000E-01 6.89514E-02 9.40184E-02 1.24095E-01 1.28048E-01
 2.60000E-01 6.90474E-02 9.40903E-02 1.24106E-01 1.28047E-01
 2.70000E-01 6.91486E-02 9.41649E-02 1.24118E-01 1.28048E-01
 2.80000E-01 6.92529E-02 9.42423E-02 1.24129E-01 1.28048E-01
 2.90000E-01 6.93606E-02 9.43224E-02 1.24140E-01 1.28047E-01
 3.00000E-01 6.94726E-02 9.44054E-02 1.24153E-01 1.28049E-01
 3.10000E-01 6.95887E-02 9.44912E-02 1.24166E-01 1.28049E-01
 3.20000E-01 6.97084E-02 9.45798E-02 1.24179E-01 1.28048E-01
 3.30000E-01 6.98319E-02 9.46711E-02 1.24193E-01 1.28049E-01
 3.40000E-01 6.99592E-02 9.47651E-02 1.24206E-01 1.28048E-01
 3.50000E-01 7.00903E-02 9.48627E-02 1.24221E-01 1.28049E-01
 3.60000E-01 7.02253E-02 9.49630E-02 1.24236E-01 1.28049E-01
 3.70000E-01 7.03641E-02 9.50659E-02 1.24251E-01 1.28050E-01
 3.80000E-01 7.05066E-02 9.51713E-02 1.24267E-01 1.28049E-01
 3.90000E-01 7.06530E-02 9.52801E-02 1.24283E-01 1.28050E-01
 4.00000E-01 7.08037E-02 9.53918E-02 1.24300E-01 1.28050E-01
 4.10000E-01 7.09580E-02 9.55057E-02 1.24317E-01 1.28050E-01
 4.20000E-01 7.11160E-02 9.56233E-02 1.24334E-01 1.28050E-01
 4.30000E-01 7.12782E-02 9.57432E-02 1.24352E-01 1.28050E-01
 4.40000E-01 7.14440E-02 9.58664E-02 1.24370E-01 1.28051E-01
 4.50000E-01 7.16138E-02 9.59920E-02 1.24389E-01 1.28051E-01
 4.60000E-01 7.17874E-02 9.61210E-02 1.24408E-01 1.28051E-01
 4.70000E-01 7.19650E-02 9.62523E-02 1.24427E-01 1.28052E-01
 4.80000E-01 7.21462E-02 9.63870E-02 1.24448E-01 1.28052E-01
 4.90000E-01 7.23318E-02 9.65244E-02 1.24468E-01 1.28052E-01
 5.00000E-01 7.25210E-02 9.66645E-02 1.24489E-01 1.28052E-01
 5.10000E-01 7.27141E-02 9.68076E-02 1.24510E-01 1.28052E-01
 5.20000E-01 7.29110E-02 9.69539E-02 1.24532E-01 1.28053E-01
 5.30000E-01 7.31118E-02 9.71029E-02 1.24554E-01 1.28053E-01
 5.40000E-01 7.33167E-02 9.72548E-02 1.24576E-01 1.28053E-01
 5.50000E-01 7.35254E-02 9.74096E-02 1.24599E-01 1.28053E-01
 5.60000E-01 7.37381E-02 9.75674E-02 1.24622E-01 1.28054E-01
 5.70000E-01 7.39548E-02 9.77280E-02 1.24646E-01 1.28054E-01
 5.80000E-01 7.41754E-02 9.78916E-02 1.24670E-01 1.28054E-01
 5.90000E-01 7.43999E-02 9.80581E-02 1.24694E-01 1.28054E-01
 6.00000E-01 7.46281E-02 9.82274E-02 1.24719E-01 1.28055E-01
 6.10000E-01 7.48603E-02 9.83997E-02 1.24745E-01 1.28055E-01
 6.20000E-01 7.50967E-02 9.85749E-02 1.24771E-01 1.28055E-01
 6.30000E-01 7.53367E-02 9.87534E-02 1.24797E-01 1.28055E-01
 6.40000E-01 7.55809E-02 9.89346E-02 1.24824E-01 1.28056E-01
 6.50000E-01 7.58289E-02 9.91185E-02 1.24851E-01 1.28056E-01
 6.60000E-01 7.60808E-02 9.93058E-02 1.24879E-01 1.28056E-01
 6.70000E-01 7.63366E-02 9.94958E-02 1.24907E-01 1.28056E-01
 6.80000E-01 7.65966E-02 9.96888E-02 1.24935E-01 1.28057E-01
 6.90000E-01 7.68603E-02 9.98849E-02 1.24964E-01 1.28057E-01
 7.00000E-01 7.71278E-02 1.00084E-01 1.24993E-01 1.28058E-01
 7.10000E-01 7.73996E-02 1.00286E-01 1.25023E-01 1.28058E-01
 7.20000E-01 7.76753E-02 1.00491E-01 1.25053E-01 1.28058E-01
 7.30000E-01 7.79548E-02 1.00698E-01 1.25083E-01 1.28058E-01
 7.40000E-01 7.82383E-02 1.00909E-01 1.25114E-01 1.28059E-01
 7.50000E-01 7.85257E-02 1.01123E-01 1.25145E-01 1.28059E-01
 7.60000E-01 7.88170E-02 1.01340E-01 1.25177E-01 1.28059E-01
 7.70000E-01 7.91123E-02 1.01560E-01 1.25209E-01 1.28060E-01
 7.80000E-01 7.94115E-02 1.01783E-01 1.25242E-01 1.28060E-01
 7.90000E-01 7.97147E-02 1.02009E-01 1.25275E-01 1.28060E-01
 8.00000E-01 8.00217E-02 1.02238E-01 1.25309E-01 1.28061E-01
 8.10000E-01 8.03327E-02 1.02470E-01 1.25343E-01 1.28061E-01
 8.20000E-01 8.06477E-02 1.02705E-01 1.25377E-01 1.28061E-01
 8.30000E-01 8.09666E-02 1.02943E-01 1.25412E-01 1.28062E-01
 8.40000E-01 8.12892E-02 1.03184E-01 1.25447E-01 1.28062E-01
 8.50000E-01 8.16161E-02 1.03428E-01 1.25483E-01 1.28063E-01
 8.60000E-01 8.19466E-02 1.03675E-01 1.25518E-01 1.28063E-01
 8.70000E-01 8.22812E-02 1.03925E-01 1.25555E-01 1.28063E-01
 8.80000E-01 8.26196E-02 1.04178E-01 1.25592E-01 1.28064E-01
 8.90000E-01 8.29620E-02 1.04434E-01 1.25629E-01 1.28064E-01
 9.00000E-01 8.33081E-02 1.04693E-01 1.25667E-01 1.28065E-01
 9.10000E-01 8.36584E-02 1.04956E-01 1.25705E-01 1.28065E-01
 9.20000E-01 8.40123E-02 1.05221E-01 1.25744E-01 1.28065E-01
 9.30000E-01 8.43701E-02 1.05489E-01 1.25783E-01 1.28066E-01
 9.40000E-01 8.47319E-02 1.05761E-01 1.25823E-01 1.28066E-01
 9.50000E-01 8.50975E-02 1.06035E-01 1.25862E-01 1.28067E-01
 9.60000E-01 8.54669E-02 1.06313E-01 1.25903E-01 1.28067E-01
 9.70000E-01 8.58401E-02 1.06594E-01 1.25943E-01 1.28067E-01
 9.80000E-01 8.62172E-02 1.06878E-01 1.25985E-01 1.28068E-01
 9.90000E-01 8.65982E-02 1.07164E-01 1.26026E-01 1.28068E-01
 1.00000E+00 8.69830E-02 1.07454E-01 1.26068E-01 1.28069E-01
 1.01158E+00 8.74333E-02 1.07794E-01 1.26118E-01 1.28069E-01
 1.02329E+00 8.78938E-02 1.08142E-01 1.26168E-01 1.28070E-01
 1.03514E+00 8.83651E-02 1.08498E-01 1.26220E-01 1.28070E-01
 1.04713E+00 8.88472E-02 1.08862E-01 1.26273E-01 1.28071E-01
 1.05925E+00 8.93402E-02 1.09236E-01 1.26327E-01 1.28071E-01
 1.07152E+00 8.98447E-02 1.09618E-01 1.26382E-01 1.28072E-01
 1.08393E+00 9.03607E-02 1.10010E-01 1.26438E-01 1.28072E-01
 1.09648E+00 9.08884E-02 1.10410E-01 1.26497E-01 1.28073E-01
 1.10917E+00 9.14279E-02 1.10821E-01 1.26556E-01 1.28074E-01
 1.12202E+00 9.19799E-02 1.11241E-01 1.26617E-01 1.28074E-01
 1.13501E+00 9.25444E-02 1.11672E-01 1.26679E-01 1.28075E-01
 1.14815E+00 9.31216E-02 1.12113E-01 1.26742E-01 1.28076E-01
 1.16145E+00 9.37117E-02 1.12564E-01 1.26807E-01 1.28076E-01
 1.17490E+00 9.43150E-02 1.13026E-01 1.26874E-01 1.28077E-01
 1.18850E+00 9.49318E-02 1.13499E-01 1.26942E-01 1.28078E-01
 1.20226E+00 9.55623E-02 1.13984E-01 1.27012E-01 1.28079E-01
 1.21619E+00 9.62070E-02 1.14480E-01 1.27084E-01 1.28079E-01
 1.23027E+00 9.68659E-02 1.14989E-01 1.27157E-01 1.28080E-01
 1.24451E+00 9.75394E-02 1.15509E-01 1.27232E-01 1.28081E-01
 1.25893E+00 9.82276E-02 1.16042E-01 1.27309E-01 1.28082E-01
 1.27350E+00 9.89308E-02 1.16587E-01 1.27387E-01 1.28082E-01
 1.28825E+00 9.96494E-02 1.17146E-01 1.27467E-01 1.28083E-01
 1.30317E+00 1.00384E-01 1.17718E-01 1.27550E-01 1.28084E-01
 1.31826E+00 1.01134E-01 1.18304E-01 1.27634E-01 1.28085E-01
 1.33352E+00 1.01900E-01 1.18903E-01 1.27720E-01 1.28086E-01
 1.34896E+00 1.02682E-01 1.19517E-01 1.27808E-01 1.28087E-01
 1.36458E+00 1.03481E-01 1.20146E-01 1.27899E-01 1.28088E-01
 1.38038E+00 1.04297E-01 1.20789E-01 1.27991E-01 1.28089E-01
 1.39637E+00 1.05131E-01 1.21448E-01 1.28086E-01 1.28090E-01
 1.41254E+00 1.05981E-01 1.22122E-01 1.28183E-01 1.28090E-01
 1.42889E+00 1.06849E-01 1.22813E-01 1.28282E-01 1.28092E-01
 1.44544E+00 1.07736E-01 1.23519E-01 1.28384E-01 1.28093E-01
 1.46218E+00 1.08640E-01 1.24243E-01 1.28488E-01 1.28094E-01
 1.47911E+00 1.09563E-01 1.24983E-01 1.28594E-01 1.28095E-01
 1.49624E+00 1.10504E-01 1.25741E-01 1.28703E-01 1.28096E-01
 1.51356E+00 1.11465E-01 1.26517E-01 1.28815E-01 1.28097E-01
 1.53109E+00 1.12444E-01 1.27311E-01 1.28929E-01 1.28098E-01
 1.54882E+00 1.13443E-01 1.28123E-01 1.29046E-01 1.28099E-01
 1.56675E+00 1.14461E-01 1.28954E-01 1.29166E-01 1.28101E-01
 1.58489E+00 1.15500E-01 1.29805E-01 1.29289E-01 1.28102E-01
 1.60325E+00 1.16558E-01 1.30676E-01 1.29414E-01 1.28103E-01
 1.62181E+00 1.17636E-01 1.31566E-01 1.29543E-01 1.28105E-01
 1.64059E+00 1.18735E-01 1.32477E-01 1.29674E-01 1.28106E-01
 1.65959E+00 1.19855E-01 1.33409E-01 1.29809E-01 1.28107E-01
 1.67880E+00 1.20995E-01 1.34363E-01 1.29947E-01 1.28109E-01
 1.69824E+00 1.22156E-01 1.35338E-01 1.30089E-01 1.28110E-01
 1.71791E+00 1.23339E-01 1.36335E-01 1.30233E-01 1.28112E-01
 1.73780E+00 1.24543E-01 1.37355E-01 1.30382E-01 1.28113E-01
 1.75792E+00 1.25768E-01 1.38398E-01 1.30533E-01 1.28115E-01
 1.77828E+00 1.27015E-01 1.39464E-01 1.30688E-01 1.28116E-01
 1.79887E+00 1.28283E-01 1.40554E-01 1.30848E-01 1.28118E-01
 1.81970E+00 1.29574E-01 1.41668E-01 1.31011E-01 1.28120E-01
 1.84077E+00 1.30887E-01 1.42807E-01 1.31178E-01 1.28121E-01
 1.86209E+00 1.32221E-01 1.43971E-01 1.31348E-01 1.28123E-01
 1.88365E+00 1.33578E-01 1.45160E-01 1.31523E-01 1.28125E-01
 1.90546E+00 1.34957E-01 1.46375E-01 1.31703E-01 1.28127E-01
 1.92752E+00 1.36358E-01 1.47616E-01 1.31886E-01 1.28128E-01
 1.94984E+00 1.37782E-01 1.48884E-01 1.32074E-01 1.28130E-01
 1.97242E+00 1.39228E-01 1.50178E-01 1.32266E-01 1.28132E-01
 1.99526E+00 1.40697E-01 1.51500E-01 1.32464E-01 1.28134E-01
 2.01837E+00 1.42188E-01 1.52850E-01 1.32665E-01 1.28136E-01
 2.04174E+00 1.43701E-01 1.54227E-01 1.32872E-01 1.28138E-01
 2.06538E+00 1.45238E-01 1.55633E-01 1.33084E-01 1.28140E-01
 2.08930E+00 1.46796E-01 1.57068E-01 1.33301E-01 1.28143E-01
 2.11349E+00 1.48377E-01 1.58531E-01 1.33523E-01 1.28145E-01
 2.13796E+00 1.49981E-01 1.60024E-01 1.33751E-01 1.28147E-01
 2.16272E+00 1.51607E-01 1.61546E-01 1.33984E-01 1.28150E-01
 2.18776E+00 1.53256E-01 1.63099E-01 1.34223E-01 1.28152E-01
 2.21309E+00 1.54927E-01 1.64681E-01 1.34468E-01 1.28155E-01
 2.23872E+00 1.56620E-01 1.66294E-01 1.34718E-01 1.28157E-01
 2.26464E+00 1.58335E-01 1.67938E-01 1.34975E-01 1.28159E-01
 2.29087E+00 1.60072E-01 1.69612E-01 1.35238E-01 1.28162E-01
 2.31739E+00 1.61831E-01 1.71318E-01 1.35507E-01 1.28165E-01
 2.34423E+00 1.63611E-01 1.73055E-01 1.35783E-01 1.28168E-01
 2.37137E+00 1.65414E-01 1.74823E-01 1.36066E-01 1.28171E-01
 2.39883E+00 1.67238E-01 1.76623E-01 1.36356E-01 1.28173E-01
 2.42661E+00 1.69083E-01 1.78454E-01 1.36653E-01 1.28176E-01
 2.45471E+00 1.70950E-01 1.80318E-01 1.36957E-01 1.28179E-01
 2.48313E+00 1.72837E-01 1.82213E-01 1.37268E-01 1.28182E-01
 2.51189E+00 1.74745E-01 1.84141E-01 1.37588E-01 1.28186E-01
 2.54097E+00 1.76674E-01 1.86100E-01 1.37915E-01 1.28189E-01
 2.57040E+00 1.78623E-01 1.88092E-01 1.38250E-01 1.28192E-01
 2.60016E+00 1.80592E-01 1.90117E-01 1.38594E-01 1.28196E-01
 2.63027E+00 1.82581E-01 1.92173E-01 1.38946E-01 1.28199E-01
 2.66073E+00 1.84590E-01 1.94261E-01 1.39307E-01 1.28203E-01
 2.69153E+00 1.86618E-01 1.96382E-01 1.39677E-01 1.28206E-01
 2.72270E+00 1.88666E-01 1.98535E-01 1.40056E-01 1.28210E-01
 2.75423E+00 1.90731E-01 2.00720E-01 1.40444E-01 1.28214E-01
 2.78612E+00 1.92816E-01 2.02937E-01 1.40842E-01 1.28217E-01
 2.81838E+00 1.94919E-01 2.05185E-01 1.41250E-01 1.28222E-01
 2.85102E+00 1.97040E-01 2.07466E-01 1.41669E-01 1.28226E-01
 2.88403E+00 1.99178E-01 2.09778E-01 1.42097E-01 1.28230E-01
 2.91743E+00 2.01334E-01 2.12121E-01 1.42537E-01 1.28234E-01
 2.95121E+00 2.03506E-01 2.14496E-01 1.42987E-01 1.28238E-01
 2.98538E+00 2.05695E-01 2.16902E-01 1.43449E-01 1.28243E-01
 3.01995E+00 2.07901E-01 2.19338E-01 1.43923E-01 1.28248E-01
 3.05492E+00 2.10122E-01 2.21806E-01 1.44408E-01 1.28252E-01
 3.09030E+00 2.12359E-01 2.24303E-01 1.44906E-01 1.28257E-01
 3.12608E+00 2.14611E-01 2.26831E-01 1.45416E-01 1.28262E-01
 3.16228E+00 2.16878E-01 2.29388E-01 1.45940E-01 1.28267E-01
 3.19890E+00 2.19159E-01 2.31975E-01 1.46476E-01 1.28272E-01
 3.23594E+00 2.21455E-01 2.34591E-01 1.47026E-01 1.28277E-01
 3.27341E+00 2.23764E-01 2.37235E-01 1.47591E-01 1.28283E-01
 3.31131E+00 2.26085E-01 2.39908E-01 1.48169E-01 1.28288E-01
 3.34965E+00 2.28421E-01 2.42609E-01 1.48762E-01 1.28294E-01
 3.38844E+00 2.30768E-01 2.45338E-01 1.49371E-01 1.28299E-01
 3.42768E+00 2.33127E-01 2.48094E-01 1.49995E-01 1.28306E-01
 3.46737E+00 2.35498E-01 2.50876E-01 1.50635E-01 1.28311E-01
 3.50752E+00 2.37880E-01 2.53685E-01 1.51292E-01 1.28318E-01
 3.54813E+00 2.40273E-01 2.56520E-01 1.51966E-01 1.28324E-01
 3.58922E+00 2.42676E-01 2.59381E-01 1.52657E-01 1.28330E-01
 3.63078E+00 2.45089E-01 2.62266E-01 1.53365E-01 1.28337E-01
 3.67282E+00 2.47512E-01 2.65175E-01 1.54093E-01 1.28344E-01
 3.71535E+00 2.49943E-01 2.68109E-01 1.54839E-01 1.28350E-01
 3.75837E+00 2.52383E-01 2.71066E-01 1.55605E-01 1.28358E-01
 3.80189E+00 2.54831E-01 2.74046E-01 1.56390E-01 1.28365E-01
 3.84592E+00 2.57287E-01 2.77048E-01 1.57196E-01 1.28373E-01
 3.89045E+00 2.59750E-01 2.80072E-01 1.58023E-01 1.28380E-01
 3.93550E+00 2.62219E-01 2.83118E-01 1.58872E-01 1.28388E-01
 3.98107E+00 2.64695E-01 2.86183E-01 1.59743E-01 1.28396E-01
 4.02717E+00 2.67177E-01 2.89269E-01 1.60637E-01 1.28404E-01
 4.07380E+00 2.69664E-01 2.92374E-01 1.61554E-01 1.28413E-01
 4.12098E+00 2.72156E-01 2.95498E-01 1.62496E-01 1.28421E-01
 4.16869E+00 2.74653E-01 2.98641E-01 1.63462E-01 1.28429E-01
 4.21697E+00 2.77154E-01 3.01801E-01 1.64455E-01 1.28438E-01
 4.26580E+00 2.79659E-01 3.04977E-01 1.65473E-01 1.28447E-01
 4.31519E+00 2.82166E-01 3.08170E-01 1.66519E-01 1.28457E-01
 4.36516E+00 2.84677E-01 3.11379E-01 1.67592E-01 1.28466E-01
 4.41570E+00 2.87190E-01 3.14603E-01 1.68694E-01 1.28476E-01
 4.46684E+00 2.89704E-01 3.17841E-01 1.69825E-01 1.28486E-01
 4.51856E+00 2.92221E-01 3.21093E-01 1.70986E-01 1.28496E-01
 4.57088E+00 2.94739E-01 3.24358E-01 1.72178E-01 1.28507E-01
 4.62381E+00 2.97257E-01 3.27635E-01 1.73402E-01 1.28518E-01
 4.67735E+00 2.99775E-01 3.30924E-01 1.74659E-01 1.28529E-01
 4.73151E+00 3.02293E-01 3.34224E-01 1.75950E-01 1.28540E-01
 4.78630E+00 3.04811E-01 3.37534E-01 1.77275E-01 1.28552E-01
 4.84172E+00 3.07327E-01 3.40854E-01 1.78636E-01 1.28564E-01
 4.89779E+00 3.09843E-01 3.44183E-01 1.80033E-01 1.28576E-01
 4.95450E+00 3.12356E-01 3.47520E-01 1.81467E-01 1.28587E-01
 5.01187E+00 3.14867E-01 3.50865E-01 1.82940E-01 1.28600E-01
 5.06991E+00 3.17376E-01 3.54216E-01 1.84453E-01 1.28614E-01
 5.12861E+00 3.19881E-01 3.57574E-01 1.86006E-01 1.28627E-01
 5.18800E+00 3.22384E-01 3.60937E-01 1.87600E-01 1.28640E-01
 5.24807E+00 3.24883E-01 3.64305E-01 1.89237E-01 1.28654E-01
 5.30884E+00 3.27377E-01 3.67678E-01 1.90918E-01 1.28668E-01
 5.37032E+00 3.29868E-01 3.71054E-01 1.92643E-01 1.28683E-01
 5.43250E+00 3.32353E-01 3.74432E-01 1.94414E-01 1.28697E-01
 5.49541E+00 3.34833E-01 3.77814E-01 1.96231E-01 1.28713E-01
 5.55904E+00 3.37308E-01 3.81196E-01 1.98097E-01 1.28728E-01
 5.62341E+00 3.39777E-01 3.84580E-01 2.00011E-01 1.28744E-01
 5.68853E+00 3.42240E-01 3.87964E-01 2.01975E-01 1.28761E-01
 5.75440E+00 3.44696E-01 3.91346E-01 2.03990E-01 1.28776E-01
 5.82103E+00 3.47147E-01 3.94729E-01 2.06056E-01 1.28794E-01
 5.88844E+00 3.49589E-01 3.98110E-01 2.08176E-01 1.28811E-01
 5.95662E+00 3.52025E-01 4.01487E-01 2.10349E-01 1.28830E-01
 6.02560E+00 3.54452E-01 4.04863E-01 2.12576E-01 1.28848E-01
 6.09537E+00 3.56872E-01 4.08235E-01 2.14858E-01 1.28866E-01
 6.16595E+00 3.59283E-01 4.11603E-01 2.17197E-01 1.28885E-01
 6.23735E+00 3.61686E-01 4.14965E-01 2.19592E-01 1.28905E-01
 6.30957E+00 3.64081E-01 4.18323E-01 2.22045E-01 1.28925E-01
 6.38263E+00 3.66465E-01 4.21675E-01 2.24555E-01 1.28946E-01
 6.45654E+00 3.68842E-01 4.25019E-01 2.27123E-01 1.28966E-01
 6.53131E+00 3.71207E-01 4.28358E-01 2.29750E-01 1.28989E-01
 6.60693E+00 3.73565E-01 4.31688E-01 2.32435E-01 1.29010E-01
 6.68344E+00 3.75910E-01 4.35011E-01 2.35179E-01 1.29032E-01
 6.76083E+00 3.78247E-01 4.38325E-01 2.37983E-01 1.29056E-01
 6.83912E+00 3.80572E-01 4.41630E-01 2.40845E-01 1.29078E-01
 6.91831E+00 3.82888E-01 4.44925E-01 2.43766E-01 1.29103E-01
 6.99842E+00 3.85192E-01 4.48210E-01 2.46746E-01 1.29128E-01
 7.07946E+00 3.87486E-01 4.51484E-01 2.49784E-01 1.29153E-01
 7.16143E+00 3.89767E-01 4.54747E-01 2.52880E-01 1.29179E-01
 7.24436E+00 3.92038E-01 4.57999E-01 2.56034E-01 1.29206E-01
 7.32825E+00 3.94297E-01 4.61239E-01 2.59245E-01 1.29233E-01
 7.41310E+00 3.96544E-01 4.64466E-01 2.62513E-01 1.29259E-01
 7.49894E+00 3.98780E-01 4.67680E-01 2.65837E-01 1.29289E-01
 7.58578E+00 4.01002E-01 4.70881E-01 2.69216E-01 1.29318E-01
 7.67361E+00 4.03213E-01 4.74068E-01 2.72649E-01 1.29348E-01
 7.76247E+00 4.05411E-01 4.77242E-01 2.76137E-01 1.29377E-01
 7.85236E+00 4.07597E-01 4.80400E-01 2.79678E-01 1.29408E-01
 7.94328E+00 4.09770E-01 4.83544E-01 2.83272E-01 1.29441E-01
 8.03526E+00 4.11930E-01 4.86673E-01 2.86917E-01 1.29474E-01
 8.12831E+00 4.14078E-01 4.89785E-01 2.90613E-01 1.29507E-01
 8.22243E+00 4.16212E-01 4.92883E-01 2.94359E-01 1.29541E-01
 8.31764E+00 4.18333E-01 4.95963E-01 2.98153E-01 1.29576E-01
 8.41395E+00 4.20441E-01 4.99028E-01 3.01996E-01 1.29611E-01
 8.51138E+00 4.22535E-01 5.02075E-01 3.05886E-01 1.29646E-01
 8.60994E+00 4.24617E-01 5.05106E-01 3.09823E-01 1.29684E-01
 8.70964E+00 4.26684E-01 5.08119E-01 3.13804E-01 1.29723E-01
 8.81049E+00 4.28737E-01 5.11113E-01 3.17830E-01 1.29763E-01
 8.91251E+00 4.30778E-01 5.14092E-01 3.21900E-01 1.29803E-01
 9.01571E+00 4.32804E-01 5.17051E-01 3.26011E-01 1.29845E-01
 9.12011E+00 4.34816E-01 5.19991E-01 3.30164E-01 1.29887E-01
 9.22571E+00 4.36815E-01 5.22914E-01 3.34357E-01 1.29930E-01
 9.33254E+00 4.38799E-01 5.25817E-01 3.38590E-01 1.29974E-01
 9.44061E+00 4.40770E-01 5.28701E-01 3.42861E-01 1.30019E-01
 9.54993E+00 4.42727E-01 5.31567E-01 3.47169E-01 1.30065E-01
 9.66051E+00 4.44669E-01 5.34412E-01 3.51514E-01 1.30112E-01
 9.77237E+00 4.46596E-01 5.37239E-01 3.55893E-01 1.30160E-01
 9.88553E+00 4.48511E-01 5.40045E-01 3.60307E-01 1.30209E-01
 1.00000E+01 4.50411E-01 5.42831E-01 3.64753E-01 1.30259E-01
 1.01158E+01 4.52296E-01 5.45598E-01 3.69230E-01 1.30310E-01
 1.02329E+01 4.54168E-01 5.48345E-01 3.73739E-01 1.30364E-01
 1.03514E+01 4.56025E-01 5.51070E-01 3.78277E-01 1.30420E-01
 1.04713E+01 4.57868E-01 5.53776E-01 3.82843E-01 1.30476E-01
 1.05925E+01 4.59696E-01 5.56462E-01 3.87436E-01 1.30533E-01
 1.07152E+01 4.61511E-01 5.59126E-01 3.92056E-01 1.30592E-01
 1.08393E+01 4.63311E-01 5.61769E-01 3.96700E-01 1.30651E-01
 1.09648E+01 4.65097E-01 5.64394E-01 4.01367E-01 1.30711E-01
 1.10917E+01 4.66868E-01 5.66996E-01 4.06057E-01 1.30771E-01
 1.12202E+01 4.68625E-01 5.69578E-01 4.10768E-01 1.30837E-01
 1.13501E+01 4.70369E-01 5.72138E-01 4.15499E-01 1.30904E-01
 1.14815E+01 4.72097E-01 5.74678E-01 4.20248E-01 1.30972E-01
 1.16145E+01 4.73811E-01 5.77197E-01 4.25016E-01 1.31039E-01
 1.17490E+01 4.75511E-01 5.79695E-01 4.29799E-01 1.31107E-01
 1.18850E+01 4.77198E-01 5.82171E-01 4.34598E-01 1.31180E-01
 1.20226E+01 4.78870E-01 5.84627E-01 4.39410E-01 1.31256E-01
 1.21619E+01 4.80528E-01 5.87062E-01 4.44235E-01 1.31331E-01
 1.23027E+01 4.82172E-01 5.89476E-01 4.49070E-01 1.31406E-01
 1.24451E+01 4.83801E-01 5.91868E-01 4.53916E-01 1.31485E-01
 1.25893E+01 4.85417E-01 5.94239E-01 4.58770E-01 1.31568E-01
 1.27350E+01 4.87019E-01 5.96590E-01 4.63632E-01 1.31651E-01
 1.28825E+01 4.88607E-01 5.98920E-01 4.68501E-01 1.31732E-01
 1.30317E+01 4.90181E-01 6.01228E-01 4.73374E-01 1.31821E-01
 1.31826E+01 4.91741E-01 6.03515E-01 4.78251E-01 1.31911E-01
 1.33352E+01 4.93287E-01 6.05781E-01 4.83130E-01 1.32000E-01
 1.34896E+01 4.94820E-01 6.08027E-01 4.88011E-01 1.32092E-01
 1.36458E+01 4.96340E-01 6.10253E-01 4.92892E-01 1.32191E-01
 1.38038E+01 4.97845E-01 6.12457E-01 4.97771E-01 1.32286E-01
 1.39637E+01 4.99337E-01 6.14641E-01 5.02649E-01 1.32385E-01
 1.41254E+01 5.00816E-01 6.16804E-01 5.07522E-01 1.32490E-01
 1.42889E+01 5.02281E-01 6.18946E-01 5.12390E-01 1.32592E-01
 1.44544E+01 5.03732E-01 6.21067E-01 5.17253E-01 1.32700E-01
 1.46218E+01 5.05170E-01 6.23169E-01 5.22109E-01 1.32812E-01
 1.47911E+01 5.06595E-01 6.25251E-01 5.26957E-01 1.32919E-01
 1.49624E+01 5.08007E-01 6.27312E-01 5.31795E-01 1.33038E-01
 1.51356E+01 5.09406E-01 6.29353E-01 5.36622E-01 1.33156E-01
 1.53109E+01 5.10792E-01 6.31374E-01 5.41438E-01 1.33273E-01
 1.54882E+01 5.12165E-01 6.33375E-01 5.46241E-01 1.33401E-01
 1.56675E+01 5.13525E-01 6.35356E-01 5.51031E-01 1.33521E-01
 1.58489E+01 5.14873E-01 6.37317E-01 5.55805E-01 1.33656E-01
 1.60325E+01 5.16207E-01 6.39259E-01 5.60564E-01 1.33787E-01
 1.62181E+01 5.17529E-01 6.41181E-01 5.65305E-01 1.33923E-01
 1.64059E+01 5.18838E-01 6.43083E-01 5.70029E-01 1.34063E-01
 1.65959E+01 5.20134E-01 6.44967E-01 5.74734E-01 1.34201E-01
 1.67880E+01 5.21419E-01 6.46832E-01 5.79419E-01 1.34352E-01
 1.69824E+01 5.22690E-01 6.48677E-01 5.84084E-01 1.34494E-01
 1.71791E+01 5.23950E-01 6.50504E-01 5.88726E-01 1.34654E-01
 1.73780E+01 5.25197E-01 6.52311E-01 5.93346E-01 1.34801E-01
 1.75792E+01 5.26432E-01 6.54100E-01 5.97942E-01 1.34971E-01
 1.77828E+01 5.27655E-01 6.55870E-01 6.02515E-01 1.35126E-01
 1.79887E+01 5.28867E-01 6.57622E-01 6.07063E-01 1.35303E-01
 1.81970E+01 5.30066E-01 6.59355E-01 6.11584E-01 1.35466E-01
 1.84077E+01 5.31254E-01 6.61071E-01 6.16079E-01 1.35651E-01
 1.86209E+01 5.32430E-01 6.62768E-01 6.20547E-01 1.35821E-01
 1.88365E+01 5.33594E-01 6.64447E-01 6.24986E-01 1.36017E-01
 1.90546E+01 5.34747E-01 6.66108E-01 6.29397E-01 1.36197E-01
 1.92752E+01 5.35888E-01 6.67752E-01 6.33778E-01 1.36400E-01
 1.94984E+01 5.37018E-01 6.69378E-01 6.38128E-01 1.36593E-01
 1.97242E+01 5.38137E-01 6.70987E-01 6.42449E-01 1.36801E-01
 1.99526E+01 5.39244E-01 6.72578E-01 6.46738E-01 1.37007E-01
 2.01837E+01 5.40341E-01 6.74153E-01 6.50996E-01 1.37220E-01
 2.04174E+01 5.41426E-01 6.75710E-01 6.55221E-01 1.37442E-01
 2.06538E+01 5.42500E-01 6.77250E-01 6.59413E-01 1.37657E-01
 2.08930E+01 5.43564E-01 6.78774E-01 6.63572E-01 1.37896E-01
 2.11349E+01 5.44616E-01 6.80281E-01 6.67697E-01 1.38123E-01
 2.13796E+01 5.45658E-01 6.81772E-01 6.71788E-01 1.38370E-01
 2.16272E+01 5.46690E-01 6.83246E-01 6.75844E-01 1.38617E-01
 2.18776E+01 5.47711E-01 6.84705E-01 6.79865E-01 1.38863E-01
 2.21309E+01 5.48721E-01 6.86148E-01 6.83850E-01 1.39131E-01
 2.23872E+01 5.49721E-01 6.87575E-01 6.87800E-01 1.39388E-01
 2.26464E+01 5.50710E-01 6.88986E-01 6.91714E-01 1.39665E-01
 2.29087E+01 5.51690E-01 6.90381E-01 6.95591E-01 1.39945E-01
 2.31739E+01 5.52660E-01 6.91761E-01 6.99432E-01 1.40217E-01
 2.34423E+01 5.53620E-01 6.93126E-01 7.03236E-01 1.40523E-01
 2.37137E+01 5.54570E-01 6.94475E-01 7.07003E-01 1.40820E-01
 2.39883E+01 5.55510E-01 6.95810E-01 7.10732E-01 1.41120E-01
 2.42661E+01 5.56440E-01 6.97129E-01 7.14424E-01 1.41446E-01
 2.45471E+01 5.57360E-01 6.98433E-01 7.18079E-01 1.41763E-01
 2.48313E+01 5.58271E-01 6.99723E-01 7.21696E-01 1.42089E-01
 2.51189E+01 5.59171E-01 7.01000E-01 7.25274E-01 1.42437E-01
 2.54097E+01 5.60063E-01 7.02261E-01 7.28815E-01 1.42779E-01
 2.57040E+01 5.60947E-01 7.03509E-01 7.32318E-01 1.43129E-01
 2.60016E+01 5.61820E-01 7.04742E-01 7.35783E-01 1.43505E-01
 2.63027E+01 5.62685E-01 7.05961E-01 7.39209E-01 1.43875E-01
 2.66073E+01 5.63540E-01 7.07167E-01 7.42597E-01 1.44246E-01
 2.69153E+01 5.64386E-01 7.08358E-01 7.45947E-01 1.44653E-01
 2.72270E+01 5.65222E-01 7.09537E-01 7.49260E-01 1.45056E-01
 2.75423E+01 5.66051E-01 7.10703E-01 7.52535E-01 1.45456E-01
 2.78612E+01 5.66871E-01 7.11855E-01 7.55771E-01 1.45887E-01
 2.81838E+01 5.67682E-01 7.12994E-01 7.58970E-01 1.46327E-01
 2.85102E+01 5.68484E-01 7.14119E-01 7.62130E-01 1.46766E-01
 2.88403E+01 5.69278E-01 7.15231E-01 7.65253E-01 1.47211E-01
 2.91743E+01 5.70063E-01 7.16332E-01 7.68337E-01 1.47693E-01
 2.95121E+01 5.70840E-01 7.17421E-01 7.71384E-01 1.48175E-01
 2.98538E+01 5.71610E-01 7.18497E-01 7.74394E-01 1.48659E-01
 3.01995E+01 5.72370E-01 7.19559E-01 7.77366E-01 1.49156E-01
 3.05492E+01 5.73122E-01 7.20610E-01 7.80302E-01 1.49687E-01
 3.09030E+01 5.73866E-01 7.21648E-01 7.83201E-01 1.50220E-01
 3.12608E+01 5.74603E-01 7.22676E-01 7.86063E-01 1.50757E-01
 3.16228E+01 5.75332E-01 7.23692E-01 7.88888E-01 1.51302E-01
 3.19890E+01 5.76053E-01 7.24695E-01 7.91677E-01 1.51890E-01
 3.23594E+01 5.76765E-01 7.25686E-01 7.94429E-01 1.52483E-01
 3.27341E+01 5.77470E-01 7.26667E-01 7.97146E-01 1.53083E-01
 3.31131E+01 5.78169E-01 7.27637E-01 7.99828E-01 1.53690E-01
 3.34965E+01 5.78859E-01 7.28595E-01 8.02474E-01 1.54323E-01
 3.38844E+01 5.79542E-01 7.29542E-01 8.05084E-01 1.54986E-01
 3.42768E+01 5.80216E-01 7.30477E-01 8.07659E-01 1.55658E-01
 3.46737E+01 5.80885E-01 7.31404E-01 8.10199E-01 1.56340E-01
 3.50752E+01 5.81547E-01 7.32319E-01 8.12706E-01 1.57035E-01
 3.54813E+01 5.82200E-01 7.33222E-01 8.15179E-01 1.57749E-01
 3.58922E+01 5.82846E-01 7.34115E-01 8.17617E-01 1.58503E-01
 3.63078E+01 5.83486E-01 7.35000E-01 8.20021E-01 1.59270E-01
 3.67282E+01 5.84119E-01 7.35873E-01 8.22392E-01 1.60053E-01
 3.71535E+01 5.84745E-01 7.36735E-01 8.24732E-01 1.60851E-01
 3.75837E+01 5.85363E-01 7.37588E-01 8.27038E-01 1.61667E-01
 3.80189E+01 5.85976E-01 7.38432E-01 8.29311E-01 1.62501E-01
 3.84592E+01 5.86582E-01 7.39265E-01 8.31551E-01 1.63379E-01
 3.89045E+01 5.87181E-01 7.40088E-01 8.33762E-01 1.64279E-01
 3.93550E+01 5.87773E-01 7.40902E-01 8.35941E-01 1.65199E-01
 3.98107E+01 5.88360E-01 7.41707E-01 8.38088E-01 1.66141E-01
 4.02717E+01 5.88939E-01 7.42502E-01 8.40203E-01 1.67106E-01
 4.07380E+01 5.89511E-01 7.43287E-01 8.42290E-01 1.68095E-01
 4.12098E+01 5.90080E-01 7.44065E-01 8.44346E-01 1.69109E-01
 4.16869E+01 5.90640E-01 7.44833E-01 8.46371E-01 1.70150E-01
 4.21697E+01 5.91194E-01 7.45590E-01 8.48367E-01 1.71221E-01
 4.26580E+01 5.91743E-01 7.46342E-01 8.50336E-01 1.72335E-01
 4.31519E+01 5.92286E-01 7.47083E-01 8.52274E-01 1.73478E-01
 4.36516E+01 5.92822E-01 7.47815E-01 8.54183E-01 1.74651E-01
 4.41570E+01 5.93353E-01 7.48540E-01 8.56066E-01 1.75856E-01
 4.46684E+01 5.93879E-01 7.49256E-01 8.57920E-01 1.77093E-01
 4.51856E+01 5.94397E-01 7.49962E-01 8.59746E-01 1.78365E-01
 4.57088E+01 5.94910E-01 7.50661E-01 8.61545E-01 1.79672E-01
 4.62381E+01 5.95419E-01 7.51353E-01 8.63319E-01 1.81015E-01
 4.67735E+01 5.95920E-01 7.52034E-01 8.65064E-01 1.82397E-01
 4.73151E+01 5.96417E-01 7.52710E-01 8.66784E-01 1.83819E-01
 4.78630E+01 5.96909E-01 7.53377E-01 8.68479E-01 1.85281E-01
 4.84172E+01 5.97393E-01 7.54035E-01 8.70147E-01 1.86785E-01
 4.89779E+01 5.97874E-01 7.54688E-01 8.71790E-01 1.88332E-01
 4.95450E+01 5.98350E-01 7.55332E-01 8.73410E-01 1.89924E-01
 5.01187E+01 5.98818E-01 7.55966E-01 8.75003E-01 1.91562E-01
 5.06991E+01 5.99284E-01 7.56597E-01 8.76572E-01 1.93247E-01
 5.12861E+01 5.99743E-01 7.57218E-01 8.78120E-01 1.94981E-01
 5.18800E+01 6.00197E-01 7.57832E-01 8.79642E-01 1.96764E-01
 5.24807E+01 6.00647E-01 7.58440E-01 8.81141E-01 1.98612E-01
 5.30884E+01 6.01091E-01 7.59039E-01 8.82618E-01 2.00515E-01
 5.37032E+01 6.01530E-01 7.59632E-01 8.84071E-01 2.02473E-01
 5.43250E+01 6.01965E-01 7.60219E-01 8.85503E-01 2.04487E-01
 5.49541E+01 6.02394E-01 7.60796E-01 8.86913E-01 2.06558E-01
 5.55904E+01 6.02820E-01 7.61370E-01 8.88299E-01 2.08687E-01
 5.62341E+01 6.03240E-01 7.61935E-01 8.89667E-01 2.10900E-01
 5.68853E+01 6.03655E-01 7.62494E-01 8.91012E-01 2.13174E-01
 5.75440E+01 6.04066E-01 7.63048E-01 8.92336E-01 2.15509E-01
 5.82103E+01 6.04471E-01 7.63592E-01 8.93642E-01 2.17926E-01
 5.88844E+01 6.04874E-01 7.64133E-01 8.94924E-01 2.20418E-01
 5.95662E+01 6.05271E-01 7.64666E-01 8.96190E-01 2.22981E-01
 6.02560E+01 6.05664E-01 7.65193E-01 8.97434E-01 2.25634E-01
 6.09537E+01 6.06053E-01 7.65715E-01 8.98659E-01 2.28365E-01
 6.16595E+01 6.06436E-01 7.66228E-01 8.99866E-01 2.31184E-01
 6.23735E+01 6.06817E-01 7.66738E-01 9.01053E-01 2.34097E-01
 6.30957E+01 6.07192E-01 7.67240E-01 9.02223E-01 2.37100E-01
 6.38263E+01 6.07564E-01 7.67738E-01 9.03374E-01 2.40199E-01
 6.45654E+01 6.07931E-01 7.68229E-01 9.04507E-01 2.43400E-01
 6.53131E+01 6.08294E-01 7.68714E-01 9.05623E-01 2.46703E-01
 6.60693E+01 6.08654E-01 7.69194E-01 9.06719E-01 2.50112E-01
 6.68344E+01 6.09008E-01 7.69667E-01 9.07802E-01 2.53632E-01
 6.76083E+01 6.09360E-01 7.70137E-01 9.08865E-01 2.57264E-01
 6.83912E+01 6.09706E-01 7.70598E-01 9.09914E-01 2.61010E-01
 6.91831E+01 6.10051E-01 7.71058E-01 9.10945E-01 2.64870E-01
 6.99842E+01 6.10390E-01 7.71509E-01 9.11960E-01 2.68843E-01
 7.07946E+01 6.10726E-01 7.71957E-01 9.12960E-01 2.72926E-01
 7.16143E+01 6.11058E-01 7.72398E-01 9.13943E-01 2.77110E-01
 7.24436E+01 6.11386E-01 7.72835E-01 9.14912E-01 2.81388E-01
 7.32825E+01 6.11710E-01 7.73267E-01 9.15864E-01 2.85751E-01
 7.41310E+01 6.12031E-01 7.73693E-01 9.16804E-01 2.90190E-01
 7.49894E+01 6.12349E-01 7.74115E-01 9.17727E-01 2.94699E-01
 7.58578E+01 6.12662E-01 7.74530E-01 9.18638E-01 2.99273E-01
 7.67361E+01 6.12973E-01 7.74943E-01 9.19532E-01 3.03905E-01
 7.76247E+01 6.13278E-01 7.75348E-01 9.20414E-01 3.08595E-01
 7.85236E+01 6.13583E-01 7.75752E-01 9.21281E-01 3.13337E-01
 7.94328E+01 6.13881E-01 7.76148E-01 9.22136E-01 3.18131E-01
 8.03526E+01 6.14179E-01 7.76542E-01 9.22976E-01 3.22974E-01
 8.12831E+01 6.14471E-01 7.76928E-01 9.23804E-01 3.27863E-01
 8.22243E+01 6.14762E-01 7.77314E-01 9.24619E-01 3.32798E-01
 8.31764E+01 6.15047E-01 7.77691E-01 9.25421E-01 3.37777E-01
 8.41395E+01 6.15332E-01 7.78067E-01 9.26211E-01 3.42799E-01
 8.51138E+01 6.15611E-01 7.78436E-01 9.26988E-01 3.47861E-01
 8.60994E+01 6.15889E-01 7.78804E-01 9.27753E-01 3.52963E-01
 8.70964E+01 6.16162E-01 7.79164E-01 9.28507E-01 3.58103E-01
 8.81049E+01 6.16434E-01 7.79523E-01 9.29248E-01 3.63281E-01
 8.91251E+01 6.16701E-01 7.79875E-01 9.29979E-01 3.68493E-01
 9.01571E+01 6.16967E-01 7.80225E-01 9.30697E-01 3.73740E-01
 9.12011E+01 6.17228E-01 7.80569E-01 9.31405E-01 3.79021E-01
 9.22571E+01 6.17487E-01 7.80911E-01 9.32102E-01 3.84333E-01
 9.33254E+01 6.17743E-01 7.81247E-01 9.32788E-01 3.89675E-01
 9.44061E+01 6.17996E-01 7.81581E-01 9.33463E-01 3.95047E-01
 9.54993E+01 6.18246E-01 7.81910E-01 9.34129E-01 4.00446E-01
 9.66051E+01 6.18494E-01 7.82236E-01 9.34782E-01 4.05872E-01
 9.77237E+01 6.18738E-01 7.82557E-01 9.35428E-01 4.11323E-01
 9.88553E+01 6.18980E-01 7.82875E-01 9.36061E-01 4.16797E-01
 1.00000E+02 6.19219E-01 7.83189E-01 9.36687E-01 4.22293E-01
