 1.00000E-02 6.77689E-02 9.31375E-02 1.23924E-01 1.28021E-01
 2.00000E-02 6.78197E-02 9.31566E-02 1.23916E-01 1.27986E-01
 3.00000E-02 6.79524E-02 9.32734E-02 1.23975E-01 1.28039E-01
 4.00000E-02 6.82507E-02 9.35845E-02 1.24265E-01 1.28323E-01
 5.00000E-02 6.88100E-02 9.42180E-02 1.24945E-01 1.29006E-01
 6.00000E-02 6.97272E-02 9.53009E-02 1.26179E-01 1.30260E-01
 7.00000E-02 7.10970E-02 9.69551E-02 1.28127E-01 1.32246E-01
 8.00000E-02 7.30002E-02 9.92846E-02 1.30918E-01 1.35102E-01
 9.00000E-02 7.54955E-02 1.02365E-01 1.34654E-01 1.38930E-01
 1.00000E-01 7.86131E-02 1.06238E-01 1.39389E-01 1.43790E-01
 1.10000E-01 8.23531E-02 1.10903E-01 1.45133E-01 1.49692E-01
 1.20000E-01 8.66897E-02 1.16330E-01 1.51850E-01 1.56603E-01
 1.30000E-01 9.15801E-02 1.22462E-01 1.59471E-01 1.64456E-01
 1.40000E-01 9.69731E-02 1.29230E-01 1.67906E-01 1.73159E-01
 1.50000E-01 1.02816E-01 1.36559E-01 1.77057E-01 1.82612E-01
 1.60000E-01 1.09061E-01 1.44380E-01 1.86821E-01 1.92714E-01
 1.70000E-01 1.15662E-01 1.52629E-01 1.97105E-01 2.03366E-01
 1.80000E-01 1.22584E-01 1.61248E-01 2.07818E-01 2.14476E-01
 1.90000E-01 1.29794E-01 1.70189E-01 2.18883E-01 2.25962E-01
 2.00000E-01 1.37265E-01 1.79411E-01 2.30228E-01 2.37748E-01
 2.10000E-01 1.44974E-01 1.88878E-01 2.41793E-01 2.49768E-01
 2.20000E-01 1.52903E-01 1.98560E-01 2.53524E-01 2.66782E-01
 2.30000E-01 1.61035E-01 2.08431E-01 2.65376E-01 2.85086E-01
 2.40000E-01 1.69356E-01 2.18469E-01 2.77310E-01 3.03764E-01
 2.50000E-01 1.77853E-01 2.28653E-01 2.89291E-01 3.22811E-01
 2.60000E-01 1.86515E-01 2.38967E-01 3.01292E-01 3.42219E-01
 2.70000E-01 1.95331E-01 2.49397E-01 3.13288E-01 3.61981E-01
 2.80000E-01 2.04290E-01 2.59927E-01 3.25258E-01 3.82092E-01
 2.90000E-01 2.13222E-01 2.70547E-01 3.37185E-01 4.02544E-01
 3.00000E-01 2.22031E-01 2.81245E-01 3.49055E-01 4.23333E-01
 3.10000E-01 2.30708E-01 2.92010E-01 3.61338E-01 4.44452E-01
 3.20000E-01 2.39245E-01 3.02795E-01 3.79636E-01 4.65897E-01
 3.30000E-01 2.47637E-01 3.13416E-01 3.98253E-01 4.87662E-01
 3.40000E-01 2.55878E-01 3.23846E-01 4.17185E-01 5.09741E-01
 3.50000E-01 2.63965E-01 3.34080E-01 4.36430E-01 5.32130E-01
 3.60000E-01 2.71892E-01 3.44114E-01 4.55985E-01 5.54824E-01
 3.70000E-01 2.79660E-01 3.53944E-01 4.75849E-01 5.77819E-01
 3.80000E-01 2.87264E-01 3.63569E-01 4.96019E-01 6.01109E-01
 3.90000E-01 2.94705E-01 3.72987E-01 5.16492E-01 6.24690E-01
 4.00000E-01 3.01982E-01 3.82197E-01 5.37268E-01 6.48557E-01
 4.10000E-01 3.09095E-01 3.91199E-01 5.58343E-01 6.72707E-01
 4.20000E-01 3.16044E-01 3.99994E-01 5.79716E-01 6.97135E-01
 4.30000E-01 3.22831E-01 4.08583E-01 6.01385E-01 7.21837E-01
 4.40000E-01 3.29456E-01 4.16968E-01 6.23347E-01 7.46808E-01
 4.50000E-01 3.35921E-01 4.25150E-01 6.45601E-01 7.72044E-01
 4.60000E-01 3.42228E-01 4.33132E-01 6.68144E-01 7.97541E-01
 4.70000E-01 3.48379E-01 4.40917E-01 6.90973E-01 8.23296E-01
 4.80000E-01 3.54377E-01 4.48508E-01 7.14088E-01 8.49304E-01
 4.90000E-01 3.60223E-01 4.55908E-01 7.37486E-01 8.75560E-01
 5.00000E-01 3.65921E-01 4.63119E-01 7.61164E-01 9.02063E-01
 5.10000E-01 3.71474E-01 4.70147E-01 7.85120E-01 9.28806E-01
 5.20000E-01 3.76884E-01 4.76993E-01 8.09352E-01 9.55788E-01
 5.30000E-01 3.82154E-01 4.83663E-01 8.33858E-01 9.83003E-01
 5.40000E-01 3.87287E-01 4.90160E-01 8.58634E-01 1.01045E+00
 5.50000E-01 3.92286E-01 4.96487E-01 8.83679E-01 1.03812E+00
 5.60000E-01 3.97155E-01 5.02649E-01 9.08990E-01 1.06601E+00
 5.70000E-01 4.01897E-01 5.08650E-01 9.34565E-01 1.09413E+00
 5.80000E-01 4.06514E-01 5.14494E-01 9.60389E-01 1.12246E+00
 5.90000E-01 4.11009E-01 5.20184E-01 9.86231E-01 1.15100E+00
 6.00000E-01 4.15387E-01 5.25724E-01 1.01199E+00 1.17975E+00
 6.10000E-01 4.19649E-01 5.31119E-01 1.03766E+00 1.20871E+00
 6.20000E-01 4.23800E-01 5.36371E-01 1.06323E+00 1.23787E+00
 6.30000E-01 4.27841E-01 5.41486E-01 1.08871E+00 1.26723E+00
 6.40000E-01 4.31776E-01 5.46467E-01 1.11408E+00 1.29678E+00
 6.50000E-01 4.35608E-01 5.51316E-01 1.13934E+00 1.32653E+00
 6.60000E-01 4.39340E-01 5.56039E-01 1.16448E+00 1.35646E+00
 6.70000E-01 4.42973E-01 5.60638E-01 1.18951E+00 1.38659E+00
 6.80000E-01 4.46513E-01 5.65118E-01 1.21441E+00 1.41689E+00
 6.90000E-01 4.49960E-01 5.69480E-01 1.23919E+00 1.44738E+00
 7.00000E-01 4.53317E-01 5.73729E-01 1.26384E+00 1.47804E+00
 7.10000E-01 4.56588E-01 5.77869E-01 1.28836E+00 1.50888E+00
 7.20000E-01 4.59774E-01 5.81901E-01 1.31274E+00 1.53989E+00
 7.30000E-01 4.62878E-01 5.85830E-01 1.33698E+00 1.57107E+00
 7.40000E-01 4.65902E-01 5.89658E-01 1.36109E+00 1.60242E+00
 7.50000E-01 4.68850E-01 5.93388E-01 1.38505E+00 1.63393E+00
 7.60000E-01 4.71722E-01 5.97023E-01 1.40887E+00 1.66560E+00
 7.70000E-01 4.74521E-01 6.00566E-01 1.43254E+00 1.69743E+00
 7.80000E-01 4.77250E-01 6.04019E-01 1.45606E+00 1.72942E+00
 7.90000E-01 4.79910E-01 6.07386E-01 1.47942E+00 1.76155E+00
 8.00000E-01 4.82503E-01 6.10668E-01 1.50264E+00 1.79385E+00
 8.10000E-01 4.85032E-01 6.13869E-01 1.52570E+00 1.82629E+00
 8.20000E-01 4.87498E-01 6.16990E-01 1.54860E+00 1.85887E+00
 8.30000E-01 4.89903E-01 6.20033E-01 1.57135E+00 1.89160E+00
 8.40000E-01 4.92249E-01 6.23003E-01 1.59393E+00 1.92448E+00
 8.50000E-01 4.94537E-01 6.25899E-01 1.61636E+00 1.95749E+00
 8.60000E-01 4.96770E-01 6.28725E-01 1.63862E+00 1.99064E+00
 8.70000E-01 4.98949E-01 6.31482E-01 1.66071E+00 2.02393E+00
 8.80000E-01 5.01075E-01 6.34173E-01 1.68264E+00 2.05735E+00
 8.90000E-01 5.03151E-01 6.36800E-01 1.70441E+00 2.09090E+00
 9.00000E-01 5.05176E-01 6.39364E-01 1.72600E+00 2.12458E+00
 9.10000E-01 5.07154E-01 6.41867E-01 1.74743E+00 2.15839E+00
 9.20000E-01 5.09085E-01 6.44311E-01 1.76869E+00 2.19233E+00
 9.30000E-01 5.10971E-01 6.46698E-01 1.78977E+00 2.22639E+00
 9.40000E-01 5.12813E-01 6.49029E-01 1.81069E+00 2.26057E+00
 9.50000E-01 5.14612E-01 6.51306E-01 1.83143E+00 2.29488E+00
 9.60000E-01 5.16369E-01 6.53530E-01 1.85200E+00 2.32930E+00
 9.70000E-01 5.18087E-01 6.55703E-01 1.87239E+00 2.36384E+00
 9.80000E-01 5.19765E-01 6.57827E-01 1.89261E+00 2.39849E+00
 9.90000E-01 5.21405E-01 6.59903E-01 1.91265E+00 2.43326E+00
 1.00000E+00 5.23008E-01 6.61932E-01 1.93252E+00 2.46815E+00
 1.01158E+00 5.24819E-01 6.64224E-01 1.95530E+00 2.50867E+00
 1.02329E+00 5.26604E-01 6.66483E-01 1.97810E+00 2.54982E+00
 1.03514E+00 5.28362E-01 6.68709E-01 2.00092E+00 2.59159E+00
 1.04713E+00 5.30095E-01 6.70901E-01 2.02375E+00 2.63400E+00
 1.05925E+00 5.31801E-01 6.73061E-01 2.04658E+00 2.67705E+00
 1.07152E+00 5.33482E-01 6.75189E-01 2.06940E+00 2.72075E+00
 1.08393E+00 5.35138E-01 6.77284E-01 2.09222E+00 2.76509E+00
 1.09648E+00 5.36768E-01 6.79347E-01 2.11501E+00 2.81005E+00
 1.10917E+00 5.38373E-01 6.81378E-01 2.13778E+00 2.85564E+00
 1.12202E+00 5.39953E-01 6.83378E-01 2.16052E+00 2.90189E+00
 1.13501E+00 5.41508E-01 6.85347E-01 2.18321E+00 2.94879E+00
 1.14815E+00 5.43039E-01 6.87284E-01 2.20586E+00 2.99636E+00
 1.16145E+00 5.44546E-01 6.89192E-01 2.22845E+00 3.04460E+00
 1.17490E+00 5.46030E-01 6.91069E-01 2.25098E+00 3.09353E+00
 1.18850E+00 5.47489E-01 6.92916E-01 2.27343E+00 3.14316E+00
 1.20226E+00 5.48925E-01 6.94733E-01 2.29581E+00 3.19348E+00
 1.21619E+00 5.50338E-01 6.96521E-01 2.31809E+00 3.24452E+00
 1.23027E+00 5.51728E-01 6.98281E-01 2.34028E+00 3.29629E+00
 1.24451E+00 5.53095E-01 7.00011E-01 2.36237E+00 3.34879E+00
 1.25893E+00 5.54440E-01 7.01713E-01 2.38433E+00 3.40203E+00
 1.27350E+00 5.55763E-01 7.03388E-01 2.40618E+00 3.45603E+00
 1.28825E+00 5.57064E-01 7.05035E-01 2.42789E+00 3.51079E+00
 1.30317E+00 5.58344E-01 7.06654E-01 2.44946E+00 3.56632E+00
 1.31826E+00 5.59602E-01 7.08247E-01 2.47089E+00 3.62264E+00
 1.33352E+00 5.60839E-01 7.09812E-01 2.49215E+00 3.67975E+00
 1.34896E+00 5.62056E-01 7.11352E-01 2.51324E+00 3.73767E+00
 1.36458E+00 5.63252E-01 7.12866E-01 2.53416E+00 3.79640E+00
 1.38038E+00 5.64428E-01 7.14354E-01 2.55489E+00 3.85596E+00
 1.39637E+00 5.65584E-01 7.15818E-01 2.57542E+00 3.91636E+00
 1.41254E+00 5.66721E-01 7.17256E-01 2.59574E+00 3.97760E+00
 1.42889E+00 5.67838E-01 7.18670E-01 2.61585E+00 4.03970E+00
 1.44544E+00 5.68936E-01 7.20059E-01 2.63574E+00 4.10267E+00
 1.46218E+00 5.70015E-01 7.21425E-01 2.65539E+00 4.16652E+00
 1.47911E+00 5.71076E-01 7.22768E-01 2.67480E+00 4.23126E+00
 1.49624E+00 5.72119E-01 7.24088E-01 2.69396E+00 4.29690E+00
 1.51356E+00 5.73143E-01 7.25384E-01 2.71285E+00 4.36346E+00
 1.53109E+00 5.74150E-01 7.26659E-01 2.73147E+00 4.43093E+00
 1.54882E+00 5.75140E-01 7.27911E-01 2.74982E+00 4.49934E+00
 1.56675E+00 5.76112E-01 7.29142E-01 2.76787E+00 4.56870E+00
 1.58489E+00 5.77068E-01 7.30351E-01 2.78562E+00 4.63901E+00
 1.60325E+00 5.78007E-01 7.31540E-01 2.80307E+00 4.71028E+00
 1.62181E+00 5.78930E-01 7.32708E-01 2.82020E+00 4.78254E+00
 1.64059E+00 5.79836E-01 7.33855E-01 2.83701E+00 4.85579E+00
 1.65959E+00 5.80727E-01 7.34983E-01 2.85348E+00 4.93003E+00
 1.67880E+00 5.81602E-01 7.36091E-01 2.86961E+00 5.00529E+00
 1.69824E+00 5.82462E-01 7.37179E-01 2.88539E+00 5.08158E+00
 1.71791E+00 5.83308E-01 7.38249E-01 2.90081E+00 5.15889E+00
 1.73780E+00 5.84138E-01 7.39300E-01 2.91586E+00 5.23725E+00
 1.75792E+00 5.84954E-01 7.40332E-01 2.93055E+00 5.31668E+00
 1.77828E+00 5.85755E-01 7.41347E-01 2.94485E+00 5.39716E+00
 1.79887E+00 5.86543E-01 7.42343E-01 2.95876E+00 5.47873E+00
 1.81970E+00 5.87317E-01 7.43323E-01 2.97227E+00 5.56139E+00
 1.84077E+00 5.88077E-01 7.44285E-01 2.98539E+00 5.64515E+00
 1.86209E+00 5.88824E-01 7.45231E-01 2.99809E+00 5.73003E+00
 1.88365E+00 5.89558E-01 7.46160E-01 3.01038E+00 5.81603E+00
 1.90546E+00 5.90280E-01 7.47073E-01 3.02224E+00 5.90317E+00
 1.92752E+00 5.90988E-01 7.47970E-01 3.03368E+00 5.99146E+00
 1.94984E+00 5.91685E-01 7.48851E-01 3.04469E+00 6.08091E+00
 1.97242E+00 5.92369E-01 7.49717E-01 3.05525E+00 6.17152E+00
 1.99526E+00 5.93042E-01 7.50568E-01 3.06538E+00 6.26332E+00
 2.01837E+00 5.93702E-01 7.51405E-01 3.07505E+00 6.35632E+00
 2.04174E+00 5.94352E-01 7.52227E-01 3.08427E+00 6.45052E+00
 2.06538E+00 5.94990E-01 7.53034E-01 3.09304E+00 6.54593E+00
 2.08930E+00 5.95617E-01 7.53828E-01 3.10134E+00 6.64258E+00
 2.11349E+00 5.96233E-01 7.54608E-01 3.10918E+00 6.74046E+00
 2.13796E+00 5.96839E-01 7.55375E-01 3.11656E+00 6.83959E+00
 2.16272E+00 5.97435E-01 7.56128E-01 3.12346E+00 6.93998E+00
 2.18776E+00 5.98020E-01 7.56869E-01 3.12989E+00 7.04165E+00
 2.21309E+00 5.98595E-01 7.57597E-01 3.13585E+00 7.14460E+00
 2.23872E+00 5.99160E-01 7.58312E-01 3.14133E+00 7.24884E+00
 2.26464E+00 5.99716E-01 7.59016E-01 3.14634E+00 7.35439E+00
 2.29087E+00 6.00262E-01 7.59707E-01 3.15086E+00 7.46126E+00
 2.31739E+00 6.00800E-01 7.60387E-01 3.15491E+00 7.56945E+00
 2.34423E+00 6.01328E-01 7.61055E-01 3.15847E+00 7.67898E+00
 2.37137E+00 6.01847E-01 7.61712E-01 3.16155E+00 7.78987E+00
 2.39883E+00 6.02357E-01 7.62359E-01 3.16416E+00 7.90211E+00
 2.42661E+00 6.02859E-01 7.62994E-01 3.16628E+00 8.01572E+00
 2.45471E+00 6.03353E-01 7.63619E-01 3.16793E+00 8.13072E+00
 2.48313E+00 6.03838E-01 7.64233E-01 3.16909E+00 8.24711E+00
 2.51189E+00 6.04316E-01 7.64837E-01 3.16979E+00 8.36490E+00
 2.54097E+00 6.04785E-01 7.65431E-01 3.17000E+00 8.48410E+00
 2.57040E+00 6.05247E-01 7.66016E-01 3.16975E+00 8.60473E+00
 2.60016E+00 6.05701E-01 7.66591E-01 3.16902E+00 8.72679E+00
 2.63027E+00 6.06148E-01 7.67156E-01 3.16783E+00 8.85029E+00
 2.66073E+00 6.06588E-01 7.67713E-01 3.16617E+00 8.97525E+00
 2.69153E+00 6.07020E-01 7.68260E-01 3.16406E+00 9.10167E+00
 2.72270E+00 6.07446E-01 7.68799E-01 3.16148E+00 9.22957E+00
 2.75423E+00 6.07865E-01 7.69329E-01 3.15845E+00 9.35895E+00
 2.78612E+00 6.08277E-01 7.69850E-01 3.15498E+00 9.48982E+00
 2.81838E+00 6.08682E-01 7.70363E-01 3.15105E+00 9.62219E+00
 2.85102E+00 6.09081E-01 7.70868E-01 3.14669E+00 9.75608E+00
 2.88403E+00 6.09474E-01 7.71366E-01 3.14190E+00 9.89148E+00
 2.91743E+00 6.09861E-01 7.71855E-01 3.13667E+00 1.00284E+01
 2.95121E+00 6.10241E-01 7.72337E-01 3.13102E+00 1.01669E+01
 2.98538E+00 6.10616E-01 7.72811E-01 3.12494E+00 1.03069E+01
 3.01995E+00 6.10985E-01 7.73278E-01 3.11846E+00 1.04485E+01
 3.05492E+00 6.11348E-01 7.73737E-01 3.11157E+00 1.05916E+01
 3.09030E+00 6.11706E-01 7.74190E-01 3.10427E+00 1.07364E+01
 3.12608E+00 6.12058E-01 7.74636E-01 3.09659E+00 1.08826E+01
 3.16228E+00 6.12405E-01 7.75075E-01 3.08851E+00 1.10305E+01
 3.19890E+00 6.12747E-01 7.75507E-01 3.08005E+00 1.11800E+01
 3.23594E+00 6.13083E-01 7.75933E-01 3.07122E+00 1.13311E+01
 3.27341E+00 6.13415E-01 7.76353E-01 3.06202E+00 1.14838E+01
 3.31131E+00 6.13741E-01 7.76766E-01 3.05246E+00 1.16381E+01
 3.34965E+00 6.14063E-01 7.77173E-01 3.04254E+00 1.17940E+01
 3.38844E+00 6.14380E-01 7.77575E-01 3.03228E+00 1.19516E+01
 3.42768E+00 6.14692E-01 7.77970E-01 3.02168E+00 1.21108E+01
 3.46737E+00 6.15000E-01 7.78360E-01 3.01075E+00 1.22717E+01
 3.50752E+00 6.15304E-01 7.78744E-01 2.99949E+00 1.24342E+01
 3.54813E+00 6.15603E-01 7.79122E-01 2.98792E+00 1.25983E+01
 3.58922E+00 6.15897E-01 7.79495E-01 2.97605E+00 1.27641E+01
 3.63078E+00 6.16188E-01 7.79863E-01 2.96387E+00 1.29316E+01
 3.67282E+00 6.16474E-01 7.80225E-01 2.95140E+00 1.31007E+01
 3.71535E+00 6.16757E-01 7.80583E-01 2.93864E+00 1.32716E+01
 3.75837E+00 6.17035E-01 7.80935E-01 2.92561E+00 1.34440E+01
 3.80189E+00 6.17310E-01 7.81283E-01 2.91231E+00 1.36182E+01
 3.84592E+00 6.17581E-01 7.81625E-01 2.89875E+00 1.37941E+01
 3.89045E+00 6.17848E-01 7.81963E-01 2.88493E+00 1.39716E+01
 3.93550E+00 6.18111E-01 7.82297E-01 2.87088E+00 1.41508E+01
 3.98107E+00 6.18371E-01 7.82626E-01 2.85658E+00 1.43318E+01
 4.02717E+00 6.18627E-01 7.82950E-01 2.84206E+00 1.45144E+01
 4.07380E+00 6.18880E-01 7.83270E-01 2.82731E+00 1.46987E+01
 4.12098E+00 6.19129E-01 7.83585E-01 2.81236E+00 1.48847E+01
 4.16869E+00 6.19375E-01 7.83897E-01 2.79720E+00 1.50723E+01
 4.21697E+00 6.19618E-01 7.84204E-01 2.78184E+00 1.52617E+01
 4.26580E+00 6.19858E-01 7.84507E-01 2.76629E+00 1.54528E+01
 4.31519E+00 6.20094E-01 7.84807E-01 2.75056E+00 1.56455E+01
 4.36516E+00 6.20327E-01 7.85102E-01 2.73465E+00 1.58400E+01
 4.41570E+00 6.20558E-01 7.85393E-01 2.71858E+00 1.60361E+01
 4.46684E+00 6.20785E-01 7.85681E-01 2.70236E+00 1.62339E+01
 4.51856E+00 6.21009E-01 7.85965E-01 2.68597E+00 1.64334E+01
 4.57088E+00 6.21231E-01 7.86245E-01 2.66945E+00 1.66346E+01
 4.62381E+00 6.21449E-01 7.86522E-01 2.65279E+00 1.68374E+01
 4.67735E+00 6.21665E-01 7.86795E-01 2.63600E+00 1.70419E+01
 4.73151E+00 6.21878E-01 7.87065E-01 2.61908E+00 1.72480E+01
 4.78630E+00 6.22089E-01 7.87331E-01 2.60205E+00 1.74558E+01
 4.84172E+00 6.22296E-01 7.87594E-01 2.58492E+00 1.76653E+01
 4.89779E+00 6.22502E-01 7.87854E-01 2.56768E+00 1.78763E+01
 4.95450E+00 6.22704E-01 7.88110E-01 2.55034E+00 1.80890E+01
 5.01187E+00 6.22904E-01 7.88363E-01 2.53292E+00 1.83033E+01
 5.06991E+00 6.23102E-01 7.88613E-01 2.51541E+00 1.85192E+01
 5.12861E+00 6.23297E-01 7.88860E-01 2.49783E+00 1.87367E+01
 5.18800E+00 6.23490E-01 7.89104E-01 2.48018E+00 1.89557E+01
 5.24807E+00 6.23680E-01 7.89345E-01 2.46247E+00 1.91764E+01
 5.30884E+00 6.23868E-01 7.89583E-01 2.44470E+00 1.93985E+01
 5.37032E+00 6.24054E-01 7.89818E-01 2.42687E+00 1.96222E+01
 5.43250E+00 6.24237E-01 7.90051E-01 2.40901E+00 1.98474E+01
 5.49541E+00 6.24419E-01 7.90280E-01 2.39110E+00 2.00741E+01
 5.55904E+00 6.24598E-01 7.90507E-01 2.37315E+00 2.03023E+01
 5.62341E+00 6.24775E-01 7.90731E-01 2.35518E+00 2.05320E+01
 5.68853E+00 6.24950E-01 7.90952E-01 2.33719E+00 2.07631E+01
 5.75440E+00 6.25122E-01 7.91171E-01 2.31917E+00 2.09955E+01
 5.82103E+00 6.25293E-01 7.91387E-01 2.30114E+00 2.12294E+01
 5.88844E+00 6.25462E-01 7.91600E-01 2.28311E+00 2.14647E+01
 5.95662E+00 6.25628E-01 7.91811E-01 2.26507E+00 2.17013E+01
 6.02560E+00 6.25793E-01 7.92019E-01 2.24703E+00 2.19392E+01
 6.09537E+00 6.25956E-01 7.92225E-01 2.22899E+00 2.21784E+01
 6.16595E+00 6.26117E-01 7.92429E-01 2.21097E+00 2.24189E+01
 6.23735E+00 6.26275E-01 7.92630E-01 2.19296E+00 2.26605E+01
 6.30957E+00 6.26433E-01 7.92829E-01 2.17497E+00 2.29034E+01
 6.38263E+00 6.26588E-01 7.93025E-01 2.15700E+00 2.31475E+01
 6.45654E+00 6.26741E-01 7.93219E-01 2.13906E+00 2.33926E+01
 6.53131E+00 6.26893E-01 7.93411E-01 2.12114E+00 2.36389E+01
 6.60693E+00 6.27043E-01 7.93601E-01 2.10326E+00 2.38862E+01
 6.68344E+00 6.27191E-01 7.93788E-01 2.08542E+00 2.41346E+01
 6.76083E+00 6.27337E-01 7.93973E-01 2.06762E+00 2.43839E+01
 6.83912E+00 6.27482E-01 7.94157E-01 2.04987E+00 2.46341E+01
 6.91831E+00 6.27625E-01 7.94338E-01 2.03216E+00 2.48853E+01
 6.99842E+00 6.27766E-01 7.94516E-01 2.01450E+00 2.51372E+01
 7.07946E+00 6.27906E-01 7.94693E-01 1.99690E+00 2.53900E+01
 7.16143E+00 6.28044E-01 7.94868E-01 1.97936E+00 2.56436E+01
 7.24436E+00 6.28180E-01 7.95041E-01 1.96187E+00 2.58978E+01
 7.32825E+00 6.28315E-01 7.95212E-01 1.94445E+00 2.61527E+01
 7.41310E+00 6.28449E-01 7.95380E-01 1.92709E+00 2.64082E+01
 7.49894E+00 6.28580E-01 7.95547E-01 1.90980E+00 2.66642E+01
 7.58578E+00 6.28711E-01 7.95712E-01 1.89258E+00 2.69208E+01
 7.67361E+00 6.28840E-01 7.95875E-01 1.87543E+00 2.71777E+01
 7.76247E+00 6.28967E-01 7.96036E-01 1.85836E+00 2.74350E+01
 7.85236E+00 6.29093E-01 7.96196E-01 1.84136E+00 2.76927E+01
 7.94328E+00 6.29217E-01 7.96353E-01 1.82445E+00 2.79506E+01
 8.03526E+00 6.29340E-01 7.96509E-01 1.80761E+00 2.82087E+01
 8.12831E+00 6.29462E-01 7.96663E-01 1.79086E+00 2.84669E+01
 8.22243E+00 6.29582E-01 7.96815E-01 1.77420E+00 2.87251E+01
 8.31764E+00 6.29701E-01 7.96965E-01 1.75762E+00 2.89834E+01
 8.41395E+00 6.29819E-01 7.97114E-01 1.74112E+00 2.92415E+01
 8.51138E+00 6.29935E-01 7.97261E-01 1.72472E+00 2.94995E+01
 8.60994E+00 6.30050E-01 7.97406E-01 1.70841E+00 2.97573E+01
 8.70964E+00 6.30163E-01 7.97550E-01 1.69219E+00 3.00148E+01
 8.81049E+00 6.30275E-01 7.97692E-01 1.67607E+00 3.02719E+01
 8.91251E+00 6.30386E-01 7.97833E-01 1.66004E+00 3.05285E+01
 9.01571E+00 6.30496E-01 7.97971E-01 1.64411E+00 3.07846E+01
 9.12011E+00 6.30604E-01 7.98109E-01 1.62828E+00 3.10400E+01
 9.22571E+00 6.30712E-01 7.98244E-01 1.61255E+00 3.12947E+01
 9.33254E+00 6.30817E-01 7.98378E-01 1.59691E+00 3.15487E+01
 9.44061E+00 6.30922E-01 7.98511E-01 1.58138E+00 3.18018E+01
 9.54993E+00 6.31026E-01 7.98642E-01 1.56595E+00 3.20539E+01
 9.66051E+00 6.31128E-01 7.98772E-01 1.55062E+00 3.23050E+01
 9.77237E+00 6.31229E-01 7.98900E-01 1.53540E+00 3.25549E+01
 9.88553E+00 6.31329E-01 7.99026E-01 1.52028E+00 3.28036E+01
 1.00000E+01 6.31428E-01 7.99152E-01 1.50526E+00 3.30509E+01
 1.01158E+01 6.31526E-01 7.99275E-01 1.49035E+00 3.32968E+01
 1.02329E+01 6.31623E-01 7.99398E-01 1.47555E+00 3.35413E+01
 1.03514E+01 6.31719E-01 7.99519E-01 1.46085E+00 3.37841E+01
 1.04713E+01 6.31813E-01 7.99638E-01 1.44626E+00 3.40252E+01
 1.05925E+01 6.31906E-01 7.99757E-01 1.43178E+00 3.42645E+01
 1.07152E+01 6.31999E-01 7.99873E-01 1.41741E+00 3.45019E+01
 1.08393E+01 6.32090E-01 7.99989E-01 1.40314E+00 3.47372E+01
 1.09648E+01 6.32180E-01 8.00103E-01 1.38898E+00 3.49705E+01
 1.10917E+01 6.32270E-01 8.00216E-01 1.37493E+00 3.52016E+01
 1.12202E+01 6.32358E-01 8.00328E-01 1.36099E+00 3.54304E+01
 1.13501E+01 6.32445E-01 8.00438E-01 1.34716E+00 3.56568E+01
 1.14815E+01 6.32531E-01 8.00547E-01 1.33344E+00 3.58806E+01
 1.16145E+01 6.32617E-01 8.00655E-01 1.31983E+00 3.61019E+01
 1.17490E+01 6.32701E-01 8.00762E-01 1.30632E+00 3.63204E+01
 1.18850E+01 6.32784E-01 8.00867E-01 1.29293E+00 3.65361E+01
 1.20226E+01 6.32867E-01 8.00972E-01 1.27964E+00 3.67489E+01
 1.21619E+01 6.32948E-01 8.01075E-01 1.26647E+00 3.69587E+01
 1.23027E+01 6.33028E-01 8.01177E-01 1.25340E+00 3.71654E+01
 1.24451E+01 6.33108E-01 8.01277E-01 1.24044E+00 3.73688E+01
 1.25893E+01 6.33187E-01 8.01377E-01 1.22760E+00 3.75689E+01
 1.27350E+01 6.33264E-01 8.01475E-01 1.21486E+00 3.77656E+01
 1.28825E+01 6.33341E-01 8.01573E-01 1.20223E+00 3.79588E+01
 1.30317E+01 6.33417E-01 8.01669E-01 1.18970E+00 3.81483E+01
 1.31826E+01 6.33493E-01 8.01764E-01 1.17729E+00 3.83341E+01
 1.33352E+01 6.33567E-01 8.01858E-01 1.16498E+00 3.85161E+01
 1.34896E+01 6.33640E-01 8.01951E-01 1.15278E+00 3.86942E+01
 1.36458E+01 6.33713E-01 8.02043E-01 1.14069E+00 3.88683E+01
 1.38038E+01 6.33785E-01 8.02134E-01 1.12871E+00 3.90382E+01
 1.39637E+01 6.33856E-01 8.02224E-01 1.11683E+00 3.92040E+01
 1.41254E+01 6.33926E-01 8.02312E-01 1.10506E+00 3.93655E+01
 1.42889E+01 6.33995E-01 8.02400E-01 1.09339E+00 3.95226E+01
 1.44544E+01 6.34064E-01 8.02487E-01 1.08183E+00 3.96752E+01
 1.46218E+01 6.34132E-01 8.02573E-01 1.07038E+00 3.98233E+01
 1.47911E+01 6.34199E-01 8.02658E-01 1.05903E+00 3.99667E+01
 1.49624E+01 6.34265E-01 8.02742E-01 1.04778E+00 4.01055E+01
 1.51356E+01 6.34330E-01 8.02824E-01 1.03664E+00 4.02394E+01
 1.53109E+01 6.34395E-01 8.02906E-01 1.02560E+00 4.03685E+01
 1.54882E+01 6.34459E-01 8.02987E-01 1.01466E+00 4.04926E+01
 1.56675E+01 6.34522E-01 8.03068E-01 1.00383E+00 4.06117E+01
 1.58489E+01 6.34585E-01 8.03147E-01 9.93092E-01 4.07258E+01
 1.60325E+01 6.34647E-01 8.03225E-01 9.82460E-01 4.08347E+01
 1.62181E+01 6.34708E-01 8.03302E-01 9.71996E-01 4.09384E+01
 1.64059E+01 6.34768E-01 8.03379E-01 9.72088E-01 4.10368E+01
 1.65959E+01 6.34828E-01 8.03455E-01 9.72180E-01 4.11299E+01
 1.67880E+01 6.34887E-01 8.03529E-01 9.72270E-01 4.12176E+01
 1.69824E+01 6.34946E-01 8.03603E-01 9.72360E-01 4.12999E+01
 1.71791E+01 6.35003E-01 8.03676E-01 9.72448E-01 4.13767E+01
 1.73780E+01 6.35061E-01 8.03749E-01 9.72536E-01 4.14481E+01
 1.75792E+01 6.35117E-01 8.03820E-01 9.72622E-01 4.15138E+01
 1.77828E+01 6.35173E-01 8.03891E-01 9.72708E-01 4.15740E+01
 1.79887E+01 6.35228E-01 8.03960E-01 9.72792E-01 4.16285E+01
 1.81970E+01 6.35282E-01 8.04029E-01 9.72876E-01 4.16774E+01
 1.84077E+01 6.35336E-01 8.04098E-01 9.72958E-01 4.17206E+01
 1.86209E+01 6.35390E-01 8.04165E-01 9.73040E-01 4.17581E+01
 1.88365E+01 6.35442E-01 8.04232E-01 9.73120E-01 4.17899E+01
 1.90546E+01 6.35494E-01 8.04298E-01 9.73200E-01 4.18159E+01
 1.92752E+01 6.35546E-01 8.04363E-01 9.73279E-01 4.18362E+01
 1.94984E+01 6.35597E-01 8.04427E-01 9.73357E-01 4.18508E+01
 1.97242E+01 6.35647E-01 8.04491E-01 9.73434E-01 4.18596E+01
 1.99526E+01 6.35697E-01 8.04554E-01 9.73510E-01 4.18627E+01
 2.01837E+01 6.35746E-01 8.04616E-01 9.73585E-01 4.18600E+01
 2.04174E+01 6.35795E-01 8.04678E-01 9.73660E-01 4.18516E+01
 2.06538E+01 6.35843E-01 8.04738E-01 9.73734E-01 4.18374E+01
 2.08930E+01 6.35890E-01 8.04799E-01 9.73806E-01 4.18176E+01
 2.11349E+01 6.35937E-01 8.04858E-01 9.73878E-01 4.17920E+01
 2.13796E+01 6.35984E-01 8.04917E-01 9.73949E-01 4.17608E+01
 2.16272E+01 6.36030E-01 8.04975E-01 9.74020E-01 4.17240E+01
 2.18776E+01 6.36075E-01 8.05032E-01 9.74089E-01 4.16815E+01
 2.21309E+01 6.36120E-01 8.05089E-01 9.74158E-01 4.16335E+01
 2.23872E+01 6.36164E-01 8.05145E-01 9.74226E-01 4.15800E+01
 2.26464E+01 6.36208E-01 8.05201E-01 9.74293E-01 4.15209E+01
 2.29087E+01 6.36251E-01 8.05256E-01 9.74359E-01 4.14564E+01
 2.31739E+01 6.36294E-01 8.05310E-01 9.74425E-01 4.13866E+01
 2.34423E+01 6.36337E-01 8.05363E-01 9.74490E-01 4.13113E+01
 2.37137E+01 6.36378E-01 8.05416E-01 9.74554E-01 4.12308E+01
 2.39883E+01 6.36420E-01 8.05469E-01 9.74617E-01 4.11451E+01
 2.42661E+01 6.36461E-01 8.05521E-01 9.74680E-01 4.10541E+01
 2.45471E+01 6.36501E-01 8.05572E-01 9.74742E-01 4.09581E+01
 2.48313E+01 6.36541E-01 8.05622E-01 9.74803E-01 4.08570E+01
 2.51189E+01 6.36581E-01 8.05672E-01 9.74864E-01 4.07509E+01
 2.54097E+01 6.36620E-01 8.05722E-01 9.74924E-01 4.06400E+01
 2.57040E+01 6.36658E-01 8.05771E-01 9.74983E-01 4.05242E+01
 2.60016E+01 6.36697E-01 8.05819E-01 9.75041E-01 4.04036E+01
 2.63027E+01 6.36734E-01 8.05867E-01 9.75099E-01 4.02784E+01
 2.66073E+01 6.36772E-01 8.05914E-01 9.75156E-01 4.01486E+01
 2.69153E+01 6.36809E-01 8.05961E-01 9.75213E-01 4.00143E+01
 2.72270E+01 6.36845E-01 8.06007E-01 9.75269E-01 3.98755E+01
 2.75423E+01 6.36881E-01 8.06053E-01 9.75324E-01 3.97324E+01
 2.78612E+01 6.36917E-01 8.06098E-01 9.75378E-01 3.95851E+01
 2.81838E+01 6.36952E-01 8.06143E-01 9.75432E-01 3.94336E+01
 2.85102E+01 6.36987E-01 8.06187E-01 9.75486E-01 3.92780E+01
 2.88403E+01 6.37021E-01 8.06230E-01 9.75539E-01 3.91184E+01
 2.91743E+01 6.37055E-01 8.06273E-01 9.75591E-01 3.89550E+01
 2.95121E+01 6.37089E-01 8.06316E-01 9.75642E-01 3.87878E+01
 2.98538E+01 6.37122E-01 8.06358E-01 9.75693E-01 3.86168E+01
 3.01995E+01 6.37155E-01 8.06400E-01 9.75744E-01 3.84423E+01
 3.05492E+01 6.37188E-01 8.06441E-01 9.75793E-01 3.82643E+01
 3.09030E+01 6.37220E-01 8.06482E-01 9.75843E-01 3.80828E+01
 3.12608E+01 6.37252E-01 8.06522E-01 9.75891E-01 3.78981E+01
 3.16228E+01 6.37283E-01 8.06562E-01 9.75939E-01 3.77102E+01
 3.19890E+01 6.37314E-01 8.06601E-01 9.75987E-01 3.75191E+01
 3.23594E+01 6.37345E-01 8.06640E-01 9.76034E-01 3.73251E+01
 3.27341E+01 6.37375E-01 8.06678E-01 9.76081E-01 3.71281E+01
 3.31131E+01 6.37405E-01 8.06716E-01 9.76127E-01 3.69283E+01
 3.34965E+01 6.37435E-01 8.06754E-01 9.76172E-01 3.67258E+01
 3.38844E+01 6.37464E-01 8.06791E-01 9.76217E-01 3.65208E+01
 3.42768E+01 6.37493E-01 8.06828E-01 9.76261E-01 3.63132E+01
 3.46737E+01 6.37522E-01 8.06864E-01 9.76305E-01 3.61032E+01
 3.50752E+01 6.37550E-01 8.06900E-01 9.76349E-01 3.58908E+01
 3.54813E+01 6.37578E-01 8.06935E-01 9.76392E-01 3.56763E+01
 3.58922E+01 6.37606E-01 8.06970E-01 9.76434E-01 3.54597E+01
 3.63078E+01 6.37633E-01 8.07005E-01 9.76476E-01 3.52410E+01
 3.67282E+01 6.37661E-01 8.07039E-01 9.76517E-01 3.50204E+01
 3.71535E+01 6.37687E-01 8.07073E-01 9.76558E-01 3.47980E+01
 3.75837E+01 6.37714E-01 8.07106E-01 9.76599E-01 3.45738E+01
 3.80189E+01 6.37740E-01 8.07140E-01 9.76639E-01 3.43480E+01
 3.84592E+01 6.37766E-01 8.07172E-01 9.76678E-01 3.41207E+01
 3.89045E+01 6.37791E-01 8.07205E-01 9.76718E-01 3.38919E+01
 3.93550E+01 6.37817E-01 8.07237E-01 9.76756E-01 3.36617E+01
 3.98107E+01 6.37842E-01 8.07268E-01 9.76794E-01 3.34303E+01
 4.02717E+01 6.37866E-01 8.07299E-01 9.76832E-01 3.31976E+01
 4.07380E+01 6.37891E-01 8.07330E-01 9.76870E-01 3.29639E+01
 4.12098E+01 6.37915E-01 8.07361E-01 9.76907E-01 3.27291E+01
 4.16869E+01 6.37939E-01 8.07391E-01 9.76943E-01 3.24934E+01
 4.21697E+01 6.37962E-01 8.07421E-01 9.76979E-01 3.22568E+01
 4.26580E+01 6.37985E-01 8.07450E-01 9.77015E-01 3.20195E+01
 4.31519E+01 6.38009E-01 8.07480E-01 9.77050E-01 3.17815E+01
 4.36516E+01 6.38031E-01 8.07508E-01 9.77085E-01 3.15429E+01
 4.41570E+01 6.38054E-01 8.07537E-01 9.77120E-01 3.13037E+01
 4.46684E+01 6.38076E-01 8.07565E-01 9.77154E-01 3.10640E+01
 4.51856E+01 6.38098E-01 8.07593E-01 9.77187E-01 3.08240E+01
 4.57088E+01 6.38120E-01 8.07620E-01 9.77221E-01 3.05836E+01
 4.62381E+01 6.38141E-01 8.07648E-01 9.77254E-01 3.03430E+01
 4.67735E+01 6.38163E-01 8.07675E-01 9.77286E-01 3.01023E+01
 4.73151E+01 6.38184E-01 8.07701E-01 9.77318E-01 2.98614E+01
 4.78630E+01 6.38204E-01 8.07727E-01 9.77350E-01 2.96204E+01
 4.84172E+01 6.38225E-01 8.07753E-01 9.77382E-01 2.93795E+01
 4.89779E+01 6.38245E-01 8.07779E-01 9.77413E-01 2.91387E+01
 4.95450E+01 6.38265E-01 8.07805E-01 9.77443E-01 2.88980E+01
 5.01187E+01 6.38285E-01 8.07830E-01 9.77474E-01 2.86575E+01
 5.06991E+01 6.38305E-01 8.07854E-01 9.77504E-01 2.84173E+01
 5.12861E+01 6.38324E-01 8.07879E-01 9.77534E-01 2.81774E+01
 5.18800E+01 6.38343E-01 8.07903E-01 9.77563E-01 2.79378E+01
 5.24807E+01 6.38362E-01 8.07927E-01 9.77592E-01 2.76987E+01
 5.30884E+01 6.38381E-01 8.07951E-01 9.77621E-01 2.74600E+01
 5.37032E+01 6.38400E-01 8.07974E-01 9.77649E-01 2.72219E+01
 5.43250E+01 6.38418E-01 8.07998E-01 9.77677E-01 2.69844E+01
 5.49541E+01 6.38436E-01 8.08020E-01 9.77705E-01 2.67474E+01
 5.55904E+01 6.38454E-01 8.08043E-01 9.77732E-01 2.65112E+01
 5.62341E+01 6.38472E-01 8.08066E-01 9.77759E-01 2.62756E+01
 5.68853E+01 6.38489E-01 8.08088E-01 9.77786E-01 2.60408E+01
 5.75440E+01 6.38506E-01 8.08110E-01 9.77813E-01 2.58068E+01
 5.82103E+01 6.38523E-01 8.08131E-01 9.77839E-01 2.55737E+01
 5.88844E+01 6.38540E-01 8.08153E-01 9.77865E-01 2.53413E+01
 5.95662E+01 6.38557E-01 8.08174E-01 9.77890E-01 2.51100E+01
 6.02560E+01 6.38573E-01 8.08195E-01 9.77915E-01 2.48795E+01
 6.09537E+01 6.38590E-01 8.08215E-01 9.77940E-01 2.46500E+01
 6.16595E+01 6.38606E-01 8.08236E-01 9.77965E-01 2.44216E+01
 6.23735E+01 6.38622E-01 8.08256E-01 9.77990E-01 2.41942E+01
 6.30957E+01 6.38638E-01 8.08276E-01 9.78014E-01 2.39678E+01
 6.38263E+01 6.38653E-01 8.08296E-01 9.78038E-01 2.37426E+01
 6.45654E+01 6.38669E-01 8.08315E-01 9.78061E-01 2.35184E+01
 6.53131E+01 6.38684E-01 8.08334E-01 9.78084E-01 2.32955E+01
 6.60693E+01 6.38699E-01 8.08353E-01 9.78108E-01 2.30737E+01
 6.68344E+01 6.38714E-01 8.08372E-01 9.78130E-01 2.28531E+01
 6.76083E+01 6.38729E-01 8.08391E-01 9.78153E-01 2.26338E+01
 6.83912E+01 6.38743E-01 8.08409E-01 9.78175E-01 2.24157E+01
 6.91831E+01 6.38757E-01 8.08427E-01 9.78197E-01 2.21988E+01
 6.99842E+01 6.38772E-01 8.08445E-01 9.78219E-01 2.19833E+01
 7.07946E+01 6.38786E-01 8.08463E-01 9.78240E-01 2.17691E+01
 7.16143E+01 6.38800E-01 8.08481E-01 9.78262E-01 2.15562E+01
 7.24436E+01 6.38813E-01 8.08498E-01 9.78283E-01 2.13446E+01
 7.32825E+01 6.38827E-01 8.08515E-01 9.78304E-01 2.11344E+01
 7.41310E+01 6.38840E-01 8.08532E-01 9.78324E-01 2.09256E+01
 7.49894E+01 6.38854E-01 8.08549E-01 9.78344E-01 2.07181E+01
 7.58578E+01 6.38867E-01 8.08566E-01 9.78365E-01 2.05121E+01
 7.67361E+01 6.38880E-01 8.08582E-01 9.78384E-01 2.03074E+01
 7.76247E+01 6.38893E-01 8.08598E-01 9.78404E-01 2.01042E+01
 7.85236E+01 6.38905E-01 8.08614E-01 9.78423E-01 1.99024E+01
 7.94328E+01 6.38918E-01 8.08630E-01 9.78443E-01 1.97021E+01
 8.03526E+01 6.38930E-01 8.08646E-01 9.78462E-01 1.95032E+01
 8.12831E+01 6.38942E-01 8.08661E-01 9.78480E-01 1.93058E+01
 8.22243E+01 6.38954E-01 8.08677E-01 9.78499E-01 1.91098E+01
 8.31764E+01 6.38966E-01 8.08692E-01 9.78517E-01 1.89153E+01
 8.41395E+01 6.38978E-01 8.08707E-01 9.78535E-01 1.87223E+01
 8.51138E+01 6.38990E-01 8.08722E-01 9.78553E-01 1.85308E+01
 8.60994E+01 6.39002E-01 8.08736E-01 9.78571E-01 1.83408E+01
 8.70964E+01 6.39013E-01 8.08751E-01 9.78588E-01 1.81522E+01
 8.81049E+01 6.39024E-01 8.08765E-01 9.78606E-01 1.79652E+01
 8.91251E+01 6.39035E-01 8.08779E-01 9.78623E-01 1.77796E+01
 9.01571E+01 6.39046E-01 8.08793E-01 9.78640E-01 1.75956E+01
 9.12011E+01 6.39057E-01 8.08807E-01 9.78656E-01 1.74131E+01
 9.22571E+01 6.39068E-01 8.08821E-01 9.78673E-01 1.72320E+01
 9.33254E+01 6.39079E-01 8.08834E-01 9.78689E-01 1.70525E+01
 9.44061E+01 6.39089E-01 8.08847E-01 9.78705E-01 1.68744E+01
 9.54993E+01 6.39100E-01 8.08861E-01 9.78721E-01 1.66979E+01
 9.66051E+01 6.39110E-01 8.08874E-01 9.78737E-01 1.65229E+01
 9.77237E+01 6.39120E-01 8.08887E-01 9.78753E-01 1.63493E+01
 9.88553E+01 6.39130E-01 8.08899E-01 9.78768E-01 1.61773E+01
 1.00000E+02 6.39140E-01 8.08912E-01 9.78783E-01 1.60068E+01
