 1.00000E-02 6.78208E-02 9.31663E-02 1.24027E-01 1.28041E-01
 2.00000E-02 6.80403E-02 9.34580E-02 1.24274E-01 1.28369E-01
 3.00000E-02 6.83987E-02 9.38547E-02 1.24690E-01 1.28775E-01
 4.00000E-02 6.88871E-02 9.44109E-02 1.25268E-01 1.29340E-01
 5.00000E-02 6.95116E-02 9.51234E-02 1.26004E-01 1.30075E-01
 6.00000E-02 7.02747E-02 9.59908E-02 1.26900E-01 1.30967E-01
 7.00000E-02 7.11707E-02 9.70111E-02 1.27956E-01 1.32018E-01
 8.00000E-02 7.21971E-02 9.81835E-02 1.29174E-01 1.33229E-01
 9.00000E-02 7.33520E-02 9.95028E-02 1.30547E-01 1.34595E-01
 1.00000E-01 7.46320E-02 1.00968E-01 1.32074E-01 1.36117E-01
 1.10000E-01 7.60323E-02 1.02573E-01 1.33753E-01 1.37792E-01
 1.20000E-01 7.75496E-02 1.04315E-01 1.35581E-01 1.39614E-01
 1.30000E-01 7.91786E-02 1.06189E-01 1.37552E-01 1.41582E-01
 1.40000E-01 8.09152E-02 1.08190E-01 1.39663E-01 1.43691E-01
 1.50000E-01 8.27539E-02 1.10312E-01 1.41910E-01 1.45936E-01
 1.60000E-01 8.46897E-02 1.12550E-01 1.44286E-01 1.48311E-01
 1.70000E-01 8.67176E-02 1.14897E-01 1.46785E-01 1.50812E-01
 1.80000E-01 8.88324E-02 1.17349E-01 1.49403E-01 1.53432E-01
 1.90000E-01 9.10285E-02 1.19899E-01 1.52134E-01 1.56167E-01
 2.00000E-01 9.33016E-02 1.22542E-01 1.54970E-01 1.59008E-01
 2.10000E-01 9.56461E-02 1.25270E-01 1.57906E-01 1.61951E-01
 2.20000E-01 9.80572E-02 1.28080E-01 1.60934E-01 1.64988E-01
 2.30000E-01 1.00530E-01 1.30964E-01 1.64049E-01 1.68113E-01
 2.40000E-01 1.03061E-01 1.33917E-01 1.67245E-01 1.71320E-01
 2.50000E-01 1.05645E-01 1.36934E-01 1.70514E-01 1.74601E-01
 2.60000E-01 1.08278E-01 1.40010E-01 1.73851E-01 1.77952E-01
 2.70000E-01 1.10956E-01 1.43140E-01 1.77250E-01 1.81365E-01
 2.80000E-01 1.13675E-01 1.46319E-01 1.80704E-01 1.84835E-01
 2.90000E-01 1.16431E-01 1.49542E-01 1.84209E-01 1.88356E-01
 3.00000E-01 1.19222E-01 1.52805E-01 1.87758E-01 1.91922E-01
 3.10000E-01 1.22044E-01 1.56104E-01 1.91348E-01 1.95529E-01
 3.20000E-01 1.24893E-01 1.59436E-01 1.94972E-01 1.99170E-01
 3.30000E-01 1.27768E-01 1.62796E-01 1.98626E-01 2.02843E-01
 3.40000E-01 1.30665E-01 1.66181E-01 2.02306E-01 2.06541E-01
 3.50000E-01 1.33582E-01 1.69588E-01 2.06008E-01 2.10260E-01
 3.60000E-01 1.36516E-01 1.73013E-01 2.09728E-01 2.13997E-01
 3.70000E-01 1.39465E-01 1.76455E-01 2.13461E-01 2.17748E-01
 3.80000E-01 1.42427E-01 1.79910E-01 2.17206E-01 2.21509E-01
 3.90000E-01 1.45400E-01 1.83376E-01 2.20958E-01 2.25277E-01
 4.00000E-01 1.48382E-01 1.86851E-01 2.24715E-01 2.29049E-01
 4.10000E-01 1.51371E-01 1.90332E-01 2.28473E-01 2.32823E-01
 4.20000E-01 1.54366E-01 1.93818E-01 2.32231E-01 2.36594E-01
 4.30000E-01 1.57364E-01 1.97305E-01 2.35986E-01 2.40362E-01
 4.40000E-01 1.60365E-01 2.00794E-01 2.39736E-01 2.44124E-01
 4.50000E-01 1.63368E-01 2.04282E-01 2.43478E-01 2.47877E-01
 4.60000E-01 1.66370E-01 2.07767E-01 2.47212E-01 2.51620E-01
 4.70000E-01 1.69371E-01 2.11249E-01 2.50934E-01 2.55351E-01
 4.80000E-01 1.72369E-01 2.14725E-01 2.54644E-01 2.59068E-01
 4.90000E-01 1.75363E-01 2.18195E-01 2.58340E-01 2.62770E-01
 5.00000E-01 1.78353E-01 2.21658E-01 2.62021E-01 2.66455E-01
 5.10000E-01 1.81337E-01 2.25112E-01 2.65685E-01 2.70123E-01
 5.20000E-01 1.84314E-01 2.28557E-01 2.69332E-01 2.73771E-01
 5.30000E-01 1.87284E-01 2.31991E-01 2.72960E-01 2.77399E-01
 5.40000E-01 1.90245E-01 2.35414E-01 2.76569E-01 2.81007E-01
 5.50000E-01 1.93198E-01 2.38825E-01 2.80157E-01 2.84592E-01
 5.60000E-01 1.96140E-01 2.42224E-01 2.83724E-01 2.88155E-01
 5.70000E-01 1.99072E-01 2.45609E-01 2.87269E-01 2.91905E-01
 5.80000E-01 2.01993E-01 2.48980E-01 2.92338E-01 2.98214E-01
 5.90000E-01 2.04903E-01 2.52336E-01 2.98483E-01 3.04482E-01
 6.00000E-01 2.07799E-01 2.55678E-01 3.04586E-01 3.10708E-01
 6.10000E-01 2.10684E-01 2.59004E-01 3.10646E-01 3.16890E-01
 6.20000E-01 2.13554E-01 2.62314E-01 3.16662E-01 3.23027E-01
 6.30000E-01 2.16411E-01 2.66638E-01 3.22632E-01 3.29117E-01
 6.40000E-01 2.19254E-01 2.71533E-01 3.28555E-01 3.35159E-01
 6.50000E-01 2.22082E-01 2.76389E-01 3.34430E-01 3.41152E-01
 6.60000E-01 2.24895E-01 2.81204E-01 3.40257E-01 3.47096E-01
 6.70000E-01 2.27692E-01 2.85978E-01 3.46033E-01 3.52989E-01
 6.80000E-01 2.30474E-01 2.90710E-01 3.51759E-01 3.58830E-01
 6.90000E-01 2.33403E-01 2.95400E-01 3.57434E-01 3.64619E-01
 7.00000E-01 2.37074E-01 3.00047E-01 3.63057E-01 3.70355E-01
 7.10000E-01 2.40712E-01 3.04651E-01 3.68627E-01 3.76037E-01
 7.20000E-01 2.44315E-01 3.09211E-01 3.74145E-01 3.81665E-01
 7.30000E-01 2.47883E-01 3.13726E-01 3.79609E-01 3.87239E-01
 7.40000E-01 2.51415E-01 3.18198E-01 3.85019E-01 3.92758E-01
 7.50000E-01 2.54913E-01 3.22624E-01 3.90375E-01 3.98222E-01
 7.60000E-01 2.58375E-01 3.27006E-01 3.95677E-01 4.03630E-01
 7.70000E-01 2.61801E-01 3.31342E-01 4.00924E-01 4.08983E-01
 7.80000E-01 2.65192E-01 3.35634E-01 4.06117E-01 4.14280E-01
 7.90000E-01 2.68547E-01 3.39880E-01 4.11254E-01 4.19521E-01
 8.00000E-01 2.71866E-01 3.44080E-01 4.16337E-01 4.24706E-01
 8.10000E-01 2.75149E-01 3.48236E-01 4.21365E-01 4.29835E-01
 8.20000E-01 2.78397E-01 3.52346E-01 4.26339E-01 4.34908E-01
 8.30000E-01 2.81609E-01 3.56411E-01 4.31257E-01 4.39925E-01
 8.40000E-01 2.84785E-01 3.60431E-01 4.36121E-01 4.44887E-01
 8.50000E-01 2.87925E-01 3.64405E-01 4.40930E-01 4.49793E-01
 8.60000E-01 2.91030E-01 3.68335E-01 4.45685E-01 4.54644E-01
 8.70000E-01 2.94100E-01 3.72220E-01 4.50386E-01 4.59439E-01
 8.80000E-01 2.97134E-01 3.76060E-01 4.55033E-01 4.64179E-01
 8.90000E-01 3.00134E-01 3.79857E-01 4.59626E-01 4.68865E-01
 9.00000E-01 3.03098E-01 3.83609E-01 4.64166E-01 4.73496E-01
 9.10000E-01 3.06028E-01 3.87317E-01 4.68653E-01 4.78073E-01
 9.20000E-01 3.08924E-01 3.90981E-01 4.73088E-01 4.82597E-01
 9.30000E-01 3.11785E-01 3.94603E-01 4.77469E-01 4.87067E-01
 9.40000E-01 3.14612E-01 3.98181E-01 4.81799E-01 4.91483E-01
 9.50000E-01 3.17406E-01 4.01717E-01 4.86077E-01 4.95848E-01
 9.60000E-01 3.20166E-01 4.05210E-01 4.90304E-01 5.00160E-01
 9.70000E-01 3.22893E-01 4.08662E-01 4.94481E-01 5.04420E-01
 9.80000E-01 3.25587E-01 4.12071E-01 4.98606E-01 5.08628E-01
 9.90000E-01 3.28249E-01 4.15440E-01 5.02682E-01 5.12786E-01
 1.00000E+00 3.30878E-01 4.18767E-01 5.06709E-01 5.16893E-01
 1.01158E+00 3.33882E-01 4.22570E-01 5.11310E-01 5.21587E-01
 1.02329E+00 3.36878E-01 4.26362E-01 5.15898E-01 5.26267E-01
 1.03514E+00 3.39865E-01 4.30142E-01 5.20472E-01 5.30934E-01
 1.04713E+00 3.42843E-01 4.33911E-01 5.25032E-01 5.35585E-01
 1.05925E+00 3.45810E-01 4.37666E-01 5.29576E-01 5.40220E-01
 1.07152E+00 3.48767E-01 4.41408E-01 5.34103E-01 5.44839E-01
 1.08393E+00 3.51712E-01 4.45135E-01 5.38614E-01 5.49440E-01
 1.09648E+00 3.54645E-01 4.48848E-01 5.43106E-01 5.54022E-01
 1.10917E+00 3.57566E-01 4.52545E-01 5.47579E-01 5.58585E-01
 1.12202E+00 3.60474E-01 4.56225E-01 5.52033E-01 5.63128E-01
 1.13501E+00 3.63369E-01 4.59889E-01 5.56465E-01 5.67650E-01
 1.14815E+00 3.66250E-01 4.63535E-01 5.60877E-01 5.72151E-01
 1.16145E+00 3.69116E-01 4.67162E-01 5.65266E-01 5.76628E-01
 1.17490E+00 3.71967E-01 4.70771E-01 5.69633E-01 5.81083E-01
 1.18850E+00 3.74803E-01 4.74361E-01 5.73976E-01 5.85513E-01
 1.20226E+00 3.77624E-01 4.77930E-01 5.78295E-01 5.89919E-01
 1.21619E+00 3.80428E-01 4.81479E-01 5.82589E-01 5.94299E-01
 1.23027E+00 3.83215E-01 4.85006E-01 5.86858E-01 5.98653E-01
 1.24451E+00 3.85985E-01 4.88512E-01 5.91100E-01 6.02981E-01
 1.25893E+00 3.88738E-01 4.91996E-01 5.95315E-01 6.07281E-01
 1.27350E+00 3.91473E-01 4.95457E-01 5.99504E-01 6.11554E-01
 1.28825E+00 3.94189E-01 4.98896E-01 6.03664E-01 6.15797E-01
 1.30317E+00 3.96887E-01 5.02310E-01 6.07795E-01 6.20012E-01
 1.31826E+00 3.99566E-01 5.05701E-01 6.11898E-01 6.24197E-01
 1.33352E+00 4.02226E-01 5.09067E-01 6.15971E-01 6.28352E-01
 1.34896E+00 4.04866E-01 5.12409E-01 6.20015E-01 6.32477E-01
 1.36458E+00 4.07487E-01 5.15725E-01 6.24028E-01 6.36571E-01
 1.38038E+00 4.10087E-01 5.19016E-01 6.28010E-01 6.40633E-01
 1.39637E+00 4.12667E-01 5.22281E-01 6.31960E-01 6.44663E-01
 1.41254E+00 4.15226E-01 5.25520E-01 6.35879E-01 6.48661E-01
 1.42889E+00 4.17764E-01 5.28733E-01 6.39767E-01 6.52626E-01
 1.44544E+00 4.20281E-01 5.31918E-01 6.43621E-01 6.56558E-01
 1.46218E+00 4.22777E-01 5.35077E-01 6.47443E-01 6.60457E-01
 1.47911E+00 4.25251E-01 5.38209E-01 6.51233E-01 6.64322E-01
 1.49624E+00 4.27704E-01 5.41313E-01 6.54988E-01 6.68154E-01
 1.51356E+00 4.30135E-01 5.44389E-01 6.58711E-01 6.71951E-01
 1.53109E+00 4.32543E-01 5.47438E-01 6.62400E-01 6.75714E-01
 1.54882E+00 4.34930E-01 5.50458E-01 6.66055E-01 6.79442E-01
 1.56675E+00 4.37294E-01 5.53451E-01 6.69675E-01 6.83136E-01
 1.58489E+00 4.39636E-01 5.56415E-01 6.73262E-01 6.86794E-01
 1.60325E+00 4.41956E-01 5.59350E-01 6.76814E-01 6.90418E-01
 1.62181E+00 4.44253E-01 5.62257E-01 6.80331E-01 6.94006E-01
 1.64059E+00 4.46527E-01 5.65136E-01 6.83814E-01 6.97559E-01
 1.65959E+00 4.48779E-01 5.67986E-01 6.87263E-01 7.01077E-01
 1.67880E+00 4.51008E-01 5.70807E-01 6.90676E-01 7.04559E-01
 1.69824E+00 4.53214E-01 5.73599E-01 6.94055E-01 7.08005E-01
 1.71791E+00 4.55398E-01 5.76362E-01 6.97399E-01 7.11416E-01
 1.73780E+00 4.57558E-01 5.79097E-01 7.00708E-01 7.14792E-01
 1.75792E+00 4.59696E-01 5.81803E-01 7.03982E-01 7.18132E-01
 1.77828E+00 4.61811E-01 5.84480E-01 7.07221E-01 7.21436E-01
 1.79887E+00 4.63904E-01 5.87128E-01 7.10425E-01 7.24705E-01
 1.81970E+00 4.65974E-01 5.89748E-01 7.13595E-01 7.27938E-01
 1.84077E+00 4.68021E-01 5.92339E-01 7.16730E-01 7.31136E-01
 1.86209E+00 4.70046E-01 5.94901E-01 7.19831E-01 7.34299E-01
 1.88365E+00 4.72048E-01 5.97435E-01 7.22897E-01 7.37427E-01
 1.90546E+00 4.74027E-01 5.99941E-01 7.25929E-01 7.40520E-01
 1.92752E+00 4.75985E-01 6.02418E-01 7.28926E-01 7.43577E-01
 1.94984E+00 4.77920E-01 6.04867E-01 7.31889E-01 7.46600E-01
 1.97242E+00 4.79833E-01 6.07288E-01 7.34819E-01 7.49589E-01
 1.99526E+00 4.81724E-01 6.09682E-01 7.37715E-01 7.52543E-01
 2.01837E+00 4.83593E-01 6.12047E-01 7.40577E-01 7.55463E-01
 2.04174E+00 4.85440E-01 6.14385E-01 7.43406E-01 7.58348E-01
 2.06538E+00 4.87265E-01 6.16695E-01 7.46201E-01 7.61200E-01
 2.08930E+00 4.89069E-01 6.18979E-01 7.48964E-01 7.64018E-01
 2.11349E+00 4.90852E-01 6.21235E-01 7.51694E-01 7.66803E-01
 2.13796E+00 4.92614E-01 6.23464E-01 7.54391E-01 7.69555E-01
 2.16272E+00 4.94354E-01 6.25667E-01 7.57057E-01 7.72273E-01
 2.18776E+00 4.96073E-01 6.27843E-01 7.59690E-01 7.74960E-01
 2.21309E+00 4.97772E-01 6.29993E-01 7.62291E-01 7.77613E-01
 2.23872E+00 4.99450E-01 6.32117E-01 7.64861E-01 7.80235E-01
 2.26464E+00 5.01108E-01 6.34215E-01 7.67400E-01 7.82824E-01
 2.29087E+00 5.02745E-01 6.36287E-01 7.69907E-01 7.85382E-01
 2.31739E+00 5.04363E-01 6.38334E-01 7.72384E-01 7.87909E-01
 2.34423E+00 5.05960E-01 6.40356E-01 7.74831E-01 7.90405E-01
 2.37137E+00 5.07538E-01 6.42353E-01 7.77247E-01 7.92870E-01
 2.39883E+00 5.09097E-01 6.44326E-01 7.79634E-01 7.95305E-01
 2.42661E+00 5.10636E-01 6.46274E-01 7.81991E-01 8.00804E-01
 2.45471E+00 5.12156E-01 6.48198E-01 7.84319E-01 8.14573E-01
 2.48313E+00 5.13657E-01 6.50098E-01 7.86618E-01 8.28526E-01
 2.51189E+00 5.15140E-01 6.51974E-01 7.88889E-01 8.42666E-01
 2.54097E+00 5.16604E-01 6.53827E-01 7.91131E-01 8.56992E-01
 2.57040E+00 5.18050E-01 6.55657E-01 7.93345E-01 8.71506E-01
 2.60016E+00 5.19478E-01 6.57464E-01 7.95532E-01 8.86208E-01
 2.63027E+00 5.20888E-01 6.59249E-01 7.97691E-01 9.01100E-01
 2.66073E+00 5.22280E-01 6.61011E-01 7.99823E-01 9.16182E-01
 2.69153E+00 5.23655E-01 6.62751E-01 8.01929E-01 9.31455E-01
 2.72270E+00 5.25013E-01 6.64470E-01 8.04008E-01 9.46919E-01
 2.75423E+00 5.26354E-01 6.66166E-01 8.06061E-01 9.62577E-01
 2.78612E+00 5.27678E-01 6.67842E-01 8.08089E-01 9.78427E-01
 2.81838E+00 5.28985E-01 6.69497E-01 8.10091E-01 9.94471E-01
 2.85102E+00 5.30276E-01 6.71131E-01 8.12068E-01 1.01071E+00
 2.88403E+00 5.31551E-01 6.72744E-01 8.14020E-01 1.02714E+00
 2.91743E+00 5.32810E-01 6.74337E-01 8.15948E-01 1.04377E+00
 2.95121E+00 5.34053E-01 6.75911E-01 8.17852E-01 1.06059E+00
 2.98538E+00 5.35280E-01 6.77464E-01 8.19732E-01 1.07761E+00
 3.01995E+00 5.36493E-01 6.78999E-01 8.21588E-01 1.09483E+00
 3.05492E+00 5.37690E-01 6.80514E-01 8.23422E-01 1.11225E+00
 3.09030E+00 5.38872E-01 6.82010E-01 8.25232E-01 1.12986E+00
 3.12608E+00 5.40040E-01 6.83488E-01 8.27020E-01 1.14767E+00
 3.16228E+00 5.41193E-01 6.84947E-01 8.28786E-01 1.16567E+00
 3.19890E+00 5.42331E-01 6.86388E-01 8.30529E-01 1.18387E+00
 3.23594E+00 5.43456E-01 6.87811E-01 8.32251E-01 1.20227E+00
 3.27341E+00 5.44566E-01 6.89217E-01 8.33952E-01 1.22087E+00
 3.31131E+00 5.45663E-01 6.90605E-01 8.35632E-01 1.23966E+00
 3.34965E+00 5.46746E-01 6.91976E-01 8.37291E-01 1.25865E+00
 3.38844E+00 5.47816E-01 6.93330E-01 8.38929E-01 1.27784E+00
 3.42768E+00 5.48873E-01 6.94668E-01 8.40548E-01 1.29723E+00
 3.46737E+00 5.49917E-01 6.95989E-01 8.42146E-01 1.31681E+00
 3.50752E+00 5.50948E-01 6.97294E-01 8.43725E-01 1.33658E+00
 3.54813E+00 5.51966E-01 6.98583E-01 8.45285E-01 1.35655E+00
 3.58922E+00 5.52972E-01 6.99856E-01 8.46825E-01 1.37672E+00
 3.63078E+00 5.53966E-01 7.01113E-01 8.48347E-01 1.39708E+00
 3.67282E+00 5.54948E-01 7.02356E-01 8.49851E-01 1.41763E+00
 3.71535E+00 5.55918E-01 7.03583E-01 8.51336E-01 1.43838E+00
 3.75837E+00 5.56876E-01 7.04796E-01 8.52803E-01 1.45932E+00
 3.80189E+00 5.57822E-01 7.05993E-01 8.54252E-01 1.48045E+00
 3.84592E+00 5.58757E-01 7.07177E-01 8.55684E-01 1.50177E+00
 3.89045E+00 5.59681E-01 7.08346E-01 8.57098E-01 1.52328E+00
 3.93550E+00 5.60593E-01 7.09501E-01 8.58496E-01 1.54498E+00
 3.98107E+00 5.61495E-01 7.10642E-01 8.59877E-01 1.56686E+00
 4.02717E+00 5.62386E-01 7.11770E-01 8.61241E-01 1.58894E+00
 4.07380E+00 5.63266E-01 7.12884E-01 8.62590E-01 1.61119E+00
 4.12098E+00 5.64136E-01 7.13985E-01 8.63922E-01 1.63363E+00
 4.16869E+00 5.64996E-01 7.15073E-01 8.65238E-01 1.65625E+00
 4.21697E+00 5.65845E-01 7.16148E-01 8.66539E-01 1.67906E+00
 4.26580E+00 5.66684E-01 7.17210E-01 8.67824E-01 1.70204E+00
 4.31519E+00 5.67514E-01 7.18260E-01 8.69094E-01 1.72520E+00
 4.36516E+00 5.68334E-01 7.19297E-01 8.70350E-01 1.74853E+00
 4.41570E+00 5.69144E-01 7.20322E-01 8.71590E-01 1.77204E+00
 4.46684E+00 5.69944E-01 7.21336E-01 8.72816E-01 1.79573E+00
 4.51856E+00 5.70735E-01 7.22337E-01 8.74028E-01 1.81959E+00
 4.57088E+00 5.71517E-01 7.23327E-01 8.75225E-01 1.84361E+00
 4.62381E+00 5.72290E-01 7.24305E-01 8.76409E-01 1.86780E+00
 4.67735E+00 5.73054E-01 7.25272E-01 8.77579E-01 1.89216E+00
 4.73151E+00 5.73809E-01 7.26227E-01 8.78735E-01 1.91668E+00
 4.78630E+00 5.74555E-01 7.27172E-01 8.79878E-01 1.94136E+00
 4.84172E+00 5.75293E-01 7.28105E-01 8.81007E-01 1.96620E+00
 4.89779E+00 5.76022E-01 7.29028E-01 8.82124E-01 1.99120E+00
 4.95450E+00 5.76743E-01 7.29940E-01 8.83228E-01 2.01635E+00
 5.01187E+00 5.77456E-01 7.30842E-01 8.84319E-01 2.04166E+00
 5.06991E+00 5.78160E-01 7.31734E-01 8.85398E-01 2.06710E+00
 5.12861E+00 5.78856E-01 7.32615E-01 8.86464E-01 2.09271E+00
 5.18800E+00 5.79544E-01 7.33486E-01 8.87518E-01 2.11846E+00
 5.24807E+00 5.80225E-01 7.34347E-01 8.88560E-01 2.14434E+00
 5.30884E+00 5.80898E-01 7.35198E-01 8.89590E-01 2.17036E+00
 5.37032E+00 5.81563E-01 7.36040E-01 8.90609E-01 2.19653E+00
 5.43250E+00 5.82220E-01 7.36872E-01 8.91615E-01 2.22283E+00
 5.49541E+00 5.82870E-01 7.37695E-01 8.92611E-01 2.24926E+00
 5.55904E+00 5.83513E-01 7.38508E-01 8.93595E-01 2.27581E+00
 5.62341E+00 5.84148E-01 7.39312E-01 8.94568E-01 2.30250E+00
 5.68853E+00 5.84776E-01 7.40107E-01 8.95530E-01 2.32930E+00
 5.75440E+00 5.85397E-01 7.40894E-01 8.96481E-01 2.35622E+00
 5.82103E+00 5.86011E-01 7.41671E-01 8.97422E-01 2.38326E+00
 5.88844E+00 5.86619E-01 7.42439E-01 8.98351E-01 2.41041E+00
 5.95662E+00 5.87219E-01 7.43199E-01 8.99271E-01 2.43766E+00
 6.02560E+00 5.87813E-01 7.43950E-01 9.00180E-01 2.46502E+00
 6.09537E+00 5.88399E-01 7.44693E-01 9.01079E-01 2.49249E+00
 6.16595E+00 5.88980E-01 7.45427E-01 9.01967E-01 2.52005E+00
 6.23735E+00 5.89554E-01 7.46154E-01 9.02846E-01 2.54771E+00
 6.30957E+00 5.90121E-01 7.46872E-01 9.03715E-01 2.57546E+00
 6.38263E+00 5.90682E-01 7.47582E-01 9.04574E-01 2.60330E+00
 6.45654E+00 5.91237E-01 7.48284E-01 9.05424E-01 2.63121E+00
 6.53131E+00 5.91785E-01 7.48978E-01 9.06264E-01 2.65921E+00
 6.60693E+00 5.92328E-01 7.49665E-01 9.07094E-01 2.68729E+00
 6.68344E+00 5.92864E-01 7.50344E-01 9.07916E-01 2.71543E+00
 6.76083E+00 5.93394E-01 7.51015E-01 9.08728E-01 2.74365E+00
 6.83912E+00 5.93919E-01 7.51678E-01 9.09531E-01 2.77192E+00
 6.91831E+00 5.94437E-01 7.52335E-01 9.10325E-01 2.80025E+00
 6.99842E+00 5.94950E-01 7.52984E-01 9.11110E-01 2.82865E+00
 7.07946E+00 5.95457E-01 7.53626E-01 9.11887E-01 2.85709E+00
 7.16143E+00 5.95959E-01 7.54260E-01 9.12655E-01 2.88557E+00
 7.24436E+00 5.96455E-01 7.54888E-01 9.13414E-01 2.91410E+00
 7.32825E+00 5.96945E-01 7.55508E-01 9.14165E-01 2.94266E+00
 7.41310E+00 5.97430E-01 7.56122E-01 9.14908E-01 2.97126E+00
 7.49894E+00 5.97909E-01 7.56729E-01 9.15642E-01 2.99988E+00
 7.58578E+00 5.98383E-01 7.57329E-01 9.16368E-01 3.02852E+00
 7.67361E+00 5.98852E-01 7.57922E-01 9.17086E-01 3.05719E+00
 7.76247E+00 5.99316E-01 7.58509E-01 9.17796E-01 3.08586E+00
 7.85236E+00 5.99774E-01 7.59089E-01 9.18498E-01 3.11454E+00
 7.94328E+00 6.00227E-01 7.59663E-01 9.19192E-01 3.14323E+00
 8.03526E+00 6.00676E-01 7.60230E-01 9.19879E-01 3.17191E+00
 8.12831E+00 6.01119E-01 7.60791E-01 9.20558E-01 3.20058E+00
 8.22243E+00 6.01557E-01 7.61346E-01 9.21229E-01 3.22924E+00
 8.31764E+00 6.01991E-01 7.61895E-01 9.21893E-01 3.25787E+00
 8.41395E+00 6.02420E-01 7.62437E-01 9.22549E-01 3.28649E+00
 8.51138E+00 6.02844E-01 7.62974E-01 9.23198E-01 3.31508E+00
 8.60994E+00 6.03263E-01 7.63504E-01 9.23840E-01 3.34362E+00
 8.70964E+00 6.03677E-01 7.64029E-01 9.24475E-01 3.37213E+00
 8.81049E+00 6.04087E-01 7.64548E-01 9.25103E-01 3.40058E+00
 8.91251E+00 6.04492E-01 7.65061E-01 9.25723E-01 3.42899E+00
 9.01571E+00 6.04893E-01 7.65568E-01 9.26337E-01 3.45733E+00
 9.12011E+00 6.05290E-01 7.66070E-01 9.26944E-01 3.48561E+00
 9.22571E+00 6.05681E-01 7.66566E-01 9.27544E-01 3.51382E+00
 9.33254E+00 6.06069E-01 7.67056E-01 9.28138E-01 3.54194E+00
 9.44061E+00 6.06452E-01 7.67541E-01 9.28725E-01 3.56999E+00
 9.54993E+00 6.06831E-01 7.68021E-01 9.29305E-01 3.59794E+00
 9.66051E+00 6.07206E-01 7.68495E-01 9.29879E-01 3.62580E+00
 9.77237E+00 6.07576E-01 7.68964E-01 9.30446E-01 3.65355E+00
 9.88553E+00 6.07943E-01 7.69428E-01 9.31008E-01 3.68118E+00
 1.00000E+01 6.08305E-01 7.69886E-01 9.31562E-01 3.70872E+00
 1.01158E+01 6.08663E-01 7.70340E-01 9.32111E-01 3.73611E+00
 1.02329E+01 6.09018E-01 7.70788E-01 9.32654E-01 3.76338E+00
 1.03514E+01 6.09368E-01 7.71231E-01 9.33190E-01 3.79051E+00
 1.04713E+01 6.09715E-01 7.71670E-01 9.33721E-01 3.81750E+00
 1.05925E+01 6.10057E-01 7.72103E-01 9.34245E-01 3.84434E+00
 1.07152E+01 6.10396E-01 7.72532E-01 9.34764E-01 3.87101E+00
 1.08393E+01 6.10731E-01 7.72956E-01 9.35277E-01 3.89753E+00
 1.09648E+01 6.11062E-01 7.73375E-01 9.35784E-01 3.92386E+00
 1.10917E+01 6.11389E-01 7.73790E-01 9.36285E-01 3.95002E+00
 1.12202E+01 6.11713E-01 7.74199E-01 9.36781E-01 3.97600E+00
 1.13501E+01 6.12033E-01 7.74605E-01 9.37272E-01 4.00177E+00
 1.14815E+01 6.12350E-01 7.75005E-01 9.37756E-01 4.02735E+00
 1.16145E+01 6.12663E-01 7.75402E-01 9.38236E-01 4.05271E+00
 1.17490E+01 6.12973E-01 7.75793E-01 9.38710E-01 4.07787E+00
 1.18850E+01 6.13279E-01 7.76181E-01 9.39179E-01 4.10278E+00
 1.20226E+01 6.13581E-01 7.76564E-01 9.39642E-01 4.12748E+00
 1.21619E+01 6.13881E-01 7.76943E-01 9.40100E-01 4.15193E+00
 1.23027E+01 6.14176E-01 7.77317E-01 9.40554E-01 4.17614E+00
 1.24451E+01 6.14469E-01 7.77687E-01 9.41002E-01 4.20010E+00
 1.25893E+01 6.14758E-01 7.78054E-01 9.41445E-01 4.22378E+00
 1.27350E+01 6.15044E-01 7.78416E-01 9.41883E-01 4.24721E+00
 1.28825E+01 6.15327E-01 7.78774E-01 9.42316E-01 4.27034E+00
 1.30317E+01 6.15607E-01 7.79128E-01 9.42744E-01 4.29322E+00
 1.31826E+01 6.15884E-01 7.79478E-01 9.43168E-01 4.31578E+00
 1.33352E+01 6.16157E-01 7.79824E-01 9.43587E-01 4.33805E+00
 1.34896E+01 6.16427E-01 7.80166E-01 9.44001E-01 4.36000E+00
 1.36458E+01 6.16695E-01 7.80504E-01 9.44410E-01 4.38165E+00
 1.38038E+01 6.16959E-01 7.80839E-01 9.44815E-01 4.40297E+00
 1.39637E+01 6.17220E-01 7.81169E-01 9.45215E-01 4.42395E+00
 1.41254E+01 6.17479E-01 7.81497E-01 9.45611E-01 4.44461E+00
 1.42889E+01 6.17734E-01 7.81820E-01 9.46002E-01 4.46491E+00
 1.44544E+01 6.17987E-01 7.82140E-01 9.46389E-01 4.48487E+00
 1.46218E+01 6.18237E-01 7.82456E-01 9.46772E-01 4.50446E+00
 1.47911E+01 6.18484E-01 7.82768E-01 9.47150E-01 4.52368E+00
 1.49624E+01 6.18728E-01 7.83078E-01 9.47524E-01 4.54253E+00
 1.51356E+01 6.18969E-01 7.83383E-01 9.47894E-01 4.56099E+00
 1.53109E+01 6.19208E-01 7.83685E-01 9.48259E-01 4.57907E+00
 1.54882E+01 6.19444E-01 7.83984E-01 9.48621E-01 4.59674E+00
 1.56675E+01 6.19678E-01 7.84279E-01 9.48978E-01 4.61402E+00
 1.58489E+01 6.19908E-01 7.84572E-01 9.49332E-01 4.63088E+00
 1.60325E+01 6.20137E-01 7.84860E-01 9.49681E-01 4.64732E+00
 1.62181E+01 6.20362E-01 7.85146E-01 9.50026E-01 4.66334E+00
 1.64059E+01 6.20585E-01 7.85428E-01 9.50368E-01 4.67892E+00
 1.65959E+01 6.20806E-01 7.85707E-01 9.50706E-01 4.69407E+00
 1.67880E+01 6.21024E-01 7.85983E-01 9.51040E-01 4.70877E+00
 1.69824E+01 6.21239E-01 7.86256E-01 9.51370E-01 4.72302E+00
 1.71791E+01 6.21453E-01 7.86526E-01 9.51696E-01 4.73682E+00
 1.73780E+01 6.21663E-01 7.86793E-01 9.52019E-01 4.75013E+00
 1.75792E+01 6.21872E-01 7.87056E-01 9.52338E-01 4.76300E+00
 1.77828E+01 6.22078E-01 7.87317E-01 9.52654E-01 4.77538E+00
 1.79887E+01 6.22282E-01 7.87575E-01 9.52966E-01 4.78727E+00
 1.81970E+01 6.22483E-01 7.87830E-01 9.53274E-01 4.79869E+00
 1.84077E+01 6.22682E-01 7.88082E-01 9.53579E-01 4.80960E+00
 1.86209E+01 6.22879E-01 7.88331E-01 9.53881E-01 4.82002E+00
 1.88365E+01 6.23074E-01 7.88578E-01 9.54179E-01 4.82993E+00
 1.90546E+01 6.23266E-01 7.88821E-01 9.54474E-01 4.83933E+00
 1.92752E+01 6.23456E-01 7.89062E-01 9.54765E-01 4.84823E+00
 1.94984E+01 6.23645E-01 7.89300E-01 9.55053E-01 4.85660E+00
 1.97242E+01 6.23831E-01 7.89536E-01 9.55338E-01 4.86444E+00
 1.99526E+01 6.24014E-01 7.89768E-01 9.55620E-01 4.87178E+00
 2.01837E+01 6.24196E-01 7.89998E-01 9.55898E-01 4.87857E+00
 2.04174E+01 6.24376E-01 7.90226E-01 9.56173E-01 4.88482E+00
 2.06538E+01 6.24554E-01 7.90451E-01 9.56446E-01 4.89054E+00
 2.08930E+01 6.24730E-01 7.90673E-01 9.56715E-01 4.89572E+00
 2.11349E+01 6.24903E-01 7.90893E-01 9.56981E-01 4.90034E+00
 2.13796E+01 6.25075E-01 7.91111E-01 9.57244E-01 4.90443E+00
 2.16272E+01 6.25245E-01 7.91326E-01 9.57504E-01 4.90797E+00
 2.18776E+01 6.25413E-01 7.91538E-01 9.57761E-01 4.91094E+00
 2.21309E+01 6.25579E-01 7.91748E-01 9.58016E-01 4.91336E+00
 2.23872E+01 6.25743E-01 7.91956E-01 9.58267E-01 4.91523E+00
 2.26464E+01 6.25905E-01 7.92162E-01 9.58515E-01 4.91654E+00
 2.29087E+01 6.26066E-01 7.92365E-01 9.58761E-01 4.91727E+00
 2.31739E+01 6.26224E-01 7.92565E-01 9.59004E-01 4.91746E+00
 2.34423E+01 6.26381E-01 7.92764E-01 9.59244E-01 4.91708E+00
 2.37137E+01 6.26536E-01 7.92960E-01 9.59482E-01 4.91613E+00
 2.39883E+01 6.26690E-01 7.93154E-01 9.59716E-01 4.91461E+00
 2.42661E+01 6.26841E-01 7.93346E-01 9.59949E-01 4.91253E+00
 2.45471E+01 6.26991E-01 7.93536E-01 9.60178E-01 4.90990E+00
 2.48313E+01 6.27139E-01 7.93723E-01 9.60405E-01 4.90669E+00
 2.51189E+01 6.27286E-01 7.93909E-01 9.60629E-01 4.90291E+00
 2.54097E+01 6.27431E-01 7.94092E-01 9.60851E-01 4.89857E+00
 2.57040E+01 6.27574E-01 7.94273E-01 9.61070E-01 4.89367E+00
 2.60016E+01 6.27715E-01 7.94452E-01 9.61287E-01 4.88822E+00
 2.63027E+01 6.27855E-01 7.94629E-01 9.61501E-01 4.88220E+00
 2.66073E+01 6.27994E-01 7.94804E-01 9.61713E-01 4.87561E+00
 2.69153E+01 6.28130E-01 7.94978E-01 9.61923E-01 4.86847E+00
 2.72270E+01 6.28266E-01 7.95149E-01 9.62130E-01 4.86078E+00
 2.75423E+01 6.28399E-01 7.95318E-01 9.62335E-01 4.85254E+00
 2.78612E+01 6.28532E-01 7.95485E-01 9.62537E-01 4.84375E+00
 2.81838E+01 6.28662E-01 7.95651E-01 9.62737E-01 4.83442E+00
 2.85102E+01 6.28791E-01 7.95814E-01 9.62935E-01 4.82454E+00
 2.88403E+01 6.28919E-01 7.95976E-01 9.63131E-01 4.81413E+00
 2.91743E+01 6.29045E-01 7.96136E-01 9.63324E-01 4.80318E+00
 2.95121E+01 6.29170E-01 7.96294E-01 9.63515E-01 4.79170E+00
 2.98538E+01 6.29294E-01 7.96450E-01 9.63704E-01 4.77969E+00
 3.01995E+01 6.29416E-01 7.96604E-01 9.63891E-01 4.76716E+00
 3.05492E+01 6.29536E-01 7.96757E-01 9.64076E-01 4.75412E+00
 3.09030E+01 6.29656E-01 7.96908E-01 9.64259E-01 4.74057E+00
 3.12608E+01 6.29774E-01 7.97057E-01 9.64439E-01 4.72651E+00
 3.16228E+01 6.29890E-01 7.97205E-01 9.64618E-01 4.71195E+00
 3.19890E+01 6.30006E-01 7.97351E-01 9.64794E-01 4.69689E+00
 3.23594E+01 6.30120E-01 7.97495E-01 9.64969E-01 4.68135E+00
 3.27341E+01 6.30232E-01 7.97638E-01 9.65141E-01 4.66533E+00
 3.31131E+01 6.30344E-01 7.97779E-01 9.65312E-01 4.64883E+00
 3.34965E+01 6.30454E-01 7.97918E-01 9.65481E-01 4.63187E+00
 3.38844E+01 6.30563E-01 7.98056E-01 9.65647E-01 4.61444E+00
 3.42768E+01 6.30670E-01 7.98192E-01 9.65812E-01 4.59656E+00
 3.46737E+01 6.30777E-01 7.98327E-01 9.65975E-01 4.57823E+00
 3.50752E+01 6.30882E-01 7.98460E-01 9.66136E-01 4.55946E+00
 3.54813E+01 6.30986E-01 7.98591E-01 9.66296E-01 4.54026E+00
 3.58922E+01 6.31089E-01 7.98722E-01 9.66453E-01 4.52063E+00
 3.63078E+01 6.31190E-01 7.98850E-01 9.66609E-01 4.50058E+00
 3.67282E+01 6.31291E-01 7.98977E-01 9.66763E-01 4.48013E+00
 3.71535E+01 6.31390E-01 7.99103E-01 9.66915E-01 4.45927E+00
 3.75837E+01 6.31488E-01 7.99227E-01 9.67065E-01 4.43802E+00
 3.80189E+01 6.31585E-01 7.99350E-01 9.67214E-01 4.41640E+00
 3.84592E+01 6.31681E-01 7.99472E-01 9.67361E-01 4.39439E+00
 3.89045E+01 6.31776E-01 7.99592E-01 9.67506E-01 4.37202E+00
 3.93550E+01 6.31870E-01 7.99711E-01 9.67650E-01 4.34929E+00
 3.98107E+01 6.31963E-01 7.99828E-01 9.67792E-01 4.32620E+00
 4.02717E+01 6.32055E-01 7.99944E-01 9.67933E-01 4.30279E+00
 4.07380E+01 6.32145E-01 8.00059E-01 9.68071E-01 4.27904E+00
 4.12098E+01 6.32235E-01 8.00172E-01 9.68209E-01 4.25497E+00
 4.16869E+01 6.32324E-01 8.00285E-01 9.68344E-01 4.23058E+00
 4.21697E+01 6.32411E-01 8.00395E-01 9.68479E-01 4.20590E+00
 4.26580E+01 6.32498E-01 8.00505E-01 9.68611E-01 4.18092E+00
 4.31519E+01 6.32583E-01 8.00613E-01 9.68742E-01 4.15565E+00
 4.36516E+01 6.32668E-01 8.00721E-01 9.68872E-01 4.13010E+00
 4.41570E+01 6.32752E-01 8.00827E-01 9.69000E-01 4.10430E+00
 4.46684E+01 6.32835E-01 8.00931E-01 9.69127E-01 4.07824E+00
 4.51856E+01 6.32916E-01 8.01035E-01 9.69252E-01 4.05192E+00
 4.57088E+01 6.32997E-01 8.01137E-01 9.69376E-01 4.02538E+00
 4.62381E+01 6.33077E-01 8.01238E-01 9.69498E-01 3.99860E+00
 4.67735E+01 6.33156E-01 8.01338E-01 9.69619E-01 3.97160E+00
 4.73151E+01 6.33234E-01 8.01437E-01 9.69739E-01 3.94440E+00
 4.78630E+01 6.33312E-01 8.01535E-01 9.69857E-01 3.91698E+00
 4.84172E+01 6.33388E-01 8.01632E-01 9.69974E-01 3.88939E+00
 4.89779E+01 6.33463E-01 8.01727E-01 9.70090E-01 3.86161E+00
 4.95450E+01 6.33538E-01 8.01822E-01 9.70204E-01 3.83366E+00
 5.01187E+01 6.33612E-01 8.01915E-01 9.70317E-01 3.80555E+00
 5.06991E+01 6.33685E-01 8.02007E-01 9.70429E-01 3.77727E+00
 5.12861E+01 6.33757E-01 8.02099E-01 9.70539E-01 3.74886E+00
 5.18800E+01 6.33828E-01 8.02189E-01 9.70648E-01 3.72031E+00
 5.24807E+01 6.33899E-01 8.02278E-01 9.70756E-01 3.69164E+00
 5.30884E+01 6.33968E-01 8.02366E-01 9.70863E-01 3.66283E+00
 5.37032E+01 6.34037E-01 8.02453E-01 9.70969E-01 3.63393E+00
 5.43250E+01 6.34105E-01 8.02540E-01 9.71073E-01 3.60492E+00
 5.49541E+01 6.34173E-01 8.02625E-01 9.71176E-01 3.57583E+00
 5.55904E+01 6.34239E-01 8.02709E-01 9.71278E-01 3.54664E+00
 5.62341E+01 6.34305E-01 8.02792E-01 9.71379E-01 3.51738E+00
 5.68853E+01 6.34370E-01 8.02875E-01 9.71478E-01 3.48805E+00
 5.75440E+01 6.34434E-01 8.02956E-01 9.71577E-01 3.45866E+00
 5.82103E+01 6.34498E-01 8.03036E-01 9.71674E-01 3.42923E+00
 5.88844E+01 6.34561E-01 8.03116E-01 9.71770E-01 3.39974E+00
 5.95662E+01 6.34623E-01 8.03195E-01 9.71865E-01 3.37023E+00
 6.02560E+01 6.34684E-01 8.03272E-01 9.71960E-01 3.34068E+00
 6.09537E+01 6.34745E-01 8.03349E-01 9.72053E-01 3.31111E+00
 6.16595E+01 6.34805E-01 8.03425E-01 9.72144E-01 3.28153E+00
 6.23735E+01 6.34864E-01 8.03500E-01 9.72235E-01 3.25194E+00
 6.30957E+01 6.34923E-01 8.03575E-01 9.72325E-01 3.22235E+00
 6.38263E+01 6.34981E-01 8.03648E-01 9.72414E-01 3.19278E+00
 6.45654E+01 6.35038E-01 8.03720E-01 9.72502E-01 3.16321E+00
 6.53131E+01 6.35095E-01 8.03792E-01 9.72589E-01 3.13367E+00
 6.60693E+01 6.35151E-01 8.03863E-01 9.72674E-01 3.10415E+00
 6.68344E+01 6.35207E-01 8.03933E-01 9.72759E-01 3.07467E+00
 6.76083E+01 6.35261E-01 8.04003E-01 9.72843E-01 3.04523E+00
 6.83912E+01 6.35315E-01 8.04071E-01 9.72926E-01 3.01583E+00
 6.91831E+01 6.35369E-01 8.04139E-01 9.73008E-01 2.98649E+00
 6.99842E+01 6.35422E-01 8.04206E-01 9.73089E-01 2.95721E+00
 7.07946E+01 6.35474E-01 8.04272E-01 9.73169E-01 2.92799E+00
 7.16143E+01 6.35526E-01 8.04337E-01 9.73248E-01 2.89884E+00
 7.24436E+01 6.35577E-01 8.04402E-01 9.73327E-01 2.86976E+00
 7.32825E+01 6.35628E-01 8.04466E-01 9.73404E-01 2.84077E+00
 7.41310E+01 6.35678E-01 8.04529E-01 9.73481E-01 2.81186E+00
 7.49894E+01 6.35727E-01 8.04592E-01 9.73556E-01 2.78304E+00
 7.58578E+01 6.35776E-01 8.04654E-01 9.73631E-01 2.75431E+00
 7.67361E+01 6.35824E-01 8.04715E-01 9.73705E-01 2.72568E+00
 7.76247E+01 6.35872E-01 8.04775E-01 9.73778E-01 2.69716E+00
 7.85236E+01 6.35919E-01 8.04835E-01 9.73850E-01 2.66874E+00
 7.94328E+01 6.35966E-01 8.04894E-01 9.73922E-01 2.64044E+00
 8.03526E+01 6.36012E-01 8.04952E-01 9.73992E-01 2.61226E+00
 8.12831E+01 6.36057E-01 8.05010E-01 9.74062E-01 2.58419E+00
 8.22243E+01 6.36102E-01 8.05067E-01 9.74131E-01 2.55625E+00
 8.31764E+01 6.36147E-01 8.05123E-01 9.74199E-01 2.52844E+00
 8.41395E+01 6.36191E-01 8.05179E-01 9.74267E-01 2.50075E+00
 8.51138E+01 6.36234E-01 8.05234E-01 9.74333E-01 2.47321E+00
 8.60994E+01 6.36278E-01 8.05289E-01 9.74399E-01 2.44580E+00
 8.70964E+01 6.36320E-01 8.05343E-01 9.74465E-01 2.41853E+00
 8.81049E+01 6.36362E-01 8.05396E-01 9.74529E-01 2.39140E+00
 8.91251E+01 6.36404E-01 8.05448E-01 9.74593E-01 2.36443E+00
 9.01571E+01 6.36445E-01 8.05500E-01 9.74656E-01 2.33760E+00
 9.12011E+01 6.36485E-01 8.05552E-01 9.74718E-01 2.31092E+00
 9.22571E+01 6.36526E-01 8.05603E-01 9.74779E-01 2.28440E+00
 9.33254E+01 6.36565E-01 8.05653E-01 9.74840E-01 2.25804E+00
 9.44061E+01 6.36605E-01 8.05703E-01 9.74900E-01 2.23184E+00
 9.54993E+01 6.36643E-01 8.05752E-01 9.74960E-01 2.20580E+00
 9.66051E+01 6.36682E-01 8.05800E-01 9.75019E-01 2.17993E+00
 9.77237E+01 6.36720E-01 8.05848E-01 9.75077E-01 2.15422E+00
 9.88553E+01 6.36757E-01 8.05896E-01 9.75134E-01 2.12867E+00
 1.00000E+02 6.36794E-01 8.05943E-01 9.75191E-01 2.10330E+00
