 1.00000E-02 3.39277E-02 5.46103E-02 8.46762E-02 8.90649E-02
 2.00000E-02 3.39363E-02 5.47890E-02 8.49256E-02 8.93697E-02
 3.00000E-02 3.39738E-02 5.47877E-02 8.49257E-02 8.93641E-02
 4.00000E-02 3.39906E-02 5.48092E-02 8.49299E-02 8.93705E-02
 5.00000E-02 3.40067E-02 5.48247E-02 8.49430E-02 8.93792E-02
 6.00000E-02 3.40261E-02 5.48444E-02 8.49392E-02 8.93740E-02
 7.00000E-02 3.40538E-02 5.48695E-02 8.49563E-02 8.93864E-02
 8.00000E-02 3.40853E-02 5.48968E-02 8.49629E-02 8.93879E-02
 9.00000E-02 3.41210E-02 5.49318E-02 8.49787E-02 8.94002E-02
 1.00000E-01 3.41616E-02 5.49699E-02 8.49957E-02 8.94119E-02
 1.10000E-01 3.42080E-02 5.50166E-02 8.50174E-02 8.94284E-02
 1.20000E-01 3.42609E-02 5.50686E-02 8.50469E-02 8.94523E-02
 1.30000E-01 3.43214E-02 5.51297E-02 8.50809E-02 8.94798E-02
 1.40000E-01 3.43893E-02 5.51992E-02 8.51269E-02 8.95201E-02
 1.50000E-01 3.44654E-02 5.52784E-02 8.51796E-02 8.95680E-02
 1.60000E-01 3.45504E-02 5.53695E-02 8.52477E-02 8.96277E-02
 1.70000E-01 3.46454E-02 5.54719E-02 8.53264E-02 8.97024E-02
 1.80000E-01 3.47511E-02 5.55888E-02 8.54233E-02 8.97914E-02
 1.90000E-01 3.48686E-02 5.57206E-02 8.55358E-02 8.98986E-02
 2.00000E-01 3.49991E-02 5.58686E-02 8.56692E-02 9.00267E-02
 2.10000E-01 3.51434E-02 5.60345E-02 8.58241E-02 9.01766E-02
 2.20000E-01 3.53023E-02 5.62206E-02 8.60026E-02 9.03511E-02
 2.30000E-01 3.54772E-02 5.64279E-02 8.62090E-02 9.05529E-02
 2.40000E-01 3.56695E-02 5.66582E-02 8.64440E-02 9.07847E-02
 2.50000E-01 3.58797E-02 5.69130E-02 8.67104E-02 9.10493E-02
 2.60000E-01 3.61096E-02 5.71941E-02 8.70108E-02 9.13487E-02
 2.70000E-01 3.63599E-02 5.75035E-02 8.73478E-02 9.16862E-02
 2.80000E-01 3.66318E-02 5.78428E-02 8.77239E-02 9.20640E-02
 2.90000E-01 3.69265E-02 5.82134E-02 8.81416E-02 9.24846E-02
 3.00000E-01 3.72450E-02 5.86172E-02 8.86032E-02 9.29502E-02
 3.10000E-01 3.75886E-02 5.90557E-02 8.91108E-02 9.34647E-02
 3.20000E-01 3.79580E-02 5.95305E-02 8.96678E-02 9.40290E-02
 3.30000E-01 3.83543E-02 6.00429E-02 9.02750E-02 9.46465E-02
 3.40000E-01 3.87782E-02 6.05946E-02 9.09358E-02 9.53189E-02
 3.50000E-01 3.92308E-02 6.11867E-02 9.16513E-02 9.60484E-02
 3.60000E-01 3.97126E-02 6.18204E-02 9.24235E-02 9.68369E-02
 3.70000E-01 4.02246E-02 6.24968E-02 9.32543E-02 9.76862E-02
 3.80000E-01 4.07671E-02 6.32171E-02 9.41452E-02 9.85981E-02
 3.90000E-01 4.13408E-02 6.39819E-02 9.50973E-02 9.95740E-02
 4.00000E-01 4.19462E-02 6.47918E-02 9.61122E-02 1.00615E-01
 4.10000E-01 4.25837E-02 6.56479E-02 9.71905E-02 1.01722E-01
 4.20000E-01 4.32536E-02 6.65502E-02 9.83333E-02 1.02896E-01
 4.30000E-01 4.39561E-02 6.74997E-02 9.95410E-02 1.04139E-01
 4.40000E-01 4.46915E-02 6.84962E-02 1.00814E-01 1.05449E-01
 4.50000E-01 4.54599E-02 6.95399E-02 1.02153E-01 1.06828E-01
 4.60000E-01 4.62613E-02 7.06312E-02 1.03557E-01 1.08276E-01
 4.70000E-01 4.70959E-02 7.17700E-02 1.05028E-01 1.09792E-01
 4.80000E-01 4.79636E-02 7.29560E-02 1.06563E-01 1.11376E-01
 4.90000E-01 4.88644E-02 7.41892E-02 1.08164E-01 1.13029E-01
 5.00000E-01 4.97981E-02 7.54694E-02 1.09829E-01 1.14748E-01
 5.10000E-01 5.07647E-02 7.67962E-02 1.11558E-01 1.16535E-01
 5.20000E-01 5.17640E-02 7.81693E-02 1.13351E-01 1.18387E-01
 5.30000E-01 5.27959E-02 7.95885E-02 1.15205E-01 1.20304E-01
 5.40000E-01 5.38603E-02 8.10532E-02 1.17121E-01 1.22285E-01
 5.50000E-01 5.49570E-02 8.25631E-02 1.19098E-01 1.24329E-01
 5.60000E-01 5.60856E-02 8.41175E-02 1.21133E-01 1.26434E-01
 5.70000E-01 5.72463E-02 8.57163E-02 1.23227E-01 1.28600E-01
 5.80000E-01 5.84385E-02 8.73588E-02 1.25379E-01 1.30826E-01
 5.90000E-01 5.96624E-02 8.90445E-02 1.27586E-01 1.33109E-01
 6.00000E-01 6.09176E-02 9.07730E-02 1.29848E-01 1.35449E-01
 6.10000E-01 6.22040E-02 9.25439E-02 1.32163E-01 1.37844E-01
 6.20000E-01 6.35214E-02 9.43566E-02 1.34531E-01 1.40293E-01
 6.30000E-01 6.48697E-02 9.62107E-02 1.36951E-01 1.42795E-01
 6.40000E-01 6.62487E-02 9.81058E-02 1.39421E-01 1.45349E-01
 6.50000E-01 6.76582E-02 1.00041E-01 1.41939E-01 1.47952E-01
 6.60000E-01 6.90982E-02 1.02017E-01 1.44506E-01 1.50604E-01
 6.70000E-01 7.05685E-02 1.04033E-01 1.47120E-01 1.53304E-01
 6.80000E-01 7.20689E-02 1.06088E-01 1.49779E-01 1.56050E-01
 6.90000E-01 7.35995E-02 1.08181E-01 1.52483E-01 1.58840E-01
 7.00000E-01 7.51600E-02 1.10314E-01 1.55231E-01 1.61675E-01
 7.10000E-01 7.67504E-02 1.12485E-01 1.58022E-01 1.64553E-01
 7.20000E-01 7.83706E-02 1.14694E-01 1.60854E-01 1.67472E-01
 7.30000E-01 8.00206E-02 1.16940E-01 1.63728E-01 1.70432E-01
 7.40000E-01 8.17002E-02 1.19224E-01 1.66642E-01 1.73431E-01
 7.50000E-01 8.34095E-02 1.21545E-01 1.69595E-01 1.76469E-01
 7.60000E-01 8.51482E-02 1.23903E-01 1.72586E-01 1.79544E-01
 7.70000E-01 8.69165E-02 1.26298E-01 1.75616E-01 1.82656E-01
 7.80000E-01 8.87143E-02 1.28729E-01 1.78683E-01 1.85804E-01
 7.90000E-01 9.05414E-02 1.31196E-01 1.81786E-01 1.88987E-01
 8.00000E-01 9.23980E-02 1.33699E-01 1.84925E-01 1.92204E-01
 8.10000E-01 9.42839E-02 1.36238E-01 1.88099E-01 1.95455E-01
 8.20000E-01 9.61991E-02 1.38812E-01 1.91308E-01 1.98739E-01
 8.30000E-01 9.81437E-02 1.41422E-01 1.94552E-01 2.02056E-01
 8.40000E-01 1.00118E-01 1.44068E-01 1.97829E-01 2.05404E-01
 8.50000E-01 1.02121E-01 1.46748E-01 2.01139E-01 2.08783E-01
 8.60000E-01 1.04153E-01 1.49463E-01 2.04482E-01 2.12193E-01
 8.70000E-01 1.06215E-01 1.52213E-01 2.07858E-01 2.15633E-01
 8.80000E-01 1.08305E-01 1.54998E-01 2.11266E-01 2.19104E-01
 8.90000E-01 1.10425E-01 1.57817E-01 2.14706E-01 2.22604E-01
 9.00000E-01 1.12554E-01 1.60670E-01 2.18177E-01 2.26133E-01
 9.10000E-01 1.14686E-01 1.63558E-01 2.21680E-01 2.29691E-01
 9.20000E-01 1.16819E-01 1.66480E-01 2.25213E-01 2.33278E-01
 9.30000E-01 1.18953E-01 1.69436E-01 2.28778E-01 2.36940E-01
 9.40000E-01 1.21088E-01 1.72426E-01 2.32373E-01 2.41483E-01
 9.50000E-01 1.23223E-01 1.75449E-01 2.35998E-01 2.46060E-01
 9.60000E-01 1.25359E-01 1.78489E-01 2.39654E-01 2.50672E-01
 9.70000E-01 1.27493E-01 1.81528E-01 2.43340E-01 2.55319E-01
 9.80000E-01 1.29627E-01 1.84566E-01 2.47056E-01 2.59999E-01
 9.90000E-01 1.31759E-01 1.87602E-01 2.50803E-01 2.64714E-01
 1.00000E+00 1.33890E-01 1.90636E-01 2.54579E-01 2.69464E-01
 1.01158E+00 1.36354E-01 1.94145E-01 2.58989E-01 2.75006E-01
 1.02329E+00 1.38843E-01 1.97689E-01 2.63491E-01 2.80659E-01
 1.03514E+00 1.41357E-01 2.01269E-01 2.68086E-01 2.86426E-01
 1.04713E+00 1.43896E-01 2.04883E-01 2.72778E-01 2.92307E-01
 1.05925E+00 1.46458E-01 2.08531E-01 2.77568E-01 2.98306E-01
 1.07152E+00 1.49044E-01 2.12212E-01 2.82455E-01 3.04424E-01
 1.08393E+00 1.51652E-01 2.15927E-01 2.87399E-01 3.10665E-01
 1.09648E+00 1.54284E-01 2.19673E-01 2.92385E-01 3.17031E-01
 1.10917E+00 1.56937E-01 2.23451E-01 2.97413E-01 3.23525E-01
 1.12202E+00 1.59612E-01 2.27260E-01 3.02483E-01 3.30148E-01
 1.13501E+00 1.62308E-01 2.31098E-01 3.07592E-01 3.36903E-01
 1.14815E+00 1.65024E-01 2.34966E-01 3.12740E-01 3.43794E-01
 1.16145E+00 1.67760E-01 2.38862E-01 3.17925E-01 3.50824E-01
 1.17490E+00 1.70516E-01 2.42786E-01 3.23148E-01 3.57994E-01
 1.18850E+00 1.73291E-01 2.46736E-01 3.28406E-01 3.65307E-01
 1.20226E+00 1.76084E-01 2.50713E-01 3.33699E-01 3.72768E-01
 1.21619E+00 1.78894E-01 2.54714E-01 3.39025E-01 3.80378E-01
 1.23027E+00 1.81721E-01 2.58740E-01 3.44383E-01 3.88141E-01
 1.24451E+00 1.84565E-01 2.62789E-01 3.49772E-01 3.96060E-01
 1.25893E+00 1.87424E-01 2.66860E-01 3.55190E-01 4.04138E-01
 1.27350E+00 1.90298E-01 2.70952E-01 3.60637E-01 4.12378E-01
 1.28825E+00 1.93187E-01 2.75065E-01 3.66111E-01 4.20784E-01
 1.30317E+00 1.96089E-01 2.79197E-01 3.71611E-01 4.29359E-01
 1.31826E+00 1.99004E-01 2.83347E-01 3.77135E-01 4.38107E-01
 1.33352E+00 2.01931E-01 2.87515E-01 3.82682E-01 4.47031E-01
 1.34896E+00 2.04869E-01 2.91698E-01 3.88250E-01 4.56135E-01
 1.36458E+00 2.07818E-01 2.95897E-01 3.93839E-01 4.65422E-01
 1.38038E+00 2.10777E-01 3.00110E-01 3.99447E-01 4.74898E-01
 1.39637E+00 2.13745E-01 3.04336E-01 4.07251E-01 4.84564E-01
 1.41254E+00 2.16721E-01 3.08574E-01 4.16570E-01 4.94427E-01
 1.42889E+00 2.19705E-01 3.12823E-01 4.26132E-01 5.04489E-01
 1.44544E+00 2.22696E-01 3.17081E-01 4.35946E-01 5.14756E-01
 1.46218E+00 2.25693E-01 3.21348E-01 4.46024E-01 5.25231E-01
 1.47911E+00 2.28695E-01 3.25622E-01 4.56376E-01 5.35919E-01
 1.49624E+00 2.31701E-01 3.29902E-01 4.67015E-01 5.46825E-01
 1.51356E+00 2.34711E-01 3.34188E-01 4.77955E-01 5.57954E-01
 1.53109E+00 2.37724E-01 3.38478E-01 4.89210E-01 5.69310E-01
 1.54882E+00 2.40739E-01 3.42770E-01 5.00800E-01 5.80900E-01
 1.56675E+00 2.43755E-01 3.47065E-01 5.12743E-01 5.92728E-01
 1.58489E+00 2.46771E-01 3.51359E-01 5.24976E-01 6.04801E-01
 1.60325E+00 2.49787E-01 3.55654E-01 5.37377E-01 6.17125E-01
 1.62181E+00 2.52802E-01 3.59946E-01 5.49944E-01 6.29706E-01
 1.64059E+00 2.55814E-01 3.64236E-01 5.62677E-01 6.42552E-01
 1.65959E+00 2.58824E-01 3.68521E-01 5.75575E-01 6.55669E-01
 1.67880E+00 2.61831E-01 3.72802E-01 5.88636E-01 6.69068E-01
 1.69824E+00 2.64833E-01 3.77076E-01 6.01860E-01 6.82759E-01
 1.71791E+00 2.67830E-01 3.81343E-01 6.15246E-01 6.96753E-01
 1.73780E+00 2.70821E-01 3.85602E-01 6.28791E-01 7.11066E-01
 1.75792E+00 2.73805E-01 3.89851E-01 6.42496E-01 7.25719E-01
 1.77828E+00 2.76782E-01 3.94090E-01 6.56359E-01 7.40746E-01
 1.79887E+00 2.79750E-01 3.98316E-01 6.70379E-01 7.56209E-01
 1.81970E+00 2.82710E-01 4.02531E-01 6.84553E-01 7.72310E-01
 1.84077E+00 2.85660E-01 4.06731E-01 6.98881E-01 7.89903E-01
 1.86209E+00 2.88600E-01 4.10917E-01 7.13362E-01 8.07867E-01
 1.88365E+00 2.91529E-01 4.15087E-01 7.27993E-01 8.26104E-01
 1.90546E+00 2.94446E-01 4.19240E-01 7.42774E-01 8.44615E-01
 1.92752E+00 2.97350E-01 4.23376E-01 7.57702E-01 8.63404E-01
 1.94984E+00 3.00242E-01 4.27492E-01 7.72775E-01 8.82473E-01
 1.97242E+00 3.03119E-01 4.31590E-01 7.87993E-01 9.01824E-01
 1.99526E+00 3.05983E-01 4.35667E-01 8.03354E-01 9.21460E-01
 2.01837E+00 3.08831E-01 4.39722E-01 8.18854E-01 9.41383E-01
 2.04174E+00 3.11663E-01 4.43755E-01 8.34494E-01 9.61597E-01
 2.06538E+00 3.14480E-01 4.47765E-01 8.50270E-01 9.82105E-01
 2.08930E+00 3.17280E-01 4.51752E-01 8.66181E-01 1.00291E+00
 2.11349E+00 3.20062E-01 4.55713E-01 8.82225E-01 1.02401E+00
 2.13796E+00 3.22826E-01 4.59649E-01 8.98399E-01 1.04542E+00
 2.16272E+00 3.25572E-01 4.63559E-01 9.14702E-01 1.06713E+00
 2.18776E+00 3.28299E-01 4.67442E-01 9.31132E-01 1.08915E+00
 2.21309E+00 3.31007E-01 4.71297E-01 9.47686E-01 1.11148E+00
 2.23872E+00 3.33695E-01 4.75124E-01 9.64361E-01 1.13413E+00
 2.26464E+00 3.36362E-01 4.78922E-01 9.81157E-01 1.15710E+00
 2.29087E+00 3.39008E-01 4.82690E-01 9.98069E-01 1.18039E+00
 2.31739E+00 3.41634E-01 4.86428E-01 1.01510E+00 1.20401E+00
 2.34423E+00 3.44237E-01 4.90135E-01 1.03224E+00 1.22796E+00
 2.37137E+00 3.46819E-01 4.93811E-01 1.04949E+00 1.25225E+00
 2.39883E+00 3.49378E-01 4.97455E-01 1.06684E+00 1.27688E+00
 2.42661E+00 3.51915E-01 5.01066E-01 1.08430E+00 1.30185E+00
 2.45471E+00 3.54429E-01 5.04645E-01 1.10187E+00 1.32717E+00
 2.48313E+00 3.56919E-01 5.08191E-01 1.11953E+00 1.35284E+00
 2.51189E+00 3.59385E-01 5.11703E-01 1.13729E+00 1.37887E+00
 2.54097E+00 3.61828E-01 5.15180E-01 1.15514E+00 1.40526E+00
 2.57040E+00 3.64246E-01 5.18623E-01 1.17309E+00 1.43202E+00
 2.60016E+00 3.66640E-01 5.22032E-01 1.19112E+00 1.45916E+00
 2.63027E+00 3.69009E-01 5.25405E-01 1.20923E+00 1.48667E+00
 2.66073E+00 3.71353E-01 5.28743E-01 1.22743E+00 1.51457E+00
 2.69153E+00 3.73672E-01 5.32045E-01 1.24570E+00 1.54286E+00
 2.72270E+00 3.75966E-01 5.35311E-01 1.26405E+00 1.57154E+00
 2.75423E+00 3.78235E-01 5.38541E-01 1.28247E+00 1.60063E+00
 2.78612E+00 3.80478E-01 5.41735E-01 1.30095E+00 1.63012E+00
 2.81838E+00 3.82695E-01 5.44892E-01 1.31950E+00 1.66002E+00
 2.85102E+00 3.84886E-01 5.48012E-01 1.33812E+00 1.69035E+00
 2.88403E+00 3.87052E-01 5.51095E-01 1.35678E+00 1.72110E+00
 2.91743E+00 3.89191E-01 5.54142E-01 1.37551E+00 1.75228E+00
 2.95121E+00 3.91305E-01 5.57151E-01 1.39428E+00 1.78390E+00
 2.98538E+00 3.93393E-01 5.60123E-01 1.41309E+00 1.81597E+00
 3.01995E+00 3.95454E-01 5.63059E-01 1.43195E+00 1.84850E+00
 3.05492E+00 3.97489E-01 5.65956E-01 1.45084E+00 1.88148E+00
 3.09030E+00 3.99498E-01 5.68817E-01 1.46977E+00 1.91494E+00
 3.12608E+00 4.01481E-01 5.71641E-01 1.48872E+00 1.94886E+00
 3.16228E+00 4.03438E-01 5.74427E-01 1.50770E+00 1.98328E+00
 3.19890E+00 4.05369E-01 5.77176E-01 1.52669E+00 2.01818E+00
 3.23594E+00 4.07274E-01 5.79888E-01 1.54571E+00 2.05358E+00
 3.27341E+00 4.09153E-01 5.82563E-01 1.56473E+00 2.08949E+00
 3.31131E+00 4.11006E-01 5.85201E-01 1.58375E+00 2.12591E+00
 3.34965E+00 4.12833E-01 5.87803E-01 1.60278E+00 2.16286E+00
 3.38844E+00 4.14634E-01 5.90368E-01 1.62180E+00 2.20034E+00
 3.42768E+00 4.16410E-01 5.92896E-01 1.64081E+00 2.23837E+00
 3.46737E+00 4.18160E-01 5.95388E-01 1.65980E+00 2.27694E+00
 3.50752E+00 4.19885E-01 5.97843E-01 1.67877E+00 2.31607E+00
 3.54813E+00 4.21584E-01 6.00263E-01 1.69772E+00 2.35577E+00
 3.58922E+00 4.23258E-01 6.02647E-01 1.71664E+00 2.39605E+00
 3.63078E+00 4.24907E-01 6.04995E-01 1.73551E+00 2.43691E+00
 3.67282E+00 4.26532E-01 6.07308E-01 1.75435E+00 2.47837E+00
 3.71535E+00 4.28132E-01 6.09586E-01 1.77313E+00 2.52044E+00
 3.75837E+00 4.29707E-01 6.11829E-01 1.79186E+00 2.56313E+00
 3.80189E+00 4.31258E-01 6.14037E-01 1.81053E+00 2.60644E+00
 3.84592E+00 4.32784E-01 6.16210E-01 1.82913E+00 2.65041E+00
 3.89045E+00 4.34287E-01 6.18350E-01 1.84766E+00 2.69535E+00
 3.93550E+00 4.35766E-01 6.20456E-01 1.86611E+00 2.74126E+00
 3.98107E+00 4.37221E-01 6.22528E-01 1.88447E+00 2.78807E+00
 4.02717E+00 4.38653E-01 6.24567E-01 1.90274E+00 2.83574E+00
 4.07380E+00 4.40062E-01 6.26572E-01 1.92091E+00 2.88425E+00
 4.12098E+00 4.41448E-01 6.28545E-01 1.93897E+00 2.93358E+00
 4.16869E+00 4.42811E-01 6.30486E-01 1.95693E+00 2.98373E+00
 4.21697E+00 4.44151E-01 6.32395E-01 1.97476E+00 3.03470E+00
 4.26580E+00 4.45469E-01 6.34272E-01 1.99247E+00 3.08647E+00
 4.31519E+00 4.46766E-01 6.36117E-01 2.01005E+00 3.13906E+00
 4.36516E+00 4.48040E-01 6.37932E-01 2.02749E+00 3.19246E+00
 4.41570E+00 4.49293E-01 6.39716E-01 2.04478E+00 3.24669E+00
 4.46684E+00 4.50524E-01 6.41469E-01 2.06193E+00 3.30173E+00
 4.51856E+00 4.51734E-01 6.43192E-01 2.07891E+00 3.35761E+00
 4.57088E+00 4.52924E-01 6.44886E-01 2.09573E+00 3.41431E+00
 4.62381E+00 4.54093E-01 6.46550E-01 2.11237E+00 3.47186E+00
 4.67735E+00 4.55241E-01 6.48185E-01 2.12883E+00 3.53026E+00
 4.73151E+00 4.56370E-01 6.49792E-01 2.14511E+00 3.58951E+00
 4.78630E+00 4.57478E-01 6.51370E-01 2.16119E+00 3.64963E+00
 4.84172E+00 4.58567E-01 6.52920E-01 2.17708E+00 3.71061E+00
 4.89779E+00 4.59636E-01 6.54443E-01 2.19276E+00 3.77247E+00
 4.95450E+00 4.60687E-01 6.55939E-01 2.20822E+00 3.83522E+00
 5.01187E+00 4.61718E-01 6.57407E-01 2.22346E+00 3.89886E+00
 5.06991E+00 4.62731E-01 6.58850E-01 2.23848E+00 3.96340E+00
 5.12861E+00 4.63726E-01 6.60266E-01 2.25326E+00 4.02886E+00
 5.18800E+00 4.64702E-01 6.61656E-01 2.26780E+00 4.09524E+00
 5.24807E+00 4.65661E-01 6.63021E-01 2.28210E+00 4.16254E+00
 5.30884E+00 4.66602E-01 6.64361E-01 2.29614E+00 4.23079E+00
 5.37032E+00 4.67525E-01 6.65676E-01 2.30993E+00 4.29998E+00
 5.43250E+00 4.68432E-01 6.66966E-01 2.32345E+00 4.37013E+00
 5.49541E+00 4.69321E-01 6.68233E-01 2.33670E+00 4.44125E+00
 5.55904E+00 4.70195E-01 6.69476E-01 2.34967E+00 4.51335E+00
 5.62341E+00 4.71051E-01 6.70696E-01 2.36236E+00 4.58643E+00
 5.68853E+00 4.71892E-01 6.71893E-01 2.37476E+00 4.66051E+00
 5.75440E+00 4.72717E-01 6.73067E-01 2.38686E+00 4.73559E+00
 5.82103E+00 4.73526E-01 6.74219E-01 2.39867E+00 4.81170E+00
 5.88844E+00 4.74320E-01 6.75350E-01 2.41017E+00 4.88883E+00
 5.95662E+00 4.75098E-01 6.76458E-01 2.42137E+00 4.96700E+00
 6.02560E+00 4.75862E-01 6.77546E-01 2.43225E+00 5.04622E+00
 6.09537E+00 4.76611E-01 6.78612E-01 2.44281E+00 5.12650E+00
 6.16595E+00 4.77346E-01 6.79658E-01 2.45304E+00 5.20785E+00
 6.23735E+00 4.78066E-01 6.80684E-01 2.46295E+00 5.29029E+00
 6.30957E+00 4.78773E-01 6.81690E-01 2.47253E+00 5.37382E+00
 6.38263E+00 4.79466E-01 6.82677E-01 2.48177E+00 5.45846E+00
 6.45654E+00 4.80145E-01 6.83644E-01 2.49067E+00 5.54421E+00
 6.53131E+00 4.80811E-01 6.84592E-01 2.49923E+00 5.63110E+00
 6.60693E+00 4.81464E-01 6.85522E-01 2.50744E+00 5.71912E+00
 6.68344E+00 4.82104E-01 6.86433E-01 2.51530E+00 5.80830E+00
 6.76083E+00 4.82732E-01 6.87327E-01 2.52281E+00 5.89865E+00
 6.83912E+00 4.83347E-01 6.88203E-01 2.52997E+00 5.99017E+00
 6.91831E+00 4.83950E-01 6.89062E-01 2.53677E+00 6.08289E+00
 6.99842E+00 4.84541E-01 6.89903E-01 2.54320E+00 6.17681E+00
 7.07946E+00 4.85120E-01 6.90728E-01 2.54928E+00 6.27195E+00
 7.16143E+00 4.85688E-01 6.91536E-01 2.55499E+00 6.36832E+00
 7.24436E+00 4.86244E-01 6.92328E-01 2.56034E+00 6.46593E+00
 7.32825E+00 4.86790E-01 6.93105E-01 2.56532E+00 6.56481E+00
 7.41310E+00 4.87324E-01 6.93865E-01 2.56993E+00 6.66495E+00
 7.49894E+00 4.87847E-01 6.94611E-01 2.57418E+00 6.76638E+00
 7.58578E+00 4.88360E-01 6.95341E-01 2.57806E+00 6.86911E+00
 7.67361E+00 4.88863E-01 6.96057E-01 2.58157E+00 6.97316E+00
 7.76247E+00 4.89355E-01 6.96758E-01 2.58471E+00 7.07853E+00
 7.85236E+00 4.89838E-01 6.97445E-01 2.58748E+00 7.18525E+00
 7.94328E+00 4.90311E-01 6.98118E-01 2.58988E+00 7.29333E+00
 8.03526E+00 4.90774E-01 6.98777E-01 2.59192E+00 7.40278E+00
 8.12831E+00 4.91227E-01 6.99423E-01 2.59358E+00 7.51362E+00
 8.22243E+00 4.91671E-01 7.00056E-01 2.59489E+00 7.62587E+00
 8.31764E+00 4.92107E-01 7.00675E-01 2.59582E+00 7.73953E+00
 8.41395E+00 4.92533E-01 7.01282E-01 2.59640E+00 7.85464E+00
 8.51138E+00 4.92950E-01 7.01877E-01 2.59661E+00 7.97119E+00
 8.60994E+00 4.93359E-01 7.02459E-01 2.59646E+00 8.08922E+00
 8.70964E+00 4.93760E-01 7.03029E-01 2.59596E+00 8.20873E+00
 8.81049E+00 4.94152E-01 7.03587E-01 2.59510E+00 8.32975E+00
 8.91251E+00 4.94536E-01 7.04134E-01 2.59388E+00 8.45229E+00
 9.01571E+00 4.94912E-01 7.04670E-01 2.59232E+00 8.57636E+00
 9.12011E+00 4.95281E-01 7.05194E-01 2.59041E+00 8.70199E+00
 9.22571E+00 4.95641E-01 7.05708E-01 2.58815E+00 8.82919E+00
 9.33254E+00 4.95994E-01 7.06211E-01 2.58556E+00 8.95799E+00
 9.44061E+00 4.96340E-01 7.06703E-01 2.58262E+00 9.08839E+00
 9.54993E+00 4.96679E-01 7.07185E-01 2.57936E+00 9.22042E+00
 9.66051E+00 4.97010E-01 7.07657E-01 2.57576E+00 9.35409E+00
 9.77237E+00 4.97335E-01 7.08119E-01 2.57183E+00 9.48944E+00
 9.88553E+00 4.97653E-01 7.08572E-01 2.56759E+00 9.62646E+00
 1.00000E+01 4.97964E-01 7.09015E-01 2.56302E+00 9.76519E+00
 1.01158E+01 4.98268E-01 7.09448E-01 2.55815E+00 9.90565E+00
 1.02329E+01 4.98566E-01 7.09873E-01 2.55296E+00 1.00478E+01
 1.03514E+01 4.98858E-01 7.10288E-01 2.54747E+00 1.01918E+01
 1.04713E+01 4.99144E-01 7.10695E-01 2.54167E+00 1.03376E+01
 1.05925E+01 4.99424E-01 7.11093E-01 2.53558E+00 1.04851E+01
 1.07152E+01 4.99697E-01 7.11483E-01 2.52921E+00 1.06345E+01
 1.08393E+01 4.99965E-01 7.11865E-01 2.52254E+00 1.07857E+01
 1.09648E+01 5.00228E-01 7.12238E-01 2.51560E+00 1.09388E+01
 1.10917E+01 5.00484E-01 7.12604E-01 2.50838E+00 1.10938E+01
 1.12202E+01 5.00736E-01 7.12961E-01 2.50089E+00 1.12507E+01
 1.13501E+01 5.00981E-01 7.13312E-01 2.49313E+00 1.14095E+01
 1.14815E+01 5.01222E-01 7.13654E-01 2.48512E+00 1.15703E+01
 1.16145E+01 5.01458E-01 7.13990E-01 2.47685E+00 1.17331E+01
 1.17490E+01 5.01688E-01 7.14318E-01 2.46833E+00 1.18978E+01
 1.18850E+01 5.01914E-01 7.14639E-01 2.45957E+00 1.20646E+01
 1.20226E+01 5.02135E-01 7.14954E-01 2.45057E+00 1.22335E+01
 1.21619E+01 5.02351E-01 7.15261E-01 2.44134E+00 1.24044E+01
 1.23027E+01 5.02562E-01 7.15562E-01 2.43188E+00 1.25774E+01
 1.24451E+01 5.02769E-01 7.15857E-01 2.42220E+00 1.27524E+01
 1.25893E+01 5.02972E-01 7.16145E-01 2.41231E+00 1.29293E+01
 1.27350E+01 5.03170E-01 7.16427E-01 2.40221E+00 1.31080E+01
 1.28825E+01 5.03364E-01 7.16703E-01 2.39190E+00 1.32886E+01
 1.30317E+01 5.03553E-01 7.16974E-01 2.38140E+00 1.34711E+01
 1.31826E+01 5.03739E-01 7.17238E-01 2.37070E+00 1.36553E+01
 1.33352E+01 5.03921E-01 7.17497E-01 2.35982E+00 1.38415E+01
 1.34896E+01 5.04098E-01 7.17750E-01 2.34876E+00 1.40295E+01
 1.36458E+01 5.04272E-01 7.17997E-01 2.33752E+00 1.42193E+01
 1.38038E+01 5.04443E-01 7.18239E-01 2.32611E+00 1.44110E+01
 1.39637E+01 5.04609E-01 7.18476E-01 2.31454E+00 1.46045E+01
 1.41254E+01 5.04772E-01 7.18708E-01 2.30281E+00 1.47999E+01
 1.42889E+01 5.04931E-01 7.18935E-01 2.29092E+00 1.49972E+01
 1.44544E+01 5.05087E-01 7.19157E-01 2.27889E+00 1.51962E+01
 1.46218E+01 5.05240E-01 7.19374E-01 2.26672E+00 1.53971E+01
 1.47911E+01 5.05389E-01 7.19587E-01 2.25440E+00 1.55998E+01
 1.49624E+01 5.05535E-01 7.19795E-01 2.24196E+00 1.58044E+01
 1.51356E+01 5.05678E-01 7.19998E-01 2.22940E+00 1.60107E+01
 1.53109E+01 5.05817E-01 7.20197E-01 2.21671E+00 1.62188E+01
 1.54882E+01 5.05954E-01 7.20392E-01 2.20390E+00 1.64288E+01
 1.56675E+01 5.06088E-01 7.20582E-01 2.19099E+00 1.66405E+01
 1.58489E+01 5.06219E-01 7.20768E-01 2.17797E+00 1.68539E+01
 1.60325E+01 5.06346E-01 7.20950E-01 2.16485E+00 1.70692E+01
 1.62181E+01 5.06472E-01 7.21129E-01 2.15164E+00 1.72861E+01
 1.64059E+01 5.06594E-01 7.21303E-01 2.13833E+00 1.75048E+01
 1.65959E+01 5.06714E-01 7.21473E-01 2.12495E+00 1.77252E+01
 1.67880E+01 5.06831E-01 7.21640E-01 2.11148E+00 1.79473E+01
 1.69824E+01 5.06946E-01 7.21803E-01 2.09793E+00 1.81711E+01
 1.71791E+01 5.07058E-01 7.21963E-01 2.08432E+00 1.83965E+01
 1.73780E+01 5.07167E-01 7.22119E-01 2.07063E+00 1.86236E+01
 1.75792E+01 5.07275E-01 7.22272E-01 2.05689E+00 1.88523E+01
 1.77828E+01 5.07379E-01 7.22421E-01 2.04309E+00 1.90825E+01
 1.79887E+01 5.07482E-01 7.22567E-01 2.02923E+00 1.93144E+01
 1.81970E+01 5.07582E-01 7.22710E-01 2.01533E+00 1.95477E+01
 1.84077E+01 5.07680E-01 7.22850E-01 2.00138E+00 1.97826E+01
 1.86209E+01 5.07776E-01 7.22986E-01 1.98739E+00 2.00190E+01
 1.88365E+01 5.07870E-01 7.23120E-01 1.97337E+00 2.02568E+01
 1.90546E+01 5.07962E-01 7.23251E-01 1.95931E+00 2.04961E+01
 1.92752E+01 5.08052E-01 7.23379E-01 1.94522E+00 2.07367E+01
 1.94984E+01 5.08140E-01 7.23504E-01 1.93111E+00 2.09788E+01
 1.97242E+01 5.08226E-01 7.23626E-01 1.91698E+00 2.12221E+01
 1.99526E+01 5.08310E-01 7.23746E-01 1.90283E+00 2.14667E+01
 2.01837E+01 5.08392E-01 7.23863E-01 1.88867E+00 2.17126E+01
 2.04174E+01 5.08472E-01 7.23977E-01 1.87450E+00 2.19597E+01
 2.06538E+01 5.08551E-01 7.24089E-01 1.86032E+00 2.22080E+01
 2.08930E+01 5.08628E-01 7.24198E-01 1.84613E+00 2.24574E+01
 2.11349E+01 5.08703E-01 7.24305E-01 1.83195E+00 2.27079E+01
 2.13796E+01 5.08776E-01 7.24410E-01 1.81777E+00 2.29594E+01
 2.16272E+01 5.08848E-01 7.24513E-01 1.80360E+00 2.32119E+01
 2.18776E+01 5.08919E-01 7.24613E-01 1.78943E+00 2.34654E+01
 2.21309E+01 5.08987E-01 7.24711E-01 1.77528E+00 2.37197E+01
 2.23872E+01 5.09055E-01 7.24806E-01 1.76114E+00 2.39749E+01
 2.26464E+01 5.09120E-01 7.24900E-01 1.74702E+00 2.42309E+01
 2.29087E+01 5.09185E-01 7.24991E-01 1.73292E+00 2.44876E+01
 2.31739E+01 5.09247E-01 7.25081E-01 1.71885E+00 2.47450E+01
 2.34423E+01 5.09309E-01 7.25168E-01 1.70480E+00 2.50030E+01
 2.37137E+01 5.09369E-01 7.25254E-01 1.69077E+00 2.52616E+01
 2.39883E+01 5.09428E-01 7.25338E-01 1.67678E+00 2.55207E+01
 2.42661E+01 5.09485E-01 7.25420E-01 1.66282E+00 2.57802E+01
 2.45471E+01 5.09542E-01 7.25500E-01 1.64890E+00 2.60400E+01
 2.48313E+01 5.09597E-01 7.25578E-01 1.63501E+00 2.63002E+01
 2.51189E+01 5.09650E-01 7.25654E-01 1.62117E+00 2.65606E+01
 2.54097E+01 5.09703E-01 7.25729E-01 1.60737E+00 2.68211E+01
 2.57040E+01 5.09754E-01 7.25803E-01 1.59361E+00 2.70817E+01
 2.60016E+01 5.09805E-01 7.25874E-01 1.57989E+00 2.73424E+01
 2.63027E+01 5.09854E-01 7.25944E-01 1.56622E+00 2.76030E+01
 2.66073E+01 5.09902E-01 7.26012E-01 1.55261E+00 2.78634E+01
 2.69153E+01 5.09949E-01 7.26079E-01 1.53904E+00 2.81236E+01
 2.72270E+01 5.09995E-01 7.26145E-01 1.52553E+00 2.83835E+01
 2.75423E+01 5.10040E-01 7.26209E-01 1.51207E+00 2.86430E+01
 2.78612E+01 5.10084E-01 7.26271E-01 1.49867E+00 2.89021E+01
 2.81838E+01 5.10126E-01 7.26332E-01 1.48533E+00 2.91606E+01
 2.85102E+01 5.10168E-01 7.26392E-01 1.47204E+00 2.94185E+01
 2.88403E+01 5.10210E-01 7.26451E-01 1.45882E+00 2.96756E+01
 2.91743E+01 5.10250E-01 7.26508E-01 1.44566E+00 2.99319E+01
 2.95121E+01 5.10289E-01 7.26564E-01 1.43256E+00 3.01873E+01
 2.98538E+01 5.10327E-01 7.26618E-01 1.41952E+00 3.04417E+01
 3.01995E+01 5.10365E-01 7.26672E-01 1.40656E+00 3.06950E+01
 3.05492E+01 5.10402E-01 7.26724E-01 1.39365E+00 3.09472E+01
 3.09030E+01 5.10437E-01 7.26775E-01 1.38082E+00 3.11980E+01
 3.12608E+01 5.10472E-01 7.26825E-01 1.36806E+00 3.14475E+01
 3.16228E+01 5.10507E-01 7.26874E-01 1.35536E+00 3.16954E+01
 3.19890E+01 5.10540E-01 7.26922E-01 1.34274E+00 3.19418E+01
 3.23594E+01 5.10573E-01 7.26968E-01 1.33019E+00 3.21865E+01
 3.27341E+01 5.10605E-01 7.27014E-01 1.31771E+00 3.24295E+01
 3.31131E+01 5.10636E-01 7.27059E-01 1.30531E+00 3.26705E+01
 3.34965E+01 5.10667E-01 7.27102E-01 1.29298E+00 3.29096E+01
 3.38844E+01 5.10697E-01 7.27145E-01 1.28072E+00 3.31466E+01
 3.42768E+01 5.10726E-01 7.27186E-01 1.26854E+00 3.33813E+01
 3.46737E+01 5.10755E-01 7.27227E-01 1.25644E+00 3.36138E+01
 3.50752E+01 5.10783E-01 7.27267E-01 1.24441E+00 3.38439E+01
 3.54813E+01 5.10810E-01 7.27306E-01 1.23246E+00 3.40715E+01
 3.58922E+01 5.10837E-01 7.27344E-01 1.22059E+00 3.42965E+01
 3.63078E+01 5.10863E-01 7.27381E-01 1.20880E+00 3.45187E+01
 3.67282E+01 5.10889E-01 7.27418E-01 1.19709E+00 3.47382E+01
 3.71535E+01 5.10914E-01 7.27453E-01 1.18546E+00 3.49547E+01
 3.75837E+01 5.10938E-01 7.27488E-01 1.17390E+00 3.51682E+01
 3.80189E+01 5.10962E-01 7.27522E-01 1.16243E+00 3.53785E+01
 3.84592E+01 5.10985E-01 7.27555E-01 1.15104E+00 3.55856E+01
 3.89045E+01 5.11008E-01 7.27588E-01 1.13973E+00 3.57894E+01
 3.93550E+01 5.11031E-01 7.27620E-01 1.12850E+00 3.59898E+01
 3.98107E+01 5.11052E-01 7.27651E-01 1.11735E+00 3.61866E+01
 4.02717E+01 5.11074E-01 7.27681E-01 1.10629E+00 3.63797E+01
 4.07380E+01 5.11095E-01 7.27711E-01 1.09530E+00 3.65691E+01
 4.12098E+01 5.11115E-01 7.27740E-01 1.08440E+00 3.67547E+01
 4.16869E+01 5.11135E-01 7.27768E-01 1.07358E+00 3.69364E+01
 4.21697E+01 5.11154E-01 7.27796E-01 1.06284E+00 3.71140E+01
 4.26580E+01 5.11173E-01 7.27823E-01 1.05218E+00 3.72875E+01
 4.31519E+01 5.11192E-01 7.27850E-01 1.04161E+00 3.74567E+01
 4.36516E+01 5.11210E-01 7.27876E-01 1.03112E+00 3.76217E+01
 4.41570E+01 5.11228E-01 7.27901E-01 1.02071E+00 3.77822E+01
 4.46684E+01 5.11245E-01 7.27926E-01 1.01038E+00 3.79383E+01
 4.51856E+01 5.11262E-01 7.27950E-01 1.00014E+00 3.80898E+01
 4.57088E+01 5.11279E-01 7.27974E-01 9.89978E-01 3.82367E+01
 4.62381E+01 5.11295E-01 7.27997E-01 9.79899E-01 3.83788E+01
 4.67735E+01 5.11311E-01 7.28019E-01 9.69902E-01 3.85162E+01
 4.73151E+01 5.11327E-01 7.28041E-01 9.69023E-01 3.86486E+01
 4.78630E+01 5.11342E-01 7.28063E-01 9.69052E-01 3.87761E+01
 4.84172E+01 5.11357E-01 7.28084E-01 9.69080E-01 3.88986E+01
 4.89779E+01 5.11371E-01 7.28105E-01 9.69108E-01 3.90160E+01
 4.95450E+01 5.11386E-01 7.28125E-01 9.69134E-01 3.91282E+01
 5.01187E+01 5.11399E-01 7.28145E-01 9.69161E-01 3.92353E+01
 5.06991E+01 5.11413E-01 7.28164E-01 9.69186E-01 3.93370E+01
 5.12861E+01 5.11426E-01 7.28183E-01 9.69212E-01 3.94335E+01
 5.18800E+01 5.11439E-01 7.28201E-01 9.69236E-01 3.95245E+01
 5.24807E+01 5.11452E-01 7.28219E-01 9.69260E-01 3.96102E+01
 5.30884E+01 5.11464E-01 7.28237E-01 9.69284E-01 3.96903E+01
 5.37032E+01 5.11476E-01 7.28254E-01 9.69306E-01 3.97650E+01
 5.43250E+01 5.11488E-01 7.28271E-01 9.69329E-01 3.98341E+01
 5.49541E+01 5.11500E-01 7.28288E-01 9.69351E-01 3.98977E+01
 5.55904E+01 5.11511E-01 7.28304E-01 9.69372E-01 3.99557E+01
 5.62341E+01 5.11522E-01 7.28319E-01 9.69393E-01 4.00080E+01
 5.68853E+01 5.11533E-01 7.28335E-01 9.69414E-01 4.00547E+01
 5.75440E+01 5.11543E-01 7.28350E-01 9.69434E-01 4.00957E+01
 5.82103E+01 5.11554E-01 7.28364E-01 9.69453E-01 4.01310E+01
 5.88844E+01 5.11564E-01 7.28379E-01 9.69472E-01 4.01606E+01
 5.95662E+01 5.11574E-01 7.28393E-01 9.69491E-01 4.01845E+01
 6.02560E+01 5.11583E-01 7.28407E-01 9.69509E-01 4.02028E+01
 6.09537E+01 5.11593E-01 7.28420E-01 9.69527E-01 4.02153E+01
 6.16595E+01 5.11602E-01 7.28433E-01 9.69544E-01 4.02221E+01
 6.23735E+01 5.11611E-01 7.28446E-01 9.69562E-01 4.02232E+01
 6.30957E+01 5.11620E-01 7.28458E-01 9.69578E-01 4.02187E+01
 6.38263E+01 5.11628E-01 7.28471E-01 9.69594E-01 4.02085E+01
 6.45654E+01 5.11637E-01 7.28483E-01 9.69610E-01 4.01926E+01
 6.53131E+01 5.11645E-01 7.28494E-01 9.69626E-01 4.01711E+01
 6.60693E+01 5.11653E-01 7.28506E-01 9.69641E-01 4.01441E+01
 6.68344E+01 5.11661E-01 7.28517E-01 9.69656E-01 4.01115E+01
 6.76083E+01 5.11668E-01 7.28528E-01 9.69671E-01 4.00733E+01
 6.83912E+01 5.11676E-01 7.28539E-01 9.69685E-01 4.00297E+01
 6.91831E+01 5.11683E-01 7.28549E-01 9.69699E-01 3.99806E+01
 6.99842E+01 5.11690E-01 7.28559E-01 9.69712E-01 3.99261E+01
 7.07946E+01 5.11697E-01 7.28569E-01 9.69726E-01 3.98662E+01
 7.16143E+01 5.11704E-01 7.28579E-01 9.69739E-01 3.98011E+01
 7.24436E+01 5.11711E-01 7.28588E-01 9.69751E-01 3.97306E+01
 7.32825E+01 5.11717E-01 7.28598E-01 9.69764E-01 3.96550E+01
 7.41310E+01 5.11724E-01 7.28607E-01 9.69776E-01 3.95743E+01
 7.49894E+01 5.11730E-01 7.28616E-01 9.69788E-01 3.94885E+01
 7.58578E+01 5.11736E-01 7.28624E-01 9.69799E-01 3.93977E+01
 7.67361E+01 5.11742E-01 7.28633E-01 9.69810E-01 3.93019E+01
 7.76247E+01 5.11748E-01 7.28641E-01 9.69822E-01 3.92013E+01
 7.85236E+01 5.11754E-01 7.28649E-01 9.69832E-01 3.90958E+01
 7.94328E+01 5.11759E-01 7.28657E-01 9.69843E-01 3.89857E+01
 8.03526E+01 5.11765E-01 7.28665E-01 9.69853E-01 3.88709E+01
 8.12831E+01 5.11770E-01 7.28673E-01 9.69863E-01 3.87515E+01
 8.22243E+01 5.11775E-01 7.28680E-01 9.69873E-01 3.86277E+01
 8.31764E+01 5.11780E-01 7.28687E-01 9.69883E-01 3.84995E+01
 8.41395E+01 5.11785E-01 7.28694E-01 9.69892E-01 3.83669E+01
 8.51138E+01 5.11790E-01 7.28701E-01 9.69901E-01 3.82301E+01
 8.60994E+01 5.11795E-01 7.28708E-01 9.69910E-01 3.80892E+01
 8.70964E+01 5.11800E-01 7.28715E-01 9.69919E-01 3.79442E+01
 8.81049E+01 5.11804E-01 7.28721E-01 9.69928E-01 3.77953E+01
 8.91251E+01 5.11809E-01 7.28727E-01 9.69936E-01 3.76425E+01
 9.01571E+01 5.11813E-01 7.28734E-01 9.69944E-01 3.74859E+01
 9.12011E+01 5.11817E-01 7.28740E-01 9.69952E-01 3.73257E+01
 9.22571E+01 5.11821E-01 7.28746E-01 9.69960E-01 3.71618E+01
 9.33254E+01 5.11825E-01 7.28751E-01 9.69968E-01 3.69945E+01
 9.44061E+01 5.11829E-01 7.28757E-01 9.69976E-01 3.68238E+01
 9.54993E+01 5.11833E-01 7.28762E-01 9.69983E-01 3.66498E+01
 9.66051E+01 5.11837E-01 7.28768E-01 9.69990E-01 3.64726E+01
 9.77237E+01 5.11841E-01 7.28773E-01 9.69997E-01 3.62922E+01
 9.88553E+01 5.11844E-01 7.28778E-01 9.70004E-01 3.61089E+01
 1.00000E+02 5.11848E-01 7.28783E-01 9.70011E-01 3.59227E+01
