 1.00000E-02 3.40678E-02 5.49039E-02 8.50950E-02 8.94935E-02
 2.00000E-02 3.43932E-02 5.53476E-02 8.55786E-02 9.00214E-02
 3.00000E-02 3.49339E-02 5.60533E-02 8.63834E-02 9.08298E-02
 4.00000E-02 3.56879E-02 5.70340E-02 8.75076E-02 9.19563E-02
 5.00000E-02 3.66520E-02 5.82936E-02 8.89486E-02 9.34036E-02
 6.00000E-02 3.78220E-02 5.98217E-02 9.07084E-02 9.51686E-02
 7.00000E-02 3.91941E-02 6.16146E-02 9.27756E-02 9.72462E-02
 8.00000E-02 4.07617E-02 6.36670E-02 9.51503E-02 9.96316E-02
 9.00000E-02 4.25189E-02 6.59692E-02 9.78223E-02 1.02319E-01
 1.00000E-01 4.44582E-02 6.85127E-02 1.00784E-01 1.05301E-01
 1.10000E-01 4.65714E-02 7.12875E-02 1.04025E-01 1.08567E-01
 1.20000E-01 4.88506E-02 7.42829E-02 1.07534E-01 1.12106E-01
 1.30000E-01 5.12869E-02 7.74882E-02 1.11301E-01 1.15905E-01
 1.40000E-01 5.38714E-02 8.08909E-02 1.15310E-01 1.19953E-01
 1.50000E-01 5.65952E-02 8.44795E-02 1.19547E-01 1.24235E-01
 1.60000E-01 5.94493E-02 8.82417E-02 1.23998E-01 1.28735E-01
 1.70000E-01 6.24247E-02 9.21656E-02 1.28649E-01 1.33438E-01
 1.80000E-01 6.55126E-02 9.62390E-02 1.33482E-01 1.38328E-01
 1.90000E-01 6.87043E-02 1.00450E-01 1.38484E-01 1.43390E-01
 2.00000E-01 7.19914E-02 1.04787E-01 1.43638E-01 1.48608E-01
 2.10000E-01 7.53656E-02 1.09240E-01 1.48931E-01 1.53967E-01
 2.20000E-01 7.88190E-02 1.13796E-01 1.54347E-01 1.59451E-01
 2.30000E-01 8.23440E-02 1.18447E-01 1.59872E-01 1.65045E-01
 2.40000E-01 8.59332E-02 1.23181E-01 1.65493E-01 1.70737E-01
 2.50000E-01 8.95798E-02 1.27990E-01 1.71198E-01 1.76512E-01
 2.60000E-01 9.32769E-02 1.32865E-01 1.76974E-01 1.82359E-01
 2.70000E-01 9.70186E-02 1.37797E-01 1.82811E-01 1.88266E-01
 2.80000E-01 1.00798E-01 1.42778E-01 1.88697E-01 1.94221E-01
 2.90000E-01 1.04611E-01 1.47802E-01 1.94622E-01 2.00213E-01
 3.00000E-01 1.08451E-01 1.52860E-01 2.00578E-01 2.06235E-01
 3.10000E-01 1.12313E-01 1.57948E-01 2.06556E-01 2.12276E-01
 3.20000E-01 1.16192E-01 1.63058E-01 2.12548E-01 2.18328E-01
 3.30000E-01 1.20085E-01 1.68185E-01 2.18547E-01 2.24385E-01
 3.40000E-01 1.23986E-01 1.73323E-01 2.24545E-01 2.30438E-01
 3.50000E-01 1.27892E-01 1.78468E-01 2.30538E-01 2.36482E-01
 3.60000E-01 1.31799E-01 1.83616E-01 2.36519E-01 2.42511E-01
 3.70000E-01 1.35703E-01 1.88761E-01 2.42483E-01 2.48519E-01
 3.80000E-01 1.39602E-01 1.93901E-01 2.48426E-01 2.54502E-01
 3.90000E-01 1.43492E-01 1.99031E-01 2.54343E-01 2.60455E-01
 4.00000E-01 1.47371E-01 2.04148E-01 2.60231E-01 2.66374E-01
 4.10000E-01 1.51235E-01 2.09249E-01 2.66086E-01 2.72256E-01
 4.20000E-01 1.55083E-01 2.14331E-01 2.71904E-01 2.78097E-01
 4.30000E-01 1.58911E-01 2.19392E-01 2.77684E-01 2.83895E-01
 4.40000E-01 1.62719E-01 2.24429E-01 2.83423E-01 2.89648E-01
 4.50000E-01 1.66503E-01 2.29440E-01 2.89118E-01 2.95351E-01
 4.60000E-01 1.70263E-01 2.34423E-01 2.94768E-01 3.01005E-01
 4.70000E-01 1.73996E-01 2.39375E-01 3.00370E-01 3.06607E-01
 4.80000E-01 1.77701E-01 2.44296E-01 3.06519E-01 3.15807E-01
 4.90000E-01 1.81376E-01 2.49183E-01 3.15629E-01 3.25193E-01
 5.00000E-01 1.85020E-01 2.54036E-01 3.24652E-01 3.34489E-01
 5.10000E-01 1.88632E-01 2.58852E-01 3.33582E-01 3.43690E-01
 5.20000E-01 1.92211E-01 2.63631E-01 3.42415E-01 3.52791E-01
 5.30000E-01 1.95756E-01 2.68371E-01 3.51147E-01 3.61788E-01
 5.40000E-01 1.99265E-01 2.73072E-01 3.59775E-01 3.70677E-01
 5.50000E-01 2.02739E-01 2.77732E-01 3.68295E-01 3.79455E-01
 5.60000E-01 2.06176E-01 2.83024E-01 3.76705E-01 3.88120E-01
 5.70000E-01 2.09576E-01 2.89258E-01 3.85002E-01 3.96668E-01
 5.80000E-01 2.12939E-01 2.95406E-01 3.93185E-01 4.05099E-01
 5.90000E-01 2.16262E-01 3.01466E-01 4.01251E-01 4.13410E-01
 6.00000E-01 2.19548E-01 3.07438E-01 4.09200E-01 4.21599E-01
 6.10000E-01 2.22794E-01 3.13321E-01 4.17031E-01 4.29667E-01
 6.20000E-01 2.26001E-01 3.19115E-01 4.24742E-01 4.37612E-01
 6.30000E-01 2.29168E-01 3.24819E-01 4.32334E-01 4.45434E-01
 6.40000E-01 2.32295E-01 3.30433E-01 4.39806E-01 4.53132E-01
 6.50000E-01 2.35953E-01 3.35956E-01 4.47158E-01 4.60707E-01
 6.60000E-01 2.39769E-01 3.41390E-01 4.54390E-01 4.68158E-01
 6.70000E-01 2.43522E-01 3.46734E-01 4.61503E-01 4.75487E-01
 6.80000E-01 2.47213E-01 3.51988E-01 4.68497E-01 4.82692E-01
 6.90000E-01 2.50841E-01 3.57154E-01 4.75372E-01 4.89776E-01
 7.00000E-01 2.54407E-01 3.62232E-01 4.82130E-01 4.96739E-01
 7.10000E-01 2.57911E-01 3.67221E-01 4.88772E-01 5.03582E-01
 7.20000E-01 2.61355E-01 3.72124E-01 4.95298E-01 5.10306E-01
 7.30000E-01 2.64738E-01 3.76941E-01 5.01709E-01 5.16911E-01
 7.40000E-01 2.68061E-01 3.81673E-01 5.08007E-01 5.23400E-01
 7.50000E-01 2.71326E-01 3.86321E-01 5.14194E-01 5.29774E-01
 7.60000E-01 2.74532E-01 3.90886E-01 5.20269E-01 5.36034E-01
 7.70000E-01 2.77680E-01 3.95369E-01 5.26236E-01 5.42181E-01
 7.80000E-01 2.80771E-01 3.99770E-01 5.32094E-01 5.48217E-01
 7.90000E-01 2.83807E-01 4.04092E-01 5.37847E-01 5.54144E-01
 8.00000E-01 2.86787E-01 4.08335E-01 5.43494E-01 5.59963E-01
 8.10000E-01 2.89713E-01 4.12501E-01 5.49039E-01 5.65675E-01
 8.20000E-01 2.92585E-01 4.16590E-01 5.54482E-01 5.71283E-01
 8.30000E-01 2.95404E-01 4.20605E-01 5.59825E-01 5.76788E-01
 8.40000E-01 2.98172E-01 4.24545E-01 5.65069E-01 5.82192E-01
 8.50000E-01 3.00888E-01 4.28413E-01 5.70217E-01 5.87496E-01
 8.60000E-01 3.03554E-01 4.32209E-01 5.75270E-01 5.92702E-01
 8.70000E-01 3.06171E-01 4.35935E-01 5.80230E-01 5.97812E-01
 8.80000E-01 3.08740E-01 4.39593E-01 5.85098E-01 6.02827E-01
 8.90000E-01 3.11261E-01 4.43183E-01 5.89876E-01 6.07750E-01
 9.00000E-01 3.13736E-01 4.46706E-01 5.94565E-01 6.12581E-01
 9.10000E-01 3.16165E-01 4.50164E-01 5.99168E-01 6.17324E-01
 9.20000E-01 3.18548E-01 4.53558E-01 6.03686E-01 6.21978E-01
 9.30000E-01 3.20888E-01 4.56890E-01 6.08120E-01 6.26547E-01
 9.40000E-01 3.23185E-01 4.60159E-01 6.12472E-01 6.31031E-01
 9.50000E-01 3.25439E-01 4.63369E-01 6.16744E-01 6.35432E-01
 9.60000E-01 3.27651E-01 4.66519E-01 6.20937E-01 6.39752E-01
 9.70000E-01 3.29823E-01 4.69612E-01 6.25053E-01 6.43993E-01
 9.80000E-01 3.31955E-01 4.72647E-01 6.29094E-01 6.48156E-01
 9.90000E-01 3.34048E-01 4.75627E-01 6.33060E-01 6.52242E-01
 1.00000E+00 3.36103E-01 4.78553E-01 6.36954E-01 6.56254E-01
 1.01158E+00 3.38435E-01 4.81873E-01 6.41373E-01 6.60808E-01
 1.02329E+00 3.40744E-01 4.85161E-01 6.45749E-01 6.65316E-01
 1.03514E+00 3.43030E-01 4.88416E-01 6.50082E-01 6.69780E-01
 1.04713E+00 3.45293E-01 4.91637E-01 6.54369E-01 6.74197E-01
 1.05925E+00 3.47532E-01 4.94825E-01 6.58613E-01 6.78569E-01
 1.07152E+00 3.49747E-01 4.97980E-01 6.62811E-01 6.82895E-01
 1.08393E+00 3.51938E-01 5.01100E-01 6.66964E-01 6.87173E-01
 1.09648E+00 3.54106E-01 5.04186E-01 6.71071E-01 6.91405E-01
 1.10917E+00 3.56249E-01 5.07238E-01 6.75133E-01 6.95590E-01
 1.12202E+00 3.58368E-01 5.10255E-01 6.79149E-01 6.99728E-01
 1.13501E+00 3.60463E-01 5.13238E-01 6.83119E-01 7.03819E-01
 1.14815E+00 3.62534E-01 5.16186E-01 6.87043E-01 7.07861E-01
 1.16145E+00 3.64580E-01 5.19099E-01 6.90921E-01 7.11857E-01
 1.17490E+00 3.66602E-01 5.21978E-01 6.94753E-01 7.15805E-01
 1.18850E+00 3.68600E-01 5.24822E-01 6.98539E-01 7.19705E-01
 1.20226E+00 3.70573E-01 5.27632E-01 7.02278E-01 7.23558E-01
 1.21619E+00 3.72521E-01 5.30407E-01 7.05971E-01 7.27363E-01
 1.23027E+00 3.74446E-01 5.33147E-01 7.09618E-01 7.31120E-01
 1.24451E+00 3.76346E-01 5.35852E-01 7.13219E-01 7.34830E-01
 1.25893E+00 3.78222E-01 5.38523E-01 7.16774E-01 7.38493E-01
 1.27350E+00 3.80074E-01 5.41159E-01 7.20283E-01 7.42108E-01
 1.28825E+00 3.81901E-01 5.43762E-01 7.23747E-01 7.45677E-01
 1.30317E+00 3.83705E-01 5.46330E-01 7.27165E-01 7.49198E-01
 1.31826E+00 3.85484E-01 5.48863E-01 7.30537E-01 7.52673E-01
 1.33352E+00 3.87240E-01 5.51363E-01 7.33865E-01 7.56101E-01
 1.34896E+00 3.88972E-01 5.53830E-01 7.37147E-01 7.59483E-01
 1.36458E+00 3.90681E-01 5.56262E-01 7.40385E-01 7.62819E-01
 1.38038E+00 3.92366E-01 5.58661E-01 7.43578E-01 7.66109E-01
 1.39637E+00 3.94028E-01 5.61027E-01 7.46728E-01 7.69354E-01
 1.41254E+00 3.95666E-01 5.63361E-01 7.49833E-01 7.72554E-01
 1.42889E+00 3.97282E-01 5.65661E-01 7.52895E-01 7.75708E-01
 1.44544E+00 3.98875E-01 5.67929E-01 7.55913E-01 7.78818E-01
 1.46218E+00 4.00445E-01 5.70164E-01 7.58889E-01 7.81884E-01
 1.47911E+00 4.01992E-01 5.72368E-01 7.61822E-01 7.84906E-01
 1.49624E+00 4.03518E-01 5.74540E-01 7.64713E-01 7.87884E-01
 1.51356E+00 4.05021E-01 5.76680E-01 7.67562E-01 7.90819E-01
 1.53109E+00 4.06503E-01 5.78790E-01 7.70369E-01 7.93712E-01
 1.54882E+00 4.07962E-01 5.80868E-01 7.73135E-01 7.96562E-01
 1.56675E+00 4.09401E-01 5.82916E-01 7.75861E-01 7.99371E-01
 1.58489E+00 4.10818E-01 5.84934E-01 7.78547E-01 8.02137E-01
 1.60325E+00 4.12213E-01 5.86921E-01 7.81192E-01 8.04863E-01
 1.62181E+00 4.13589E-01 5.88879E-01 7.83798E-01 8.07548E-01
 1.64059E+00 4.14943E-01 5.90808E-01 7.86365E-01 8.10193E-01
 1.65959E+00 4.16277E-01 5.92707E-01 7.88894E-01 8.12798E-01
 1.67880E+00 4.17591E-01 5.94578E-01 7.91384E-01 8.15364E-01
 1.69824E+00 4.18886E-01 5.96421E-01 7.93836E-01 8.17890E-01
 1.71791E+00 4.20160E-01 5.98236E-01 7.96252E-01 8.20379E-01
 1.73780E+00 4.21415E-01 6.00023E-01 7.98630E-01 8.22829E-01
 1.75792E+00 4.22651E-01 6.01782E-01 8.00972E-01 8.25242E-01
 1.77828E+00 4.23868E-01 6.03515E-01 8.03278E-01 8.27619E-01
 1.79887E+00 4.25066E-01 6.05221E-01 8.05549E-01 8.29958E-01
 1.81970E+00 4.26246E-01 6.06901E-01 8.07785E-01 8.32262E-01
 1.84077E+00 4.27407E-01 6.08555E-01 8.09986E-01 8.34530E-01
 1.86209E+00 4.28551E-01 6.10183E-01 8.12154E-01 8.36763E-01
 1.88365E+00 4.29677E-01 6.11786E-01 8.14287E-01 8.38961E-01
 1.90546E+00 4.30785E-01 6.13364E-01 8.16388E-01 8.41125E-01
 1.92752E+00 4.31877E-01 6.14918E-01 8.18456E-01 8.43256E-01
 1.94984E+00 4.32951E-01 6.16448E-01 8.20492E-01 8.45354E-01
 1.97242E+00 4.34008E-01 6.17953E-01 8.22496E-01 8.47418E-01
 1.99526E+00 4.35049E-01 6.19436E-01 8.24469E-01 8.49451E-01
 2.01837E+00 4.36074E-01 6.20895E-01 8.26411E-01 8.51452E-01
 2.04174E+00 4.37083E-01 6.22331E-01 8.28323E-01 8.53422E-01
 2.06538E+00 4.38076E-01 6.23745E-01 8.30205E-01 8.55361E-01
 2.08930E+00 4.39054E-01 6.25137E-01 8.32058E-01 8.57270E-01
 2.11349E+00 4.40016E-01 6.26507E-01 8.33881E-01 8.59149E-01
 2.13796E+00 4.40964E-01 6.27856E-01 8.35677E-01 8.60999E-01
 2.16272E+00 4.41896E-01 6.29184E-01 8.37444E-01 8.62819E-01
 2.18776E+00 4.42814E-01 6.30491E-01 8.39184E-01 8.64612E-01
 2.21309E+00 4.43718E-01 6.31778E-01 8.40896E-01 8.66376E-01
 2.23872E+00 4.44608E-01 6.33045E-01 8.42582E-01 8.68114E-01
 2.26464E+00 4.45483E-01 6.34292E-01 8.44242E-01 8.69824E-01
 2.29087E+00 4.46346E-01 6.35519E-01 8.45876E-01 8.71507E-01
 2.31739E+00 4.47194E-01 6.36728E-01 8.47485E-01 8.73165E-01
 2.34423E+00 4.48030E-01 6.37918E-01 8.49069E-01 8.74796E-01
 2.37137E+00 4.48853E-01 6.39089E-01 8.50628E-01 8.76403E-01
 2.39883E+00 4.49663E-01 6.40243E-01 8.52163E-01 8.77985E-01
 2.42661E+00 4.50461E-01 6.41378E-01 8.53675E-01 8.79542E-01
 2.45471E+00 4.51246E-01 6.42497E-01 8.55163E-01 8.81075E-01
 2.48313E+00 4.52019E-01 6.43598E-01 8.56628E-01 8.82585E-01
 2.51189E+00 4.52781E-01 6.44682E-01 8.58071E-01 8.84072E-01
 2.54097E+00 4.53530E-01 6.45749E-01 8.59492E-01 8.85536E-01
 2.57040E+00 4.54269E-01 6.46801E-01 8.60892E-01 8.86977E-01
 2.60016E+00 4.54996E-01 6.47836E-01 8.62270E-01 8.88397E-01
 2.63027E+00 4.55712E-01 6.48855E-01 8.63627E-01 8.89795E-01
 2.66073E+00 4.56417E-01 6.49860E-01 8.64963E-01 8.91172E-01
 2.69153E+00 4.57112E-01 6.50849E-01 8.66280E-01 8.92529E-01
 2.72270E+00 4.57796E-01 6.51823E-01 8.67576E-01 8.93865E-01
 2.75423E+00 4.58470E-01 6.52782E-01 8.68853E-01 8.95181E-01
 2.78612E+00 4.59134E-01 6.53728E-01 8.70112E-01 8.96477E-01
 2.81838E+00 4.59788E-01 6.54659E-01 8.71351E-01 8.97754E-01
 2.85102E+00 4.60432E-01 6.55576E-01 8.72572E-01 8.99012E-01
 2.88403E+00 4.61067E-01 6.56480E-01 8.73775E-01 9.00251E-01
 2.91743E+00 4.61692E-01 6.57371E-01 8.74960E-01 9.04371E-01
 2.95121E+00 4.62309E-01 6.58248E-01 8.76128E-01 9.17957E-01
 2.98538E+00 4.62916E-01 6.59113E-01 8.77279E-01 9.31669E-01
 3.01995E+00 4.63514E-01 6.59965E-01 8.78413E-01 9.45509E-01
 3.05492E+00 4.64104E-01 6.60804E-01 8.79531E-01 9.59469E-01
 3.09030E+00 4.64685E-01 6.61632E-01 8.80632E-01 9.73551E-01
 3.12608E+00 4.65258E-01 6.62447E-01 8.81718E-01 9.87758E-01
 3.16228E+00 4.65823E-01 6.63251E-01 8.82788E-01 1.00208E+00
 3.19890E+00 4.66379E-01 6.64044E-01 8.83842E-01 1.01652E+00
 3.23594E+00 4.66928E-01 6.64825E-01 8.84882E-01 1.03109E+00
 3.27341E+00 4.67469E-01 6.65595E-01 8.85907E-01 1.04576E+00
 3.31131E+00 4.68002E-01 6.66355E-01 8.86918E-01 1.06055E+00
 3.34965E+00 4.68528E-01 6.67103E-01 8.87914E-01 1.07545E+00
 3.38844E+00 4.69046E-01 6.67841E-01 8.88897E-01 1.09046E+00
 3.42768E+00 4.69558E-01 6.68569E-01 8.89866E-01 1.10559E+00
 3.46737E+00 4.70062E-01 6.69287E-01 8.90821E-01 1.12082E+00
 3.50752E+00 4.70559E-01 6.69995E-01 8.91764E-01 1.13615E+00
 3.54813E+00 4.71050E-01 6.70694E-01 8.92693E-01 1.15159E+00
 3.58922E+00 4.71533E-01 6.71382E-01 8.93610E-01 1.16713E+00
 3.63078E+00 4.72011E-01 6.72062E-01 8.94514E-01 1.18277E+00
 3.67282E+00 4.72481E-01 6.72732E-01 8.95407E-01 1.19851E+00
 3.71535E+00 4.72946E-01 6.73393E-01 8.96287E-01 1.21434E+00
 3.75837E+00 4.73404E-01 6.74046E-01 8.97155E-01 1.23027E+00
 3.80189E+00 4.73856E-01 6.74689E-01 8.98012E-01 1.24628E+00
 3.84592E+00 4.74302E-01 6.75325E-01 8.98857E-01 1.26238E+00
 3.89045E+00 4.74742E-01 6.75951E-01 8.99691E-01 1.27858E+00
 3.93550E+00 4.75177E-01 6.76570E-01 9.00515E-01 1.29485E+00
 3.98107E+00 4.75605E-01 6.77180E-01 9.01327E-01 1.31120E+00
 4.02717E+00 4.76028E-01 6.77783E-01 9.02129E-01 1.32763E+00
 4.07380E+00 4.76446E-01 6.78377E-01 9.02920E-01 1.34413E+00
 4.12098E+00 4.76858E-01 6.78964E-01 9.03702E-01 1.36071E+00
 4.16869E+00 4.77265E-01 6.79544E-01 9.04473E-01 1.37735E+00
 4.21697E+00 4.77667E-01 6.80116E-01 9.05234E-01 1.39406E+00
 4.26580E+00 4.78064E-01 6.80681E-01 9.05986E-01 1.41084E+00
 4.31519E+00 4.78455E-01 6.81238E-01 9.06728E-01 1.42767E+00
 4.36516E+00 4.78842E-01 6.81789E-01 9.07461E-01 1.44456E+00
 4.41570E+00 4.79224E-01 6.82332E-01 9.08184E-01 1.46150E+00
 4.46684E+00 4.79601E-01 6.82869E-01 9.08899E-01 1.47850E+00
 4.51856E+00 4.79973E-01 6.83399E-01 9.09604E-01 1.49554E+00
 4.57088E+00 4.80341E-01 6.83923E-01 9.10301E-01 1.51262E+00
 4.62381E+00 4.80704E-01 6.84440E-01 9.10989E-01 1.52975E+00
 4.67735E+00 4.81062E-01 6.84950E-01 9.11669E-01 1.54690E+00
 4.73151E+00 4.81417E-01 6.85455E-01 9.12340E-01 1.56410E+00
 4.78630E+00 4.81767E-01 6.85953E-01 9.13003E-01 1.58132E+00
 4.84172E+00 4.82112E-01 6.86445E-01 9.13658E-01 1.59857E+00
 4.89779E+00 4.82454E-01 6.86931E-01 9.14305E-01 1.61583E+00
 4.95450E+00 4.82791E-01 6.87411E-01 9.14944E-01 1.63312E+00
 5.01187E+00 4.83124E-01 6.87886E-01 9.15576E-01 1.65042E+00
 5.06991E+00 4.83453E-01 6.88355E-01 9.16200E-01 1.66772E+00
 5.12861E+00 4.83779E-01 6.88818E-01 9.16816E-01 1.68504E+00
 5.18800E+00 4.84100E-01 6.89275E-01 9.17425E-01 1.70235E+00
 5.24807E+00 4.84418E-01 6.89727E-01 9.18027E-01 1.71967E+00
 5.30884E+00 4.84731E-01 6.90174E-01 9.18622E-01 1.73697E+00
 5.37032E+00 4.85041E-01 6.90616E-01 9.19210E-01 1.75427E+00
 5.43250E+00 4.85348E-01 6.91052E-01 9.19790E-01 1.77155E+00
 5.49541E+00 4.85651E-01 6.91483E-01 9.20364E-01 1.78881E+00
 5.55904E+00 4.85950E-01 6.91909E-01 9.20931E-01 1.80605E+00
 5.62341E+00 4.86246E-01 6.92330E-01 9.21492E-01 1.82326E+00
 5.68853E+00 4.86538E-01 6.92746E-01 9.22046E-01 1.84044E+00
 5.75440E+00 4.86827E-01 6.93158E-01 9.22593E-01 1.85758E+00
 5.82103E+00 4.87112E-01 6.93564E-01 9.23134E-01 1.87468E+00
 5.88844E+00 4.87395E-01 6.93966E-01 9.23669E-01 1.89173E+00
 5.95662E+00 4.87673E-01 6.94363E-01 9.24197E-01 1.90873E+00
 6.02560E+00 4.87949E-01 6.94756E-01 9.24720E-01 1.92568E+00
 6.09537E+00 4.88222E-01 6.95144E-01 9.25236E-01 1.94257E+00
 6.16595E+00 4.88491E-01 6.95527E-01 9.25747E-01 1.95939E+00
 6.23735E+00 4.88757E-01 6.95906E-01 9.26252E-01 1.97615E+00
 6.30957E+00 4.89021E-01 6.96281E-01 9.26750E-01 1.99283E+00
 6.38263E+00 4.89281E-01 6.96652E-01 9.27243E-01 2.00943E+00
 6.45654E+00 4.89538E-01 6.97018E-01 9.27731E-01 2.02595E+00
 6.53131E+00 4.89792E-01 6.97380E-01 9.28213E-01 2.04238E+00
 6.60693E+00 4.90044E-01 6.97738E-01 9.28689E-01 2.05872E+00
 6.68344E+00 4.90292E-01 6.98092E-01 9.29160E-01 2.07496E+00
 6.76083E+00 4.90538E-01 6.98442E-01 9.29626E-01 2.09110E+00
 6.83912E+00 4.90781E-01 6.98788E-01 9.30086E-01 2.10714E+00
 6.91831E+00 4.91021E-01 6.99129E-01 9.30541E-01 2.12306E+00
 6.99842E+00 4.91258E-01 6.99468E-01 9.30991E-01 2.13886E+00
 7.07946E+00 4.91493E-01 6.99802E-01 9.31436E-01 2.15454E+00
 7.16143E+00 4.91725E-01 7.00132E-01 9.31876E-01 2.17009E+00
 7.24436E+00 4.91955E-01 7.00459E-01 9.32311E-01 2.18552E+00
 7.32825E+00 4.92181E-01 7.00782E-01 9.32741E-01 2.20080E+00
 7.41310E+00 4.92406E-01 7.01101E-01 9.33166E-01 2.21595E+00
 7.49894E+00 4.92627E-01 7.01417E-01 9.33586E-01 2.23094E+00
 7.58578E+00 4.92847E-01 7.01729E-01 9.34001E-01 2.24579E+00
 7.67361E+00 4.93063E-01 7.02038E-01 9.34412E-01 2.26047E+00
 7.76247E+00 4.93278E-01 7.02343E-01 9.34818E-01 2.27501E+00
 7.85236E+00 4.93490E-01 7.02645E-01 9.35220E-01 2.28936E+00
 7.94328E+00 4.93699E-01 7.02943E-01 9.35617E-01 2.30356E+00
 8.03526E+00 4.93906E-01 7.03238E-01 9.36010E-01 2.31757E+00
 8.12831E+00 4.94111E-01 7.03529E-01 9.36398E-01 2.33141E+00
 8.22243E+00 4.94314E-01 7.03818E-01 9.36782E-01 2.34506E+00
 8.31764E+00 4.94514E-01 7.04103E-01 9.37161E-01 2.35851E+00
 8.41395E+00 4.94712E-01 7.04385E-01 9.37536E-01 2.37178E+00
 8.51138E+00 4.94908E-01 7.04664E-01 9.37907E-01 2.38484E+00
 8.60994E+00 4.95101E-01 7.04939E-01 9.38274E-01 2.39770E+00
 8.70964E+00 4.95293E-01 7.05212E-01 9.38637E-01 2.41034E+00
 8.81049E+00 4.95482E-01 7.05481E-01 9.38995E-01 2.42278E+00
 8.91251E+00 4.95669E-01 7.05748E-01 9.39350E-01 2.43499E+00
 9.01571E+00 4.95854E-01 7.06011E-01 9.39701E-01 2.44698E+00
 9.12011E+00 4.96037E-01 7.06271E-01 9.40047E-01 2.45875E+00
 9.22571E+00 4.96218E-01 7.06529E-01 9.40390E-01 2.47028E+00
 9.33254E+00 4.96397E-01 7.06784E-01 9.40729E-01 2.48157E+00
 9.44061E+00 4.96574E-01 7.07035E-01 9.41064E-01 2.49262E+00
 9.54993E+00 4.96748E-01 7.07284E-01 9.41395E-01 2.50343E+00
 9.66051E+00 4.96921E-01 7.07530E-01 9.41723E-01 2.51398E+00
 9.77237E+00 4.97092E-01 7.07774E-01 9.42047E-01 2.52428E+00
 9.88553E+00 4.97261E-01 7.08015E-01 9.42367E-01 2.53432E+00
 1.00000E+01 4.97428E-01 7.08252E-01 9.42684E-01 2.54410E+00
 1.01158E+01 4.97594E-01 7.08488E-01 9.42997E-01 2.55362E+00
 1.02329E+01 4.97757E-01 7.08720E-01 9.43307E-01 2.56285E+00
 1.03514E+01 4.97918E-01 7.08950E-01 9.43613E-01 2.57182E+00
 1.04713E+01 4.98078E-01 7.09178E-01 9.43916E-01 2.58051E+00
 1.05925E+01 4.98236E-01 7.09403E-01 9.44215E-01 2.58891E+00
 1.07152E+01 4.98392E-01 7.09625E-01 9.44511E-01 2.59703E+00
 1.08393E+01 4.98547E-01 7.09845E-01 9.44803E-01 2.60485E+00
 1.09648E+01 4.98699E-01 7.10062E-01 9.45093E-01 2.61240E+00
 1.10917E+01 4.98850E-01 7.10277E-01 9.45379E-01 2.61963E+00
 1.12202E+01 4.99000E-01 7.10490E-01 9.45662E-01 2.62657E+00
 1.13501E+01 4.99147E-01 7.10700E-01 9.45941E-01 2.63321E+00
 1.14815E+01 4.99293E-01 7.10907E-01 9.46218E-01 2.63953E+00
 1.16145E+01 4.99437E-01 7.11113E-01 9.46491E-01 2.64556E+00
 1.17490E+01 4.99580E-01 7.11316E-01 9.46761E-01 2.65127E+00
 1.18850E+01 4.99721E-01 7.11517E-01 9.47029E-01 2.65665E+00
 1.20226E+01 4.99860E-01 7.11715E-01 9.47293E-01 2.66173E+00
 1.21619E+01 4.99998E-01 7.11912E-01 9.47554E-01 2.66649E+00
 1.23027E+01 5.00135E-01 7.12106E-01 9.47813E-01 2.67092E+00
 1.24451E+01 5.00269E-01 7.12297E-01 9.48068E-01 2.67503E+00
 1.25893E+01 5.00403E-01 7.12487E-01 9.48321E-01 2.67882E+00
 1.27350E+01 5.00534E-01 7.12675E-01 9.48570E-01 2.68227E+00
 1.28825E+01 5.00665E-01 7.12860E-01 9.48817E-01 2.68539E+00
 1.30317E+01 5.00793E-01 7.13044E-01 9.49061E-01 2.68818E+00
 1.31826E+01 5.00921E-01 7.13225E-01 9.49303E-01 2.69064E+00
 1.33352E+01 5.01047E-01 7.13404E-01 9.49541E-01 2.69275E+00
 1.34896E+01 5.01171E-01 7.13582E-01 9.49777E-01 2.69454E+00
 1.36458E+01 5.01294E-01 7.13757E-01 9.50010E-01 2.69599E+00
 1.38038E+01 5.01416E-01 7.13930E-01 9.50241E-01 2.69710E+00
 1.39637E+01 5.01536E-01 7.14101E-01 9.50469E-01 2.69786E+00
 1.41254E+01 5.01655E-01 7.14271E-01 9.50694E-01 2.69830E+00
 1.42889E+01 5.01773E-01 7.14438E-01 9.50917E-01 2.69839E+00
 1.44544E+01 5.01889E-01 7.14604E-01 9.51138E-01 2.69813E+00
 1.46218E+01 5.02004E-01 7.14768E-01 9.51356E-01 2.69753E+00
 1.47911E+01 5.02118E-01 7.14929E-01 9.51571E-01 2.69660E+00
 1.49624E+01 5.02230E-01 7.15089E-01 9.51784E-01 2.69532E+00
 1.51356E+01 5.02341E-01 7.15248E-01 9.51995E-01 2.69371E+00
 1.53109E+01 5.02451E-01 7.15404E-01 9.52203E-01 2.69175E+00
 1.54882E+01 5.02560E-01 7.15559E-01 9.52409E-01 2.68944E+00
 1.56675E+01 5.02667E-01 7.15712E-01 9.52612E-01 2.68680E+00
 1.58489E+01 5.02773E-01 7.15863E-01 9.52813E-01 2.68383E+00
 1.60325E+01 5.02878E-01 7.16012E-01 9.53012E-01 2.68052E+00
 1.62181E+01 5.02982E-01 7.16160E-01 9.53209E-01 2.67687E+00
 1.64059E+01 5.03085E-01 7.16306E-01 9.53404E-01 2.67288E+00
 1.65959E+01 5.03186E-01 7.16451E-01 9.53596E-01 2.66856E+00
 1.67880E+01 5.03287E-01 7.16594E-01 9.53786E-01 2.66391E+00
 1.69824E+01 5.03386E-01 7.16735E-01 9.53974E-01 2.65893E+00
 1.71791E+01 5.03484E-01 7.16874E-01 9.54160E-01 2.65362E+00
 1.73780E+01 5.03581E-01 7.17012E-01 9.54344E-01 2.64799E+00
 1.75792E+01 5.03677E-01 7.17149E-01 9.54525E-01 2.64203E+00
 1.77828E+01 5.03771E-01 7.17284E-01 9.54705E-01 2.63576E+00
 1.79887E+01 5.03865E-01 7.17417E-01 9.54882E-01 2.62917E+00
 1.81970E+01 5.03958E-01 7.17549E-01 9.55058E-01 2.62226E+00
 1.84077E+01 5.04049E-01 7.17679E-01 9.55231E-01 2.61504E+00
 1.86209E+01 5.04140E-01 7.17808E-01 9.55403E-01 2.60751E+00
 1.88365E+01 5.04229E-01 7.17936E-01 9.55573E-01 2.59967E+00
 1.90546E+01 5.04318E-01 7.18062E-01 9.55740E-01 2.59153E+00
 1.92752E+01 5.04405E-01 7.18186E-01 9.55906E-01 2.58309E+00
 1.94984E+01 5.04492E-01 7.18310E-01 9.56070E-01 2.57436E+00
 1.97242E+01 5.04577E-01 7.18431E-01 9.56232E-01 2.56533E+00
 1.99526E+01 5.04662E-01 7.18552E-01 9.56392E-01 2.55602E+00
 2.01837E+01 5.04745E-01 7.18671E-01 9.56551E-01 2.54643E+00
 2.04174E+01 5.04828E-01 7.18789E-01 9.56708E-01 2.53655E+00
 2.06538E+01 5.04910E-01 7.18905E-01 9.56862E-01 2.52640E+00
 2.08930E+01 5.04991E-01 7.19020E-01 9.57015E-01 2.51598E+00
 2.11349E+01 5.05071E-01 7.19134E-01 9.57167E-01 2.50529E+00
 2.13796E+01 5.05149E-01 7.19246E-01 9.57316E-01 2.49433E+00
 2.16272E+01 5.05228E-01 7.19357E-01 9.57464E-01 2.48312E+00
 2.18776E+01 5.05305E-01 7.19467E-01 9.57611E-01 2.47166E+00
 2.21309E+01 5.05381E-01 7.19576E-01 9.57755E-01 2.45995E+00
 2.23872E+01 5.05456E-01 7.19683E-01 9.57898E-01 2.44800E+00
 2.26464E+01 5.05531E-01 7.19789E-01 9.58040E-01 2.43581E+00
 2.29087E+01 5.05605E-01 7.19894E-01 9.58179E-01 2.42338E+00
 2.31739E+01 5.05678E-01 7.19998E-01 9.58318E-01 2.41073E+00
 2.34423E+01 5.05750E-01 7.20101E-01 9.58454E-01 2.39786E+00
 2.37137E+01 5.05821E-01 7.20202E-01 9.58589E-01 2.38477E+00
 2.39883E+01 5.05891E-01 7.20303E-01 9.58723E-01 2.37146E+00
 2.42661E+01 5.05961E-01 7.20402E-01 9.58855E-01 2.35795E+00
 2.45471E+01 5.06030E-01 7.20500E-01 9.58985E-01 2.34425E+00
 2.48313E+01 5.06098E-01 7.20597E-01 9.59114E-01 2.33034E+00
 2.51189E+01 5.06165E-01 7.20692E-01 9.59242E-01 2.31624E+00
 2.54097E+01 5.06232E-01 7.20787E-01 9.59368E-01 2.30196E+00
 2.57040E+01 5.06298E-01 7.20881E-01 9.59492E-01 2.28750E+00
 2.60016E+01 5.06363E-01 7.20973E-01 9.59616E-01 2.27287E+00
 2.63027E+01 5.06427E-01 7.21065E-01 9.59738E-01 2.25807E+00
 2.66073E+01 5.06491E-01 7.21156E-01 9.59858E-01 2.24311E+00
 2.69153E+01 5.06553E-01 7.21245E-01 9.59977E-01 2.22799E+00
 2.72270E+01 5.06616E-01 7.21333E-01 9.60095E-01 2.21272E+00
 2.75423E+01 5.06677E-01 7.21421E-01 9.60211E-01 2.19730E+00
 2.78612E+01 5.06738E-01 7.21507E-01 9.60326E-01 2.18176E+00
 2.81838E+01 5.06798E-01 7.21593E-01 9.60440E-01 2.16606E+00
 2.85102E+01 5.06857E-01 7.21677E-01 9.60553E-01 2.15025E+00
 2.88403E+01 5.06916E-01 7.21761E-01 9.60664E-01 2.13431E+00
 2.91743E+01 5.06974E-01 7.21843E-01 9.60774E-01 2.11826E+00
 2.95121E+01 5.07031E-01 7.21925E-01 9.60882E-01 2.10209E+00
 2.98538E+01 5.07088E-01 7.22006E-01 9.60990E-01 2.08582E+00
 3.01995E+01 5.07144E-01 7.22086E-01 9.61096E-01 2.06945E+00
 3.05492E+01 5.07199E-01 7.22165E-01 9.61201E-01 2.05299E+00
 3.09030E+01 5.07254E-01 7.22243E-01 9.61305E-01 2.03643E+00
 3.12608E+01 5.07308E-01 7.22320E-01 9.61408E-01 2.01979E+00
 3.16228E+01 5.07362E-01 7.22396E-01 9.61509E-01 2.00308E+00
 3.19890E+01 5.07415E-01 7.22471E-01 9.61609E-01 1.98628E+00
 3.23594E+01 5.07467E-01 7.22546E-01 9.61708E-01 1.96943E+00
 3.27341E+01 5.07519E-01 7.22619E-01 9.61807E-01 1.95250E+00
 3.31131E+01 5.07570E-01 7.22692E-01 9.61903E-01 1.93553E+00
 3.34965E+01 5.07620E-01 7.22764E-01 9.61999E-01 1.91850E+00
 3.38844E+01 5.07670E-01 7.22835E-01 9.62094E-01 1.90142E+00
 3.42768E+01 5.07720E-01 7.22906E-01 9.62188E-01 1.88430E+00
 3.46737E+01 5.07769E-01 7.22975E-01 9.62280E-01 1.86714E+00
 3.50752E+01 5.07817E-01 7.23044E-01 9.62372E-01 1.84995E+00
 3.54813E+01 5.07865E-01 7.23112E-01 9.62462E-01 1.83273E+00
 3.58922E+01 5.07912E-01 7.23179E-01 9.62552E-01 1.81549E+00
 3.63078E+01 5.07959E-01 7.23246E-01 9.62640E-01 1.79823E+00
 3.67282E+01 5.08005E-01 7.23312E-01 9.62728E-01 1.78096E+00
 3.71535E+01 5.08050E-01 7.23376E-01 9.62814E-01 1.76367E+00
 3.75837E+01 5.08096E-01 7.23441E-01 9.62900E-01 1.74639E+00
 3.80189E+01 5.08140E-01 7.23504E-01 9.62984E-01 1.72910E+00
 3.84592E+01 5.08184E-01 7.23567E-01 9.63068E-01 1.71181E+00
 3.89045E+01 5.08228E-01 7.23629E-01 9.63150E-01 1.69453E+00
 3.93550E+01 5.08271E-01 7.23690E-01 9.63232E-01 1.67726E+00
 3.98107E+01 5.08313E-01 7.23751E-01 9.63312E-01 1.66001E+00
 4.02717E+01 5.08356E-01 7.23811E-01 9.63392E-01 1.64278E+00
 4.07380E+01 5.08397E-01 7.23870E-01 9.63471E-01 1.62557E+00
 4.12098E+01 5.08438E-01 7.23929E-01 9.63549E-01 1.60838E+00
 4.16869E+01 5.08479E-01 7.23987E-01 9.63626E-01 1.59123E+00
 4.21697E+01 5.08519E-01 7.24044E-01 9.63702E-01 1.57411E+00
 4.26580E+01 5.08559E-01 7.24100E-01 9.63778E-01 1.55703E+00
 4.31519E+01 5.08598E-01 7.24156E-01 9.63852E-01 1.53998E+00
 4.36516E+01 5.08637E-01 7.24212E-01 9.63926E-01 1.52299E+00
 4.41570E+01 5.08675E-01 7.24266E-01 9.63999E-01 1.50604E+00
 4.46684E+01 5.08713E-01 7.24321E-01 9.64071E-01 1.48914E+00
 4.51856E+01 5.08751E-01 7.24374E-01 9.64142E-01 1.47229E+00
 4.57088E+01 5.08788E-01 7.24427E-01 9.64212E-01 1.45550E+00
 4.62381E+01 5.08825E-01 7.24479E-01 9.64282E-01 1.43877E+00
 4.67735E+01 5.08861E-01 7.24531E-01 9.64350E-01 1.42210E+00
 4.73151E+01 5.08897E-01 7.24582E-01 9.64418E-01 1.40549E+00
 4.78630E+01 5.08932E-01 7.24632E-01 9.64486E-01 1.38895E+00
 4.84172E+01 5.08967E-01 7.24682E-01 9.64552E-01 1.37249E+00
 4.89779E+01 5.09002E-01 7.24731E-01 9.64618E-01 1.35609E+00
 4.95450E+01 5.09036E-01 7.24780E-01 9.64682E-01 1.33977E+00
 5.01187E+01 5.09070E-01 7.24828E-01 9.64747E-01 1.32352E+00
 5.06991E+01 5.09104E-01 7.24876E-01 9.64810E-01 1.30735E+00
 5.12861E+01 5.09137E-01 7.24923E-01 9.64873E-01 1.29127E+00
 5.18800E+01 5.09169E-01 7.24970E-01 9.64935E-01 1.27526E+00
 5.24807E+01 5.09202E-01 7.25016E-01 9.64996E-01 1.25934E+00
 5.30884E+01 5.09234E-01 7.25061E-01 9.65057E-01 1.24351E+00
 5.37032E+01 5.09265E-01 7.25106E-01 9.65117E-01 1.22776E+00
 5.43250E+01 5.09297E-01 7.25151E-01 9.65176E-01 1.21211E+00
 5.49541E+01 5.09328E-01 7.25195E-01 9.65234E-01 1.19655E+00
 5.55904E+01 5.09358E-01 7.25238E-01 9.65292E-01 1.18108E+00
 5.62341E+01 5.09388E-01 7.25281E-01 9.65349E-01 1.16570E+00
 5.68853E+01 5.09418E-01 7.25324E-01 9.65406E-01 1.15042E+00
 5.75440E+01 5.09448E-01 7.25366E-01 9.65462E-01 1.13524E+00
 5.82103E+01 5.09477E-01 7.25407E-01 9.65517E-01 1.12016E+00
 5.88844E+01 5.09506E-01 7.25448E-01 9.65572E-01 1.10518E+00
 5.95662E+01 5.09534E-01 7.25489E-01 9.65626E-01 1.09029E+00
 6.02560E+01 5.09562E-01 7.25529E-01 9.65679E-01 1.07552E+00
 6.09537E+01 5.09590E-01 7.25569E-01 9.65732E-01 1.06084E+00
 6.16595E+01 5.09618E-01 7.25608E-01 9.65784E-01 1.04627E+00
 6.23735E+01 5.09645E-01 7.25647E-01 9.65836E-01 1.03181E+00
 6.30957E+01 5.09672E-01 7.25685E-01 9.65887E-01 1.01745E+00
 6.38263E+01 5.09698E-01 7.25723E-01 9.65937E-01 1.00319E+00
 6.45654E+01 5.09725E-01 7.25760E-01 9.65987E-01 9.95258E-01
 6.53131E+01 5.09751E-01 7.25797E-01 9.66036E-01 9.95308E-01
 6.60693E+01 5.09776E-01 7.25834E-01 9.66085E-01 9.95359E-01
 6.68344E+01 5.09802E-01 7.25870E-01 9.66133E-01 9.95408E-01
 6.76083E+01 5.09827E-01 7.25906E-01 9.66181E-01 9.95457E-01
 6.83912E+01 5.09852E-01 7.25941E-01 9.66228E-01 9.95506E-01
 6.91831E+01 5.09876E-01 7.25976E-01 9.66275E-01 9.95554E-01
 6.99842E+01 5.09901E-01 7.26011E-01 9.66321E-01 9.95601E-01
 7.07946E+01 5.09925E-01 7.26045E-01 9.66366E-01 9.95648E-01
 7.16143E+01 5.09948E-01 7.26079E-01 9.66411E-01 9.95694E-01
 7.24436E+01 5.09972E-01 7.26112E-01 9.66455E-01 9.95740E-01
 7.32825E+01 5.09995E-01 7.26145E-01 9.66499E-01 9.95785E-01
 7.41310E+01 5.10018E-01 7.26178E-01 9.66543E-01 9.95830E-01
 7.49894E+01 5.10041E-01 7.26210E-01 9.66586E-01 9.95874E-01
 7.58578E+01 5.10063E-01 7.26242E-01 9.66628E-01 9.95918E-01
 7.67361E+01 5.10085E-01 7.26274E-01 9.66670E-01 9.95961E-01
 7.76247E+01 5.10107E-01 7.26305E-01 9.66712E-01 9.96004E-01
 7.85236E+01 5.10129E-01 7.26336E-01 9.66753E-01 9.96046E-01
 7.94328E+01 5.10150E-01 7.26366E-01 9.66793E-01 9.96088E-01
 8.03526E+01 5.10171E-01 7.26396E-01 9.66833E-01 9.96129E-01
 8.12831E+01 5.10192E-01 7.26426E-01 9.66873E-01 9.96170E-01
 8.22243E+01 5.10213E-01 7.26455E-01 9.66912E-01 9.96211E-01
 8.31764E+01 5.10233E-01 7.26484E-01 9.66951E-01 9.96250E-01
 8.41395E+01 5.10253E-01 7.26513E-01 9.66989E-01 9.96290E-01
 8.51138E+01 5.10273E-01 7.26542E-01 9.67027E-01 9.96329E-01
 8.60994E+01 5.10293E-01 7.26570E-01 9.67064E-01 9.96367E-01
 8.70964E+01 5.10313E-01 7.26598E-01 9.67101E-01 9.96406E-01
 8.81049E+01 5.10332E-01 7.26625E-01 9.67138E-01 9.96443E-01
 8.91251E+01 5.10351E-01 7.26652E-01 9.67174E-01 9.96480E-01
 9.01571E+01 5.10370E-01 7.26679E-01 9.67210E-01 9.96517E-01
 9.12011E+01 5.10389E-01 7.26706E-01 9.67245E-01 9.96554E-01
 9.22571E+01 5.10407E-01 7.26732E-01 9.67280E-01 9.96590E-01
 9.33254E+01 5.10425E-01 7.26758E-01 9.67315E-01 9.96625E-01
 9.44061E+01 5.10443E-01 7.26783E-01 9.67349E-01 9.96660E-01
 9.54993E+01 5.10461E-01 7.26809E-01 9.67382E-01 9.96695E-01
 9.66051E+01 5.10479E-01 7.26834E-01 9.67416E-01 9.96729E-01
 9.77237E+01 5.10496E-01 7.26859E-01 9.67449E-01 9.96763E-01
 9.88553E+01 5.10513E-01 7.26883E-01 9.67481E-01 9.96797E-01
 1.00000E+02 5.10530E-01 7.26907E-01 9.67514E-01 9.96830E-01
