 1.00000E-02 1.66553E-01 1.94064E-01 2.21609E-01 2.24874E-01
 2.00000E-02 1.67103E-01 1.94712E-01 2.22360E-01 2.25628E-01
 3.00000E-02 1.68035E-01 1.95794E-01 2.23613E-01 2.26890E-01
 4.00000E-02 1.69352E-01 1.97322E-01 2.25373E-01 2.28683E-01
 5.00000E-02 1.71069E-01 1.99310E-01 2.27661E-01 2.31009E-01
 6.00000E-02 1.73195E-01 2.01768E-01 2.30487E-01 2.33882E-01
 7.00000E-02 1.75736E-01 2.04704E-01 2.33859E-01 2.37312E-01
 8.00000E-02 1.78700E-01 2.08121E-01 2.37781E-01 2.41301E-01
 9.00000E-02 1.82086E-01 2.12018E-01 2.42251E-01 2.45846E-01
 1.00000E-01 1.85887E-01 2.16386E-01 2.47257E-01 2.50938E-01
 1.10000E-01 1.90093E-01 2.21210E-01 2.52783E-01 2.56559E-01
 1.20000E-01 1.94683E-01 2.26465E-01 2.58801E-01 2.62681E-01
 1.30000E-01 1.99631E-01 2.32121E-01 2.65276E-01 2.69271E-01
 1.40000E-01 2.04908E-01 2.38142E-01 2.72169E-01 2.76287E-01
 1.50000E-01 2.10477E-01 2.44486E-01 2.79433E-01 2.83685E-01
 1.60000E-01 2.16301E-01 2.51110E-01 2.87022E-01 2.91418E-01
 1.70000E-01 2.22343E-01 2.57972E-01 2.94886E-01 2.99437E-01
 1.80000E-01 2.28566E-01 2.65028E-01 3.02981E-01 3.07697E-01
 1.90000E-01 2.34934E-01 2.72240E-01 3.11261E-01 3.16153E-01
 2.00000E-01 2.41417E-01 2.79572E-01 3.19685E-01 3.24766E-01
 2.10000E-01 2.47986E-01 2.86991E-01 3.28217E-01 3.33499E-01
 2.20000E-01 2.54618E-01 2.94469E-01 3.36825E-01 3.42321E-01
 2.30000E-01 2.61292E-01 3.01982E-01 3.45478E-01 3.51202E-01
 2.40000E-01 2.67988E-01 3.09509E-01 3.54152E-01 3.60120E-01
 2.50000E-01 2.74694E-01 3.17032E-01 3.62825E-01 3.69053E-01
 2.60000E-01 2.81397E-01 3.24538E-01 3.71477E-01 3.77983E-01
 2.70000E-01 2.88087E-01 3.32014E-01 3.80093E-01 3.86895E-01
 2.80000E-01 2.94755E-01 3.39451E-01 3.88658E-01 3.95776E-01
 2.90000E-01 3.01396E-01 3.46840E-01 3.97160E-01 4.08629E-01
 3.00000E-01 3.08004E-01 3.54175E-01 4.05588E-01 4.23972E-01
 3.10000E-01 3.14575E-01 3.61451E-01 4.13935E-01 4.39427E-01
 3.20000E-01 3.21106E-01 3.68664E-01 4.22192E-01 4.54992E-01
 3.30000E-01 3.27594E-01 3.75811E-01 4.30353E-01 4.70663E-01
 3.40000E-01 3.34037E-01 3.82890E-01 4.38413E-01 4.86442E-01
 3.50000E-01 3.40435E-01 3.89898E-01 4.46369E-01 5.02328E-01
 3.60000E-01 3.46785E-01 3.96834E-01 4.54216E-01 5.18317E-01
 3.70000E-01 3.53086E-01 4.03697E-01 4.61953E-01 5.34409E-01
 3.80000E-01 3.59340E-01 4.10486E-01 4.69577E-01 5.50604E-01
 3.90000E-01 3.65544E-01 4.17202E-01 4.77088E-01 5.66900E-01
 4.00000E-01 3.71698E-01 4.23844E-01 4.91279E-01 5.83295E-01
 4.10000E-01 3.77804E-01 4.30412E-01 5.05833E-01 5.99787E-01
 4.20000E-01 3.83860E-01 4.36907E-01 5.20491E-01 6.16376E-01
 4.30000E-01 3.89866E-01 4.43327E-01 5.35253E-01 6.33062E-01
 4.40000E-01 3.95823E-01 4.49675E-01 5.50121E-01 6.49842E-01
 4.50000E-01 4.01731E-01 4.55951E-01 5.65089E-01 6.66714E-01
 4.60000E-01 4.07590E-01 4.62154E-01 5.80161E-01 6.83679E-01
 4.70000E-01 4.13401E-01 4.68287E-01 5.95334E-01 7.00733E-01
 4.80000E-01 4.19163E-01 4.74348E-01 6.10606E-01 7.17877E-01
 4.90000E-01 4.24871E-01 4.80340E-01 6.25978E-01 7.35109E-01
 5.00000E-01 4.30490E-01 4.86262E-01 6.41449E-01 7.52428E-01
 5.10000E-01 4.36012E-01 4.92116E-01 6.57018E-01 7.69832E-01
 5.20000E-01 4.41439E-01 4.97902E-01 6.72685E-01 7.87321E-01
 5.30000E-01 4.46774E-01 5.03620E-01 6.88448E-01 8.04894E-01
 5.40000E-01 4.52016E-01 5.09273E-01 7.04307E-01 8.22548E-01
 5.50000E-01 4.57168E-01 5.14860E-01 7.20261E-01 8.40284E-01
 5.60000E-01 4.62232E-01 5.20382E-01 7.36310E-01 8.58100E-01
 5.70000E-01 4.67208E-01 5.25841E-01 7.52453E-01 8.75995E-01
 5.80000E-01 4.72098E-01 5.31236E-01 7.68689E-01 8.93967E-01
 5.90000E-01 4.76903E-01 5.36568E-01 7.85018E-01 9.12016E-01
 6.00000E-01 4.81625E-01 5.43789E-01 8.01439E-01 9.30141E-01
 6.10000E-01 4.86266E-01 5.55746E-01 8.17951E-01 9.48341E-01
 6.20000E-01 4.90826E-01 5.67791E-01 8.34554E-01 9.66614E-01
 6.30000E-01 4.95306E-01 5.79923E-01 8.51247E-01 9.84959E-01
 6.40000E-01 4.99710E-01 5.92105E-01 8.68030E-01 1.00338E+00
 6.50000E-01 5.04036E-01 6.04150E-01 8.84901E-01 1.02186E+00
 6.60000E-01 5.08288E-01 6.16027E-01 9.01861E-01 1.04042E+00
 6.70000E-01 5.12465E-01 6.27732E-01 9.18909E-01 1.05905E+00
 6.80000E-01 5.16570E-01 6.39263E-01 9.36044E-01 1.07774E+00
 6.90000E-01 5.20604E-01 6.50617E-01 9.53265E-01 1.09650E+00
 7.00000E-01 5.24568E-01 6.61792E-01 9.70572E-01 1.11532E+00
 7.10000E-01 5.28463E-01 6.72785E-01 9.87964E-01 1.13421E+00
 7.20000E-01 5.32291E-01 6.83595E-01 1.00544E+00 1.15317E+00
 7.30000E-01 5.36052E-01 6.94222E-01 1.02300E+00 1.17218E+00
 7.40000E-01 5.39748E-01 7.04662E-01 1.04065E+00 1.19126E+00
 7.50000E-01 5.43380E-01 7.14916E-01 1.05837E+00 1.21040E+00
 7.60000E-01 5.46949E-01 7.24984E-01 1.07618E+00 1.22960E+00
 7.70000E-01 5.50456E-01 7.34863E-01 1.09407E+00 1.24885E+00
 7.80000E-01 5.53903E-01 7.44555E-01 1.11205E+00 1.26817E+00
 7.90000E-01 5.57290E-01 7.54059E-01 1.13010E+00 1.28754E+00
 8.00000E-01 5.60619E-01 7.63375E-01 1.14823E+00 1.30697E+00
 8.10000E-01 5.63890E-01 7.72504E-01 1.16644E+00 1.32646E+00
 8.20000E-01 5.67105E-01 7.81446E-01 1.18473E+00 1.34599E+00
 8.30000E-01 5.70265E-01 7.90202E-01 1.20310E+00 1.36559E+00
 8.40000E-01 5.73371E-01 7.98773E-01 1.22155E+00 1.38523E+00
 8.50000E-01 5.76423E-01 8.07159E-01 1.24007E+00 1.40493E+00
 8.60000E-01 5.79423E-01 8.15361E-01 1.25867E+00 1.42468E+00
 8.70000E-01 5.82372E-01 8.23382E-01 1.27734E+00 1.44448E+00
 8.80000E-01 5.85271E-01 8.31221E-01 1.29609E+00 1.46432E+00
 8.90000E-01 5.88120E-01 8.38881E-01 1.31491E+00 1.48422E+00
 9.00000E-01 5.90920E-01 8.46362E-01 1.33381E+00 1.50417E+00
 9.10000E-01 5.93674E-01 8.53667E-01 1.35278E+00 1.52416E+00
 9.20000E-01 5.96380E-01 8.60798E-01 1.37182E+00 1.54420E+00
 9.30000E-01 5.99041E-01 8.67755E-01 1.39094E+00 1.56428E+00
 9.40000E-01 6.01656E-01 8.74540E-01 1.41012E+00 1.58441E+00
 9.50000E-01 6.04228E-01 8.81156E-01 1.42938E+00 1.60458E+00
 9.60000E-01 6.06757E-01 8.87605E-01 1.44870E+00 1.62480E+00
 9.70000E-01 6.09242E-01 8.93888E-01 1.46810E+00 1.64505E+00
 9.80000E-01 6.11687E-01 9.00007E-01 1.48756E+00 1.66535E+00
 9.90000E-01 6.14090E-01 9.05965E-01 1.50699E+00 1.68570E+00
 1.00000E+00 6.16454E-01 9.11764E-01 1.52634E+00 1.70608E+00
 1.01158E+00 6.19141E-01 9.18281E-01 1.54867E+00 1.72973E+00
 1.02329E+00 6.21807E-01 9.24663E-01 1.57115E+00 1.75371E+00
 1.03514E+00 6.24452E-01 9.30906E-01 1.59378E+00 1.77801E+00
 1.04713E+00 6.27075E-01 9.37008E-01 1.61657E+00 1.80266E+00
 1.05925E+00 6.29675E-01 9.42965E-01 1.63952E+00 1.82764E+00
 1.07152E+00 6.32253E-01 9.48776E-01 1.66261E+00 1.85296E+00
 1.08393E+00 6.34808E-01 9.54436E-01 1.68585E+00 1.87863E+00
 1.09648E+00 6.37341E-01 9.59945E-01 1.70924E+00 1.90465E+00
 1.10917E+00 6.39850E-01 9.65300E-01 1.73278E+00 1.93103E+00
 1.12202E+00 6.42336E-01 9.70498E-01 1.75645E+00 1.95777E+00
 1.13501E+00 6.44798E-01 9.75538E-01 1.78027E+00 1.98487E+00
 1.14815E+00 6.47237E-01 9.80417E-01 1.80422E+00 2.01233E+00
 1.16145E+00 6.49652E-01 9.85134E-01 1.82831E+00 2.04017E+00
 1.17490E+00 6.52042E-01 9.89687E-01 1.85253E+00 2.06838E+00
 1.18850E+00 6.54409E-01 9.94074E-01 1.87688E+00 2.09697E+00
 1.20226E+00 6.56751E-01 9.98294E-01 1.90136E+00 2.12595E+00
 1.21619E+00 6.59068E-01 1.00235E+00 1.92596E+00 2.15532E+00
 1.23027E+00 6.61361E-01 1.00623E+00 1.95069E+00 2.18507E+00
 1.24451E+00 6.63630E-01 1.00994E+00 1.97553E+00 2.21523E+00
 1.25893E+00 6.65873E-01 1.01348E+00 2.00049E+00 2.24579E+00
 1.27350E+00 6.68091E-01 1.01684E+00 2.02556E+00 2.27675E+00
 1.28825E+00 6.70285E-01 1.02003E+00 2.05074E+00 2.30812E+00
 1.30317E+00 6.72453E-01 1.02305E+00 2.07602E+00 2.33991E+00
 1.31826E+00 6.74596E-01 1.02589E+00 2.10141E+00 2.37212E+00
 1.33352E+00 6.76714E-01 1.02856E+00 2.12689E+00 2.40475E+00
 1.34896E+00 6.78807E-01 1.03105E+00 2.15247E+00 2.43781E+00
 1.36458E+00 6.80875E-01 1.03337E+00 2.17814E+00 2.47131E+00
 1.38038E+00 6.82917E-01 1.03551E+00 2.20390E+00 2.50524E+00
 1.39637E+00 6.84935E-01 1.03748E+00 2.22974E+00 2.53961E+00
 1.41254E+00 6.86927E-01 1.03927E+00 2.25566E+00 2.57444E+00
 1.42889E+00 6.88893E-01 1.04089E+00 2.28166E+00 2.60971E+00
 1.44544E+00 6.90835E-01 1.04233E+00 2.30773E+00 2.64545E+00
 1.46218E+00 6.92751E-01 1.04359E+00 2.33386E+00 2.68164E+00
 1.47911E+00 6.94643E-01 1.04469E+00 2.36005E+00 2.71831E+00
 1.49624E+00 6.96509E-01 1.04561E+00 2.38630E+00 2.75544E+00
 1.51356E+00 6.98350E-01 1.04636E+00 2.41260E+00 2.79306E+00
 1.53109E+00 7.00166E-01 1.04694E+00 2.43894E+00 2.83116E+00
 1.54882E+00 7.01958E-01 1.04735E+00 2.46533E+00 2.86974E+00
 1.56675E+00 7.03725E-01 1.04759E+00 2.49176E+00 2.90883E+00
 1.58489E+00 7.05467E-01 1.04766E+00 2.51821E+00 2.94841E+00
 1.60325E+00 7.07184E-01 1.04757E+00 2.54469E+00 2.98850E+00
 1.62181E+00 7.08877E-01 1.04732E+00 2.57118E+00 3.02910E+00
 1.64059E+00 7.10546E-01 1.04690E+00 2.59769E+00 3.07022E+00
 1.65959E+00 7.12191E-01 1.04632E+00 2.62421E+00 3.11187E+00
 1.67880E+00 7.13811E-01 1.04558E+00 2.65073E+00 3.15405E+00
 1.69824E+00 7.15408E-01 1.04468E+00 2.67724E+00 3.19677E+00
 1.71791E+00 7.16981E-01 1.04363E+00 2.70374E+00 3.24004E+00
 1.73780E+00 7.18530E-01 1.04242E+00 2.73022E+00 3.28385E+00
 1.75792E+00 7.20056E-01 1.04106E+00 2.75667E+00 3.32815E+00
 1.77828E+00 7.21558E-01 1.03955E+00 2.78310E+00 3.37294E+00
 1.79887E+00 7.23038E-01 1.03789E+00 2.80948E+00 3.41824E+00
 1.81970E+00 7.24494E-01 1.03609E+00 2.83581E+00 3.46405E+00
 1.84077E+00 7.25928E-01 1.03414E+00 2.86209E+00 3.51037E+00
 1.86209E+00 7.27339E-01 1.03205E+00 2.88831E+00 3.55721E+00
 1.88365E+00 7.28728E-01 1.02982E+00 2.91445E+00 3.60457E+00
 1.90546E+00 7.30094E-01 1.02746E+00 2.94052E+00 3.65248E+00
 1.92752E+00 7.31439E-01 1.02496E+00 2.96650E+00 3.70092E+00
 1.94984E+00 7.32761E-01 1.02233E+00 2.99239E+00 3.74991E+00
 1.97242E+00 7.34062E-01 1.01957E+00 3.01818E+00 3.79945E+00
 1.99526E+00 7.35342E-01 1.01668E+00 3.04385E+00 3.84955E+00
 2.01837E+00 7.36601E-01 1.01367E+00 3.06941E+00 3.90023E+00
 2.04174E+00 7.37838E-01 1.01053E+00 3.09483E+00 3.95147E+00
 2.06538E+00 7.39055E-01 1.00728E+00 3.12012E+00 4.00330E+00
 2.08930E+00 7.40251E-01 1.00391E+00 3.14526E+00 4.05572E+00
 2.11349E+00 7.41428E-01 1.00043E+00 3.17025E+00 4.10873E+00
 2.13796E+00 7.42584E-01 9.96830E-01 3.19507E+00 4.16235E+00
 2.16272E+00 7.43720E-01 9.93126E-01 3.21972E+00 4.21658E+00
 2.18776E+00 7.44836E-01 9.89316E-01 3.24418E+00 4.27142E+00
 2.21309E+00 7.45933E-01 9.85402E-01 3.26845E+00 4.32689E+00
 2.23872E+00 7.47012E-01 9.81387E-01 3.29252E+00 4.38300E+00
 2.26464E+00 7.48071E-01 9.77274E-01 3.31638E+00 4.43974E+00
 2.29087E+00 7.49111E-01 9.73066E-01 3.34001E+00 4.49714E+00
 2.31739E+00 7.50133E-01 9.68765E-01 3.36342E+00 4.55519E+00
 2.34423E+00 7.51137E-01 9.64373E-01 3.38658E+00 4.61390E+00
 2.37137E+00 7.52123E-01 9.59894E-01 3.40949E+00 4.67328E+00
 2.39883E+00 7.53091E-01 9.55331E-01 3.43214E+00 4.73335E+00
 2.42661E+00 7.54041E-01 9.50685E-01 3.45451E+00 4.79410E+00
 2.45471E+00 7.54975E-01 9.45959E-01 3.47661E+00 4.85555E+00
 2.48313E+00 7.55891E-01 9.41157E-01 3.49841E+00 4.91770E+00
 2.51189E+00 7.56790E-01 9.36280E-01 3.51992E+00 4.98056E+00
 2.54097E+00 7.57673E-01 9.31331E-01 3.54111E+00 5.04415E+00
 2.57040E+00 7.58540E-01 9.26313E-01 3.56198E+00 5.10846E+00
 2.60016E+00 7.59390E-01 9.21229E-01 3.58251E+00 5.17350E+00
 2.63027E+00 7.60225E-01 9.16080E-01 3.60271E+00 5.23929E+00
 2.66073E+00 7.61044E-01 9.10870E-01 3.62256E+00 5.30584E+00
 2.69153E+00 7.61848E-01 9.05600E-01 3.64204E+00 5.37314E+00
 2.72270E+00 7.62636E-01 9.00274E-01 3.66116E+00 5.44122E+00
 2.75423E+00 7.63410E-01 8.94894E-01 3.67989E+00 5.51007E+00
 2.78612E+00 7.64168E-01 8.89462E-01 3.69824E+00 5.57971E+00
 2.81838E+00 7.64913E-01 8.83981E-01 3.71618E+00 5.65015E+00
 2.85102E+00 7.65643E-01 8.78452E-01 3.73372E+00 5.72139E+00
 2.88403E+00 7.66359E-01 8.72879E-01 3.75084E+00 5.79344E+00
 2.91743E+00 7.67061E-01 8.67263E-01 3.76754E+00 5.86631E+00
 2.95121E+00 7.67750E-01 8.63719E-01 3.78380E+00 5.94002E+00
 2.98538E+00 7.68425E-01 8.64478E-01 3.79961E+00 6.01456E+00
 3.01995E+00 7.69087E-01 8.65223E-01 3.81498E+00 6.08996E+00
 3.05492E+00 7.69737E-01 8.65954E-01 3.82988E+00 6.16621E+00
 3.09030E+00 7.70373E-01 8.66670E-01 3.84432E+00 6.24333E+00
 3.12608E+00 7.70997E-01 8.67372E-01 3.85828E+00 6.32132E+00
 3.16228E+00 7.71609E-01 8.68060E-01 3.87175E+00 6.40019E+00
 3.19890E+00 7.72209E-01 8.68735E-01 3.88474E+00 6.47997E+00
 3.23594E+00 7.72797E-01 8.69396E-01 3.89723E+00 6.56064E+00
 3.27341E+00 7.73373E-01 8.70044E-01 3.90922E+00 6.64223E+00
 3.31131E+00 7.73937E-01 8.70679E-01 3.92069E+00 6.72473E+00
 3.34965E+00 7.74491E-01 8.71302E-01 3.93165E+00 6.80817E+00
 3.38844E+00 7.75033E-01 8.71912E-01 3.94208E+00 6.89255E+00
 3.42768E+00 7.75564E-01 8.72510E-01 3.95199E+00 6.97788E+00
 3.46737E+00 7.76085E-01 8.73096E-01 3.96136E+00 7.06417E+00
 3.50752E+00 7.76595E-01 8.73670E-01 3.97020E+00 7.15142E+00
 3.54813E+00 7.77095E-01 8.74232E-01 3.97849E+00 7.23966E+00
 3.58922E+00 7.77585E-01 8.74783E-01 3.98623E+00 7.32888E+00
 3.63078E+00 7.78065E-01 8.75323E-01 3.99342E+00 7.41910E+00
 3.67282E+00 7.78535E-01 8.75851E-01 4.00006E+00 7.51033E+00
 3.71535E+00 7.78995E-01 8.76369E-01 4.00614E+00 7.60258E+00
 3.75837E+00 7.79446E-01 8.76877E-01 4.01166E+00 7.69585E+00
 3.80189E+00 7.79888E-01 8.77374E-01 4.01662E+00 7.79016E+00
 3.84592E+00 7.80321E-01 8.77861E-01 4.02101E+00 7.88551E+00
 3.89045E+00 7.80744E-01 8.78338E-01 4.02483E+00 7.98193E+00
 3.93550E+00 7.81160E-01 8.78804E-01 4.02809E+00 8.07940E+00
 3.98107E+00 7.81566E-01 8.79262E-01 4.03078E+00 8.17796E+00
 4.02717E+00 7.81964E-01 8.79710E-01 4.03289E+00 8.27760E+00
 4.07380E+00 7.82354E-01 8.80148E-01 4.03444E+00 8.37833E+00
 4.12098E+00 7.82736E-01 8.80578E-01 4.03542E+00 8.48018E+00
 4.16869E+00 7.83110E-01 8.80998E-01 4.03583E+00 8.58313E+00
 4.21697E+00 7.83476E-01 8.81410E-01 4.03567E+00 8.68722E+00
 4.26580E+00 7.83834E-01 8.81813E-01 4.03494E+00 8.79244E+00
 4.31519E+00 7.84185E-01 8.82208E-01 4.03365E+00 8.89881E+00
 4.36516E+00 7.84528E-01 8.82595E-01 4.03179E+00 9.00633E+00
 4.41570E+00 7.84865E-01 8.82973E-01 4.02937E+00 9.11502E+00
 4.46684E+00 7.85194E-01 8.83343E-01 4.02640E+00 9.22489E+00
 4.51856E+00 7.85516E-01 8.83706E-01 4.02287E+00 9.33594E+00
 4.57088E+00 7.85832E-01 8.84061E-01 4.01879E+00 9.44820E+00
 4.62381E+00 7.86141E-01 8.84409E-01 4.01417E+00 9.56165E+00
 4.67735E+00 7.86443E-01 8.84749E-01 4.00900E+00 9.67633E+00
 4.73151E+00 7.86739E-01 8.85082E-01 4.00329E+00 9.79224E+00
 4.78630E+00 7.87029E-01 8.85408E-01 3.99704E+00 9.90938E+00
 4.84172E+00 7.87313E-01 8.85727E-01 3.99027E+00 1.00278E+01
 4.89779E+00 7.87590E-01 8.86039E-01 3.98298E+00 1.01474E+01
 4.95450E+00 7.87862E-01 8.86345E-01 3.97517E+00 1.02683E+01
 5.01187E+00 7.88128E-01 8.86644E-01 3.96684E+00 1.03905E+01
 5.06991E+00 7.88388E-01 8.86936E-01 3.95802E+00 1.05140E+01
 5.12861E+00 7.88643E-01 8.87223E-01 3.94869E+00 1.06388E+01
 5.18800E+00 7.88892E-01 8.87503E-01 3.93887E+00 1.07649E+01
 5.24807E+00 7.89136E-01 8.87778E-01 3.92857E+00 1.08923E+01
 5.30884E+00 7.89374E-01 8.88046E-01 3.91779E+00 1.10210E+01
 5.37032E+00 7.89608E-01 8.88309E-01 3.90654E+00 1.11511E+01
 5.43250E+00 7.89836E-01 8.88566E-01 3.89483E+00 1.12825E+01
 5.49541E+00 7.90060E-01 8.88818E-01 3.88267E+00 1.14153E+01
 5.55904E+00 7.90279E-01 8.89064E-01 3.87006E+00 1.15494E+01
 5.62341E+00 7.90493E-01 8.89305E-01 3.85701E+00 1.16849E+01
 5.68853E+00 7.90703E-01 8.89540E-01 3.84354E+00 1.18218E+01
 5.75440E+00 7.90908E-01 8.89771E-01 3.82964E+00 1.19601E+01
 5.82103E+00 7.91108E-01 8.89997E-01 3.81534E+00 1.20998E+01
 5.88844E+00 7.91304E-01 8.90217E-01 3.80063E+00 1.22410E+01
 5.95662E+00 7.91496E-01 8.90433E-01 3.78553E+00 1.23835E+01
 6.02560E+00 7.91684E-01 8.90645E-01 3.77005E+00 1.25275E+01
 6.09537E+00 7.91868E-01 8.90851E-01 3.75419E+00 1.26729E+01
 6.16595E+00 7.92048E-01 8.91054E-01 3.73797E+00 1.28197E+01
 6.23735E+00 7.92224E-01 8.91252E-01 3.72139E+00 1.29680E+01
 6.30957E+00 7.92396E-01 8.91445E-01 3.70447E+00 1.31178E+01
 6.38263E+00 7.92564E-01 8.91634E-01 3.68721E+00 1.32691E+01
 6.45654E+00 7.92729E-01 8.91820E-01 3.66962E+00 1.34218E+01
 6.53131E+00 7.92890E-01 8.92001E-01 3.65172E+00 1.35760E+01
 6.60693E+00 7.93047E-01 8.92178E-01 3.63351E+00 1.37318E+01
 6.68344E+00 7.93201E-01 8.92352E-01 3.61501E+00 1.38890E+01
 6.76083E+00 7.93352E-01 8.92521E-01 3.59621E+00 1.40477E+01
 6.83912E+00 7.93500E-01 8.92687E-01 3.57714E+00 1.42080E+01
 6.91831E+00 7.93644E-01 8.92849E-01 3.55781E+00 1.43697E+01
 6.99842E+00 7.93785E-01 8.93008E-01 3.53821E+00 1.45331E+01
 7.07946E+00 7.93923E-01 8.93163E-01 3.51837E+00 1.46979E+01
 7.16143E+00 7.94058E-01 8.93315E-01 3.49828E+00 1.48643E+01
 7.24436E+00 7.94190E-01 8.93464E-01 3.47797E+00 1.50322E+01
 7.32825E+00 7.94319E-01 8.93609E-01 3.45744E+00 1.52017E+01
 7.41310E+00 7.94446E-01 8.93751E-01 3.43670E+00 1.53728E+01
 7.49894E+00 7.94569E-01 8.93890E-01 3.41576E+00 1.55454E+01
 7.58578E+00 7.94690E-01 8.94026E-01 3.39463E+00 1.57196E+01
 7.67361E+00 7.94808E-01 8.94159E-01 3.37331E+00 1.58953E+01
 7.76247E+00 7.94924E-01 8.94289E-01 3.35183E+00 1.60726E+01
 7.85236E+00 7.95037E-01 8.94416E-01 3.33018E+00 1.62515E+01
 7.94328E+00 7.95147E-01 8.94541E-01 3.30837E+00 1.64320E+01
 8.03526E+00 7.95256E-01 8.94663E-01 3.28642E+00 1.66141E+01
 8.12831E+00 7.95361E-01 8.94781E-01 3.26433E+00 1.67977E+01
 8.22243E+00 7.95465E-01 8.94898E-01 3.24212E+00 1.69830E+01
 8.31764E+00 7.95566E-01 8.95012E-01 3.21978E+00 1.71698E+01
 8.41395E+00 7.95665E-01 8.95123E-01 3.19733E+00 1.73582E+01
 8.51138E+00 7.95762E-01 8.95232E-01 3.17478E+00 1.75482E+01
 8.60994E+00 7.95856E-01 8.95338E-01 3.15214E+00 1.77397E+01
 8.70964E+00 7.95949E-01 8.95442E-01 3.12941E+00 1.79329E+01
 8.81049E+00 7.96039E-01 8.95544E-01 3.10659E+00 1.81276E+01
 8.91251E+00 7.96128E-01 8.95644E-01 3.08371E+00 1.83240E+01
 9.01571E+00 7.96214E-01 8.95741E-01 3.06076E+00 1.85218E+01
 9.12011E+00 7.96299E-01 8.95836E-01 3.03776E+00 1.87213E+01
 9.22571E+00 7.96381E-01 8.95929E-01 3.01471E+00 1.89223E+01
 9.33254E+00 7.96462E-01 8.96020E-01 2.99162E+00 1.91249E+01
 9.44061E+00 7.96541E-01 8.96109E-01 2.96849E+00 1.93291E+01
 9.54993E+00 7.96619E-01 8.96196E-01 2.94533E+00 1.95348E+01
 9.66051E+00 7.96694E-01 8.96281E-01 2.92215E+00 1.97420E+01
 9.77237E+00 7.96768E-01 8.96364E-01 2.89896E+00 1.99508E+01
 9.88553E+00 7.96841E-01 8.96446E-01 2.87576E+00 2.01611E+01
 1.00000E+01 7.96911E-01 8.96525E-01 2.85255E+00 2.03729E+01
 1.01158E+01 7.96981E-01 8.96603E-01 2.82935E+00 2.05862E+01
 1.02329E+01 7.97048E-01 8.96679E-01 2.80616E+00 2.08010E+01
 1.03514E+01 7.97114E-01 8.96754E-01 2.78299E+00 2.10172E+01
 1.04713E+01 7.97179E-01 8.96826E-01 2.75983E+00 2.12350E+01
 1.05925E+01 7.97242E-01 8.96897E-01 2.73671E+00 2.14542E+01
 1.07152E+01 7.97304E-01 8.96967E-01 2.71361E+00 2.16748E+01
 1.08393E+01 7.97364E-01 8.97035E-01 2.69055E+00 2.18968E+01
 1.09648E+01 7.97424E-01 8.97101E-01 2.66754E+00 2.21203E+01
 1.10917E+01 7.97481E-01 8.97166E-01 2.64457E+00 2.23451E+01
 1.12202E+01 7.97538E-01 8.97230E-01 2.62165E+00 2.25713E+01
 1.13501E+01 7.97593E-01 8.97292E-01 2.59879E+00 2.27988E+01
 1.14815E+01 7.97647E-01 8.97353E-01 2.57599E+00 2.30277E+01
 1.16145E+01 7.97700E-01 8.97412E-01 2.55325E+00 2.32578E+01
 1.17490E+01 7.97751E-01 8.97470E-01 2.53059E+00 2.34893E+01
 1.18850E+01 7.97802E-01 8.97527E-01 2.50799E+00 2.37219E+01
 1.20226E+01 7.97851E-01 8.97583E-01 2.48548E+00 2.39558E+01
 1.21619E+01 7.97899E-01 8.97637E-01 2.46304E+00 2.41909E+01
 1.23027E+01 7.97947E-01 8.97690E-01 2.44069E+00 2.44271E+01
 1.24451E+01 7.97993E-01 8.97742E-01 2.41842E+00 2.46645E+01
 1.25893E+01 7.98038E-01 8.97793E-01 2.39625E+00 2.49030E+01
 1.27350E+01 7.98082E-01 8.97842E-01 2.37417E+00 2.51425E+01
 1.28825E+01 7.98125E-01 8.97891E-01 2.35219E+00 2.53831E+01
 1.30317E+01 7.98167E-01 8.97938E-01 2.33031E+00 2.56247E+01
 1.31826E+01 7.98208E-01 8.97984E-01 2.30853E+00 2.58672E+01
 1.33352E+01 7.98249E-01 8.98030E-01 2.28686E+00 2.61107E+01
 1.34896E+01 7.98288E-01 8.98074E-01 2.26529E+00 2.63550E+01
 1.36458E+01 7.98326E-01 8.98117E-01 2.24384E+00 2.66002E+01
 1.38038E+01 7.98364E-01 8.98160E-01 2.22250E+00 2.68461E+01
 1.39637E+01 7.98401E-01 8.98201E-01 2.20127E+00 2.70929E+01
 1.41254E+01 7.98437E-01 8.98242E-01 2.18017E+00 2.73403E+01
 1.42889E+01 7.98472E-01 8.98281E-01 2.15918E+00 2.75884E+01
 1.44544E+01 7.98506E-01 8.98320E-01 2.13831E+00 2.78370E+01
 1.46218E+01 7.98540E-01 8.98358E-01 2.11757E+00 2.80863E+01
 1.47911E+01 7.98573E-01 8.98395E-01 2.09695E+00 2.83360E+01
 1.49624E+01 7.98605E-01 8.98431E-01 2.07646E+00 2.85862E+01
 1.51356E+01 7.98636E-01 8.98466E-01 2.05610E+00 2.88368E+01
 1.53109E+01 7.98667E-01 8.98501E-01 2.03587E+00 2.90877E+01
 1.54882E+01 7.98697E-01 8.98534E-01 2.01577E+00 2.93389E+01
 1.56675E+01 7.98726E-01 8.98567E-01 1.99580E+00 2.95903E+01
 1.58489E+01 7.98755E-01 8.98600E-01 1.97597E+00 2.98418E+01
 1.60325E+01 7.98783E-01 8.98631E-01 1.95627E+00 3.00935E+01
 1.62181E+01 7.98811E-01 8.98662E-01 1.93671E+00 3.03451E+01
 1.64059E+01 7.98837E-01 8.98692E-01 1.91728E+00 3.05967E+01
 1.65959E+01 7.98864E-01 8.98722E-01 1.89799E+00 3.08482E+01
 1.67880E+01 7.98889E-01 8.98750E-01 1.87884E+00 3.10995E+01
 1.69824E+01 7.98914E-01 8.98779E-01 1.85983E+00 3.13506E+01
 1.71791E+01 7.98939E-01 8.98806E-01 1.84097E+00 3.16013E+01
 1.73780E+01 7.98963E-01 8.98833E-01 1.82224E+00 3.18516E+01
 1.75792E+01 7.98986E-01 8.98859E-01 1.80365E+00 3.21015E+01
 1.77828E+01 7.99009E-01 8.98885E-01 1.78520E+00 3.23507E+01
 1.79887E+01 7.99031E-01 8.98910E-01 1.76690E+00 3.25994E+01
 1.81970E+01 7.99053E-01 8.98935E-01 1.74874E+00 3.28473E+01
 1.84077E+01 7.99074E-01 8.98959E-01 1.73072E+00 3.30944E+01
 1.86209E+01 7.99095E-01 8.98982E-01 1.71285E+00 3.33406E+01
 1.88365E+01 7.99116E-01 8.99005E-01 1.69512E+00 3.35858E+01
 1.90546E+01 7.99136E-01 8.99028E-01 1.67753E+00 3.38299E+01
 1.92752E+01 7.99155E-01 8.99050E-01 1.66009E+00 3.40730E+01
 1.94984E+01 7.99174E-01 8.99071E-01 1.64279E+00 3.43147E+01
 1.97242E+01 7.99193E-01 8.99092E-01 1.62563E+00 3.45552E+01
 1.99526E+01 7.99211E-01 8.99112E-01 1.60862E+00 3.47942E+01
 2.01837E+01 7.99229E-01 8.99132E-01 1.59175E+00 3.50316E+01
 2.04174E+01 7.99246E-01 8.99152E-01 1.57502E+00 3.52675E+01
 2.06538E+01 7.99263E-01 8.99171E-01 1.55844E+00 3.55017E+01
 2.08930E+01 7.99280E-01 8.99190E-01 1.54200E+00 3.57340E+01
 2.11349E+01 7.99296E-01 8.99208E-01 1.52571E+00 3.59645E+01
 2.13796E+01 7.99312E-01 8.99226E-01 1.50955E+00 3.61930E+01
 2.16272E+01 7.99328E-01 8.99244E-01 1.49354E+00 3.64193E+01
 2.18776E+01 7.99343E-01 8.99261E-01 1.47767E+00 3.66435E+01
 2.21309E+01 7.99358E-01 8.99277E-01 1.46194E+00 3.68653E+01
 2.23872E+01 7.99372E-01 8.99294E-01 1.44636E+00 3.70848E+01
 2.26464E+01 7.99386E-01 8.99310E-01 1.43091E+00 3.73018E+01
 2.29087E+01 7.99400E-01 8.99325E-01 1.41561E+00 3.75161E+01
 2.31739E+01 7.99414E-01 8.99340E-01 1.40044E+00 3.77278E+01
 2.34423E+01 7.99427E-01 8.99355E-01 1.38541E+00 3.79367E+01
 2.37137E+01 7.99440E-01 8.99370E-01 1.37053E+00 3.81426E+01
 2.39883E+01 7.99453E-01 8.99384E-01 1.35578E+00 3.83456E+01
 2.42661E+01 7.99465E-01 8.99398E-01 1.34117E+00 3.85454E+01
 2.45471E+01 7.99477E-01 8.99412E-01 1.32669E+00 3.87421E+01
 2.48313E+01 7.99489E-01 8.99425E-01 1.31235E+00 3.89354E+01
 2.51189E+01 7.99500E-01 8.99438E-01 1.29815E+00 3.91253E+01
 2.54097E+01 7.99512E-01 8.99451E-01 1.28408E+00 3.93117E+01
 2.57040E+01 7.99523E-01 8.99463E-01 1.27015E+00 3.94945E+01
 2.60016E+01 7.99534E-01 8.99475E-01 1.25635E+00 3.96736E+01
 2.63027E+01 7.99544E-01 8.99487E-01 1.24268E+00 3.98490E+01
 2.66073E+01 7.99554E-01 8.99499E-01 1.22914E+00 4.00204E+01
 2.69153E+01 7.99564E-01 8.99510E-01 1.21574E+00 4.01878E+01
 2.72270E+01 7.99574E-01 8.99521E-01 1.20246E+00 4.03511E+01
 2.75423E+01 7.99584E-01 8.99532E-01 1.18932E+00 4.05103E+01
 2.78612E+01 7.99593E-01 8.99543E-01 1.17631E+00 4.06652E+01
 2.81838E+01 7.99603E-01 8.99553E-01 1.16342E+00 4.08157E+01
 2.85102E+01 7.99612E-01 8.99563E-01 1.15066E+00 4.09618E+01
 2.88403E+01 7.99620E-01 8.99573E-01 1.13803E+00 4.11034E+01
 2.91743E+01 7.99629E-01 8.99583E-01 1.12552E+00 4.12403E+01
 2.95121E+01 7.99637E-01 8.99592E-01 1.11314E+00 4.13726E+01
 2.98538E+01 7.99646E-01 8.99601E-01 1.10088E+00 4.15001E+01
 3.01995E+01 7.99654E-01 8.99610E-01 1.08875E+00 4.16227E+01
 3.05492E+01 7.99661E-01 8.99619E-01 1.07674E+00 4.17405E+01
 3.09030E+01 7.99669E-01 8.99628E-01 1.06485E+00 4.18532E+01
 3.12608E+01 7.99677E-01 8.99636E-01 1.05308E+00 4.19609E+01
 3.16228E+01 7.99684E-01 8.99644E-01 1.04142E+00 4.20635E+01
 3.19890E+01 7.99691E-01 8.99652E-01 1.02989E+00 4.21608E+01
 3.23594E+01 7.99698E-01 8.99660E-01 1.01848E+00 4.22529E+01
 3.27341E+01 7.99705E-01 8.99668E-01 1.00718E+00 4.23398E+01
 3.31131E+01 7.99712E-01 8.99675E-01 9.96003E-01 4.24212E+01
 3.34965E+01 7.99718E-01 8.99683E-01 9.89651E-01 4.24973E+01
 3.38844E+01 7.99724E-01 8.99690E-01 9.89659E-01 4.25679E+01
 3.42768E+01 7.99731E-01 8.99697E-01 9.89667E-01 4.26329E+01
 3.46737E+01 7.99737E-01 8.99704E-01 9.89674E-01 4.26925E+01
 3.50752E+01 7.99743E-01 8.99711E-01 9.89682E-01 4.27465E+01
 3.54813E+01 7.99749E-01 8.99717E-01 9.89689E-01 4.27948E+01
 3.58922E+01 7.99754E-01 8.99724E-01 9.89696E-01 4.28375E+01
 3.63078E+01 7.99760E-01 8.99730E-01 9.89703E-01 4.28746E+01
 3.67282E+01 7.99765E-01 8.99736E-01 9.89710E-01 4.29059E+01
 3.71535E+01 7.99771E-01 8.99742E-01 9.89716E-01 4.29315E+01
 3.75837E+01 7.99776E-01 8.99748E-01 9.89723E-01 4.29515E+01
 3.80189E+01 7.99781E-01 8.99753E-01 9.89729E-01 4.29656E+01
 3.84592E+01 7.99786E-01 8.99759E-01 9.89735E-01 4.29741E+01
 3.89045E+01 7.99791E-01 8.99765E-01 9.89741E-01 4.29768E+01
 3.93550E+01 7.99795E-01 8.99770E-01 9.89747E-01 4.29737E+01
 3.98107E+01 7.99800E-01 8.99775E-01 9.89753E-01 4.29649E+01
 4.02717E+01 7.99805E-01 8.99780E-01 9.89758E-01 4.29503E+01
 4.07380E+01 7.99809E-01 8.99785E-01 9.89764E-01 4.29301E+01
 4.12098E+01 7.99813E-01 8.99790E-01 9.89769E-01 4.29041E+01
 4.16869E+01 7.99818E-01 8.99795E-01 9.89774E-01 4.28724E+01
 4.21697E+01 7.99822E-01 8.99799E-01 9.89779E-01 4.28351E+01
 4.26580E+01 7.99826E-01 8.99804E-01 9.89784E-01 4.27921E+01
 4.31519E+01 7.99830E-01 8.99808E-01 9.89789E-01 4.27435E+01
 4.36516E+01 7.99834E-01 8.99813E-01 9.89794E-01 4.26893E+01
 4.41570E+01 7.99837E-01 8.99817E-01 9.89799E-01 4.26296E+01
 4.46684E+01 7.99841E-01 8.99821E-01 9.89803E-01 4.25644E+01
 4.51856E+01 7.99845E-01 8.99825E-01 9.89808E-01 4.24937E+01
 4.57088E+01 7.99848E-01 8.99829E-01 9.89812E-01 4.24176E+01
 4.62381E+01 7.99852E-01 8.99833E-01 9.89816E-01 4.23362E+01
 4.67735E+01 7.99855E-01 8.99837E-01 9.89821E-01 4.22495E+01
 4.73151E+01 7.99858E-01 8.99841E-01 9.89825E-01 4.21575E+01
 4.78630E+01 7.99861E-01 8.99844E-01 9.89829E-01 4.20603E+01
 4.84172E+01 7.99865E-01 8.99848E-01 9.89832E-01 4.19580E+01
 4.89779E+01 7.99868E-01 8.99851E-01 9.89836E-01 4.18506E+01
 4.95450E+01 7.99871E-01 8.99855E-01 9.89840E-01 4.17383E+01
 5.01187E+01 7.99874E-01 8.99858E-01 9.89844E-01 4.16210E+01
 5.06991E+01 7.99876E-01 8.99861E-01 9.89847E-01 4.14989E+01
 5.12861E+01 7.99879E-01 8.99864E-01 9.89851E-01 4.13720E+01
 5.18800E+01 7.99882E-01 8.99867E-01 9.89854E-01 4.12404E+01
 5.24807E+01 7.99885E-01 8.99870E-01 9.89857E-01 4.11042E+01
 5.30884E+01 7.99887E-01 8.99873E-01 9.89861E-01 4.09635E+01
 5.37032E+01 7.99890E-01 8.99876E-01 9.89864E-01 4.08183E+01
 5.43250E+01 7.99892E-01 8.99879E-01 9.89867E-01 4.06688E+01
 5.49541E+01 7.99895E-01 8.99882E-01 9.89870E-01 4.05150E+01
 5.55904E+01 7.99897E-01 8.99884E-01 9.89873E-01 4.03570E+01
 5.62341E+01 7.99900E-01 8.99887E-01 9.89876E-01 4.01949E+01
 5.68853E+01 7.99902E-01 8.99890E-01 9.89878E-01 4.00288E+01
 5.75440E+01 7.99904E-01 8.99892E-01 9.89881E-01 3.98589E+01
 5.82103E+01 7.99906E-01 8.99894E-01 9.89884E-01 3.96851E+01
 5.88844E+01 7.99908E-01 8.99897E-01 9.89887E-01 3.95076E+01
 5.95662E+01 7.99910E-01 8.99899E-01 9.89889E-01 3.93265E+01
 6.02560E+01 7.99912E-01 8.99901E-01 9.89892E-01 3.91419E+01
 6.09537E+01 7.99914E-01 8.99904E-01 9.89894E-01 3.89539E+01
 6.16595E+01 7.99916E-01 8.99906E-01 9.89897E-01 3.87625E+01
 6.23735E+01 7.99918E-01 8.99908E-01 9.89899E-01 3.85679E+01
 6.30957E+01 7.99920E-01 8.99910E-01 9.89901E-01 3.83702E+01
 6.38263E+01 7.99922E-01 8.99912E-01 9.89903E-01 3.81695E+01
 6.45654E+01 7.99924E-01 8.99914E-01 9.89906E-01 3.79659E+01
 6.53131E+01 7.99925E-01 8.99916E-01 9.89908E-01 3.77595E+01
 6.60693E+01 7.99927E-01 8.99918E-01 9.89910E-01 3.75503E+01
 6.68344E+01 7.99929E-01 8.99920E-01 9.89912E-01 3.73385E+01
 6.76083E+01 7.99930E-01 8.99922E-01 9.89914E-01 3.71242E+01
 6.83912E+01 7.99932E-01 8.99923E-01 9.89916E-01 3.69075E+01
 6.91831E+01 7.99934E-01 8.99925E-01 9.89918E-01 3.66885E+01
 6.99842E+01 7.99935E-01 8.99927E-01 9.89920E-01 3.64673E+01
 7.07946E+01 7.99937E-01 8.99929E-01 9.89921E-01 3.62439E+01
 7.16143E+01 7.99938E-01 8.99930E-01 9.89923E-01 3.60185E+01
 7.24436E+01 7.99939E-01 8.99932E-01 9.89925E-01 3.57912E+01
 7.32825E+01 7.99941E-01 8.99933E-01 9.89927E-01 3.55621E+01
 7.41310E+01 7.99942E-01 8.99935E-01 9.89928E-01 3.53312E+01
 7.49894E+01 7.99943E-01 8.99936E-01 9.89930E-01 3.50987E+01
 7.58578E+01 7.99945E-01 8.99938E-01 9.89932E-01 3.48646E+01
 7.67361E+01 7.99946E-01 8.99939E-01 9.89933E-01 3.46291E+01
 7.76247E+01 7.99947E-01 8.99941E-01 9.89935E-01 3.43923E+01
 7.85236E+01 7.99948E-01 8.99942E-01 9.89936E-01 3.41541E+01
 7.94328E+01 7.99950E-01 8.99943E-01 9.89938E-01 3.39148E+01
 8.03526E+01 7.99951E-01 8.99945E-01 9.89939E-01 3.36744E+01
 8.12831E+01 7.99952E-01 8.99946E-01 9.89940E-01 3.34330E+01
 8.22243E+01 7.99953E-01 8.99947E-01 9.89942E-01 3.31906E+01
 8.31764E+01 7.99954E-01 8.99948E-01 9.89943E-01 3.29474E+01
 8.41395E+01 7.99955E-01 8.99949E-01 9.89944E-01 3.27035E+01
 8.51138E+01 7.99956E-01 8.99951E-01 9.89946E-01 3.24588E+01
 8.60994E+01 7.99957E-01 8.99952E-01 9.89947E-01 3.22136E+01
 8.70964E+01 7.99958E-01 8.99953E-01 9.89948E-01 3.19679E+01
 8.81049E+01 7.99959E-01 8.99954E-01 9.89949E-01 3.17217E+01
 8.91251E+01 7.99960E-01 8.99955E-01 9.89950E-01 3.14751E+01
 9.01571E+01 7.99961E-01 8.99956E-01 9.89951E-01 3.12283E+01
 9.12011E+01 7.99962E-01 8.99957E-01 9.89953E-01 3.09812E+01
 9.22571E+01 7.99963E-01 8.99958E-01 9.89954E-01 3.07339E+01
 9.33254E+01 7.99963E-01 8.99959E-01 9.89955E-01 3.04866E+01
 9.44061E+01 7.99964E-01 8.99960E-01 9.89956E-01 3.02393E+01
 9.54993E+01 7.99965E-01 8.99961E-01 9.89957E-01 2.99920E+01
 9.66051E+01 7.99966E-01 8.99962E-01 9.89958E-01 2.97448E+01
 9.77237E+01 7.99967E-01 8.99962E-01 9.89959E-01 2.94978E+01
 9.88553E+01 7.99967E-01 8.99963E-01 9.89960E-01 2.92510E+01
 1.00000E+02 7.99968E-01 8.99964E-01 9.89961E-01 2.90045E+01
