 1.00000E-02 1.89160E-02 3.55600E-02 6.40176E-02 6.85834E-02
 2.00000E-02 1.90433E-02 3.57961E-02 6.42552E-02 6.89065E-02
 3.00000E-02 1.92526E-02 3.60935E-02 6.46627E-02 6.92912E-02
 4.00000E-02 1.95367E-02 3.65227E-02 6.52012E-02 6.98361E-02
 5.00000E-02 1.99041E-02 3.70642E-02 6.58884E-02 7.05312E-02
 6.00000E-02 2.03501E-02 3.77289E-02 6.67269E-02 7.13814E-02
 7.00000E-02 2.08769E-02 3.85101E-02 6.77172E-02 7.23810E-02
 8.00000E-02 2.14825E-02 3.94079E-02 6.88586E-02 7.35364E-02
 9.00000E-02 2.21661E-02 4.04223E-02 7.01480E-02 7.48405E-02
 1.00000E-01 2.29273E-02 4.15515E-02 7.15843E-02 7.62936E-02
 1.10000E-01 2.37647E-02 4.27935E-02 7.31661E-02 7.78959E-02
 1.20000E-01 2.46770E-02 4.41465E-02 7.48916E-02 7.96449E-02
 1.30000E-01 2.56631E-02 4.56094E-02 7.67588E-02 8.15381E-02
 1.40000E-01 2.67215E-02 4.71790E-02 7.87653E-02 8.35735E-02
 1.50000E-01 2.78507E-02 4.88534E-02 8.09086E-02 8.57486E-02
 1.60000E-01 2.90491E-02 5.06306E-02 8.31858E-02 8.80607E-02
 1.70000E-01 3.03149E-02 5.25077E-02 8.55940E-02 9.05068E-02
 1.80000E-01 3.16464E-02 5.44820E-02 8.81299E-02 9.30837E-02
 1.90000E-01 3.30418E-02 5.65509E-02 9.07897E-02 9.57877E-02
 2.00000E-01 3.44989E-02 5.87114E-02 9.35700E-02 9.86153E-02
 2.10000E-01 3.60160E-02 6.09609E-02 9.64670E-02 1.01562E-01
 2.20000E-01 3.75907E-02 6.32960E-02 9.94766E-02 1.04625E-01
 2.30000E-01 3.92213E-02 6.57139E-02 1.02595E-01 1.07799E-01
 2.40000E-01 4.09054E-02 6.82114E-02 1.05817E-01 1.11080E-01
 2.50000E-01 4.26410E-02 7.07854E-02 1.09139E-01 1.14463E-01
 2.60000E-01 4.44258E-02 7.34326E-02 1.12556E-01 1.17945E-01
 2.70000E-01 4.62578E-02 7.61502E-02 1.16065E-01 1.21519E-01
 2.80000E-01 4.81348E-02 7.89345E-02 1.19661E-01 1.25183E-01
 2.90000E-01 5.00546E-02 8.17829E-02 1.23338E-01 1.28930E-01
 3.00000E-01 5.20149E-02 8.46919E-02 1.27094E-01 1.32756E-01
 3.10000E-01 5.40138E-02 8.76583E-02 1.30922E-01 1.36658E-01
 3.20000E-01 5.60490E-02 9.06794E-02 1.34819E-01 1.40629E-01
 3.30000E-01 5.81184E-02 9.37518E-02 1.38781E-01 1.44665E-01
 3.40000E-01 6.02199E-02 9.68726E-02 1.42803E-01 1.48763E-01
 3.50000E-01 6.23516E-02 1.00039E-01 1.46881E-01 1.52917E-01
 3.60000E-01 6.45113E-02 1.03248E-01 1.51011E-01 1.57123E-01
 3.70000E-01 6.66974E-02 1.06496E-01 1.55189E-01 1.61377E-01
 3.80000E-01 6.89076E-02 1.09782E-01 1.59410E-01 1.65675E-01
 3.90000E-01 7.11402E-02 1.13102E-01 1.63672E-01 1.70012E-01
 4.00000E-01 7.33933E-02 1.16454E-01 1.67971E-01 1.74385E-01
 4.10000E-01 7.56653E-02 1.19835E-01 1.72302E-01 1.78791E-01
 4.20000E-01 7.79543E-02 1.23242E-01 1.76662E-01 1.83225E-01
 4.30000E-01 8.02588E-02 1.26674E-01 1.81049E-01 1.87684E-01
 4.40000E-01 8.25769E-02 1.30128E-01 1.85459E-01 1.92165E-01
 4.50000E-01 8.49075E-02 1.33603E-01 1.89889E-01 1.96664E-01
 4.60000E-01 8.72487E-02 1.37094E-01 1.94336E-01 2.01179E-01
 4.70000E-01 8.95992E-02 1.40602E-01 1.98797E-01 2.05707E-01
 4.80000E-01 9.19577E-02 1.44123E-01 2.03270E-01 2.10244E-01
 4.90000E-01 9.43227E-02 1.47657E-01 2.07752E-01 2.14788E-01
 5.00000E-01 9.66928E-02 1.51200E-01 2.12241E-01 2.19337E-01
 5.10000E-01 9.90671E-02 1.54752E-01 2.16734E-01 2.23889E-01
 5.20000E-01 1.01444E-01 1.58310E-01 2.21230E-01 2.28440E-01
 5.30000E-01 1.03823E-01 1.61874E-01 2.25727E-01 2.32989E-01
 5.40000E-01 1.06202E-01 1.65441E-01 2.30221E-01 2.37534E-01
 5.50000E-01 1.08581E-01 1.69010E-01 2.34713E-01 2.42073E-01
 5.60000E-01 1.10958E-01 1.72580E-01 2.39199E-01 2.46604E-01
 5.70000E-01 1.13333E-01 1.76149E-01 2.43678E-01 2.51125E-01
 5.80000E-01 1.15705E-01 1.79717E-01 2.48150E-01 2.55635E-01
 5.90000E-01 1.18072E-01 1.83281E-01 2.52611E-01 2.60133E-01
 6.00000E-01 1.20434E-01 1.86841E-01 2.57062E-01 2.64617E-01
 6.10000E-01 1.22791E-01 1.90396E-01 2.61500E-01 2.69085E-01
 6.20000E-01 1.25141E-01 1.93945E-01 2.65925E-01 2.73536E-01
 6.30000E-01 1.27483E-01 1.97486E-01 2.70336E-01 2.77970E-01
 6.40000E-01 1.29818E-01 2.01018E-01 2.74731E-01 2.82386E-01
 6.50000E-01 1.32144E-01 2.04542E-01 2.79109E-01 2.86781E-01
 6.60000E-01 1.34460E-01 2.08055E-01 2.83471E-01 2.91156E-01
 6.70000E-01 1.36767E-01 2.11558E-01 2.87814E-01 2.95510E-01
 6.80000E-01 1.39063E-01 2.15049E-01 2.92138E-01 2.99841E-01
 6.90000E-01 1.41349E-01 2.18527E-01 2.96443E-01 3.04149E-01
 7.00000E-01 1.43623E-01 2.21992E-01 3.00728E-01 3.08434E-01
 7.10000E-01 1.45885E-01 2.25444E-01 3.04992E-01 3.12694E-01
 7.20000E-01 1.48134E-01 2.28881E-01 3.09235E-01 3.16930E-01
 7.30000E-01 1.50372E-01 2.32303E-01 3.13456E-01 3.21141E-01
 7.40000E-01 1.52596E-01 2.35710E-01 3.17654E-01 3.25326E-01
 7.50000E-01 1.54806E-01 2.39101E-01 3.21831E-01 3.29485E-01
 7.60000E-01 1.57003E-01 2.42475E-01 3.25984E-01 3.33618E-01
 7.70000E-01 1.59185E-01 2.45832E-01 3.30114E-01 3.40503E-01
 7.80000E-01 1.61354E-01 2.49171E-01 3.34221E-01 3.47438E-01
 7.90000E-01 1.63507E-01 2.52493E-01 3.40503E-01 3.54328E-01
 8.00000E-01 1.65646E-01 2.55796E-01 3.47079E-01 3.61172E-01
 8.10000E-01 1.67769E-01 2.59080E-01 3.53608E-01 3.67966E-01
 8.20000E-01 1.69877E-01 2.62345E-01 3.60088E-01 3.74709E-01
 8.30000E-01 1.71970E-01 2.65591E-01 3.66519E-01 3.81401E-01
 8.40000E-01 1.74046E-01 2.68817E-01 3.72898E-01 3.88039E-01
 8.50000E-01 1.76107E-01 2.72023E-01 3.79224E-01 3.94622E-01
 8.60000E-01 1.78152E-01 2.75209E-01 3.85497E-01 4.01150E-01
 8.70000E-01 1.80180E-01 2.78374E-01 3.91715E-01 4.07620E-01
 8.80000E-01 1.82192E-01 2.81519E-01 3.97876E-01 4.14032E-01
 8.90000E-01 1.84188E-01 2.84642E-01 4.03981E-01 4.20385E-01
 9.00000E-01 1.86167E-01 2.87744E-01 4.10029E-01 4.26678E-01
 9.10000E-01 1.88129E-01 2.90824E-01 4.16019E-01 4.32911E-01
 9.20000E-01 1.90075E-01 2.93883E-01 4.21949E-01 4.39082E-01
 9.30000E-01 1.92004E-01 2.96920E-01 4.27821E-01 4.45192E-01
 9.40000E-01 1.93916E-01 2.99935E-01 4.33633E-01 4.51240E-01
 9.50000E-01 1.95812E-01 3.02928E-01 4.39385E-01 4.57225E-01
 9.60000E-01 1.97690E-01 3.05898E-01 4.45076E-01 4.63148E-01
 9.70000E-01 1.99552E-01 3.08847E-01 4.50707E-01 4.69008E-01
 9.80000E-01 2.01397E-01 3.11772E-01 4.56277E-01 4.74804E-01
 9.90000E-01 2.03225E-01 3.15407E-01 4.61787E-01 4.80537E-01
 1.00000E+00 2.05036E-01 3.19128E-01 4.67235E-01 4.86207E-01
 1.01158E+00 2.07112E-01 3.23385E-01 4.73468E-01 4.92693E-01
 1.02329E+00 2.09189E-01 3.27635E-01 4.79691E-01 4.99168E-01
 1.03514E+00 2.11267E-01 3.31876E-01 4.85900E-01 5.05630E-01
 1.04713E+00 2.13345E-01 3.36107E-01 4.92095E-01 5.12076E-01
 1.05925E+00 2.15422E-01 3.40327E-01 4.98273E-01 5.18505E-01
 1.07152E+00 2.17499E-01 3.44535E-01 5.04433E-01 5.24915E-01
 1.08393E+00 2.19575E-01 3.48729E-01 5.10573E-01 5.31305E-01
 1.09648E+00 2.21649E-01 3.52907E-01 5.16692E-01 5.37671E-01
 1.10917E+00 2.23721E-01 3.57070E-01 5.22786E-01 5.44013E-01
 1.12202E+00 2.25790E-01 3.61216E-01 5.28856E-01 5.50329E-01
 1.13501E+00 2.28082E-01 3.65343E-01 5.34898E-01 5.56617E-01
 1.14815E+00 2.30646E-01 3.69450E-01 5.40912E-01 5.62875E-01
 1.16145E+00 2.33197E-01 3.73537E-01 5.46896E-01 5.69102E-01
 1.17490E+00 2.35735E-01 3.77603E-01 5.52848E-01 5.75296E-01
 1.18850E+00 2.38259E-01 3.81645E-01 5.58767E-01 5.81455E-01
 1.20226E+00 2.40769E-01 3.85665E-01 5.64652E-01 5.87579E-01
 1.21619E+00 2.43262E-01 3.89659E-01 5.70500E-01 5.93665E-01
 1.23027E+00 2.45740E-01 3.93628E-01 5.76311E-01 5.99712E-01
 1.24451E+00 2.48201E-01 3.97571E-01 5.82083E-01 6.05718E-01
 1.25893E+00 2.50646E-01 4.01486E-01 5.87816E-01 6.11683E-01
 1.27350E+00 2.53073E-01 4.05373E-01 5.93507E-01 6.17606E-01
 1.28825E+00 2.55481E-01 4.09231E-01 5.99156E-01 6.23484E-01
 1.30317E+00 2.57871E-01 4.13060E-01 6.04761E-01 6.29317E-01
 1.31826E+00 2.60242E-01 4.16858E-01 6.10322E-01 6.35103E-01
 1.33352E+00 2.62594E-01 4.20625E-01 6.15836E-01 6.40842E-01
 1.34896E+00 2.64926E-01 4.24360E-01 6.21305E-01 6.46532E-01
 1.36458E+00 2.67237E-01 4.28062E-01 6.26725E-01 6.52173E-01
 1.38038E+00 2.69528E-01 4.31731E-01 6.32098E-01 6.57763E-01
 1.39637E+00 2.71797E-01 4.35367E-01 6.37420E-01 6.63302E-01
 1.41254E+00 2.74045E-01 4.38968E-01 6.42693E-01 6.68789E-01
 1.42889E+00 2.76272E-01 4.42534E-01 6.47914E-01 6.74222E-01
 1.44544E+00 2.78476E-01 4.46065E-01 6.53084E-01 6.79602E-01
 1.46218E+00 2.80659E-01 4.49561E-01 6.58202E-01 6.84928E-01
 1.47911E+00 2.82818E-01 4.53020E-01 6.63267E-01 6.90198E-01
 1.49624E+00 2.84955E-01 4.56443E-01 6.68278E-01 6.95413E-01
 1.51356E+00 2.87069E-01 4.59828E-01 6.73235E-01 7.00571E-01
 1.53109E+00 2.89159E-01 4.63177E-01 6.78137E-01 7.05672E-01
 1.54882E+00 2.91226E-01 4.66488E-01 6.82985E-01 7.10717E-01
 1.56675E+00 2.93269E-01 4.69761E-01 6.87777E-01 7.15703E-01
 1.58489E+00 2.95289E-01 4.72996E-01 6.92513E-01 7.20632E-01
 1.60325E+00 2.97285E-01 4.76192E-01 6.97193E-01 7.25502E-01
 1.62181E+00 2.99256E-01 4.79351E-01 7.01817E-01 7.30314E-01
 1.64059E+00 3.01204E-01 4.82470E-01 7.06384E-01 7.35066E-01
 1.65959E+00 3.03127E-01 4.85551E-01 7.10895E-01 7.39760E-01
 1.67880E+00 3.05026E-01 4.88592E-01 7.15348E-01 7.44394E-01
 1.69824E+00 3.06900E-01 4.91595E-01 7.19744E-01 7.48969E-01
 1.71791E+00 3.08751E-01 4.94559E-01 7.24084E-01 7.53484E-01
 1.73780E+00 3.10576E-01 4.97483E-01 7.28365E-01 7.57940E-01
 1.75792E+00 3.12378E-01 5.00369E-01 7.32590E-01 7.62336E-01
 1.77828E+00 3.14155E-01 5.03215E-01 7.36757E-01 7.66672E-01
 1.79887E+00 3.15907E-01 5.06022E-01 7.40867E-01 7.70949E-01
 1.81970E+00 3.17635E-01 5.08790E-01 7.44920E-01 7.75167E-01
 1.84077E+00 3.19339E-01 5.11520E-01 7.48916E-01 7.79325E-01
 1.86209E+00 3.21019E-01 5.14210E-01 7.52855E-01 7.83424E-01
 1.88365E+00 3.22674E-01 5.16861E-01 7.56737E-01 7.87463E-01
 1.90546E+00 3.24305E-01 5.19474E-01 7.60562E-01 7.91444E-01
 1.92752E+00 3.25912E-01 5.22049E-01 7.64331E-01 7.95366E-01
 1.94984E+00 3.27496E-01 5.24585E-01 7.68044E-01 7.99230E-01
 1.97242E+00 3.29055E-01 5.27083E-01 7.71702E-01 8.03036E-01
 1.99526E+00 3.30591E-01 5.29542E-01 7.75303E-01 8.06784E-01
 2.01837E+00 3.32103E-01 5.31965E-01 7.78849E-01 8.10474E-01
 2.04174E+00 3.33592E-01 5.34349E-01 7.82341E-01 8.14107E-01
 2.06538E+00 3.35057E-01 5.36697E-01 7.85777E-01 8.17683E-01
 2.08930E+00 3.36499E-01 5.39007E-01 7.89160E-01 8.21203E-01
 2.11349E+00 3.37919E-01 5.41280E-01 7.92488E-01 8.24667E-01
 2.13796E+00 3.39315E-01 5.43517E-01 7.95764E-01 8.28075E-01
 2.16272E+00 3.40689E-01 5.45718E-01 7.98986E-01 8.31428E-01
 2.18776E+00 3.42041E-01 5.47883E-01 8.02155E-01 8.34726E-01
 2.21309E+00 3.43370E-01 5.50012E-01 8.05273E-01 8.37970E-01
 2.23872E+00 3.44677E-01 5.52106E-01 8.08338E-01 8.41160E-01
 2.26464E+00 3.45962E-01 5.54165E-01 8.11353E-01 8.44297E-01
 2.29087E+00 3.47226E-01 5.56189E-01 8.14316E-01 8.47381E-01
 2.31739E+00 3.48468E-01 5.58179E-01 8.17230E-01 8.50413E-01
 2.34423E+00 3.49689E-01 5.60135E-01 8.20093E-01 8.53392E-01
 2.37137E+00 3.50889E-01 5.62057E-01 8.22908E-01 8.56321E-01
 2.39883E+00 3.52069E-01 5.63946E-01 8.25674E-01 8.59199E-01
 2.42661E+00 3.53228E-01 5.65802E-01 8.28391E-01 8.62027E-01
 2.45471E+00 3.54366E-01 5.67626E-01 8.31061E-01 8.64805E-01
 2.48313E+00 3.55484E-01 5.69417E-01 8.33684E-01 8.67535E-01
 2.51189E+00 3.56583E-01 5.71177E-01 8.36260E-01 8.70216E-01
 2.54097E+00 3.57662E-01 5.72905E-01 8.38790E-01 8.72849E-01
 2.57040E+00 3.58721E-01 5.74602E-01 8.41275E-01 8.75434E-01
 2.60016E+00 3.59762E-01 5.76269E-01 8.43715E-01 8.77974E-01
 2.63027E+00 3.60783E-01 5.77905E-01 8.46111E-01 8.80467E-01
 2.66073E+00 3.61786E-01 5.79512E-01 8.48463E-01 8.82914E-01
 2.69153E+00 3.62771E-01 5.81089E-01 8.50772E-01 8.85317E-01
 2.72270E+00 3.63737E-01 5.82637E-01 8.53038E-01 8.87675E-01
 2.75423E+00 3.64686E-01 5.84156E-01 8.55263E-01 8.89990E-01
 2.78612E+00 3.65616E-01 5.85647E-01 8.57446E-01 8.92261E-01
 2.81838E+00 3.66530E-01 5.87110E-01 8.59588E-01 8.94491E-01
 2.85102E+00 3.67426E-01 5.88546E-01 8.61690E-01 8.96678E-01
 2.88403E+00 3.68305E-01 5.89954E-01 8.63752E-01 8.98824E-01
 2.91743E+00 3.69168E-01 5.91336E-01 8.65775E-01 9.00929E-01
 2.95121E+00 3.70014E-01 5.92692E-01 8.67760E-01 9.02994E-01
 2.98538E+00 3.70844E-01 5.94021E-01 8.69706E-01 9.05020E-01
 3.01995E+00 3.71659E-01 5.95325E-01 8.71616E-01 9.07007E-01
 3.05492E+00 3.72457E-01 5.96604E-01 8.73488E-01 9.08955E-01
 3.09030E+00 3.73240E-01 5.97858E-01 8.75324E-01 9.10866E-01
 3.12608E+00 3.74008E-01 5.99088E-01 8.77125E-01 9.12740E-01
 3.16228E+00 3.74761E-01 6.00294E-01 8.78891E-01 9.14577E-01
 3.19890E+00 3.75499E-01 6.01476E-01 8.80622E-01 9.16378E-01
 3.23594E+00 3.76222E-01 6.02636E-01 8.82319E-01 9.18144E-01
 3.27341E+00 3.76932E-01 6.03772E-01 8.83982E-01 9.19876E-01
 3.31131E+00 3.77627E-01 6.04886E-01 8.85613E-01 9.21573E-01
 3.34965E+00 3.78309E-01 6.05977E-01 8.87212E-01 9.23236E-01
 3.38844E+00 3.78977E-01 6.07047E-01 8.88778E-01 9.24866E-01
 3.42768E+00 3.79631E-01 6.08096E-01 8.90314E-01 9.26464E-01
 3.46737E+00 3.80273E-01 6.09124E-01 8.91818E-01 9.28030E-01
 3.50752E+00 3.80902E-01 6.10131E-01 8.93293E-01 9.29564E-01
 3.54813E+00 3.81518E-01 6.11118E-01 8.94737E-01 9.31067E-01
 3.58922E+00 3.82121E-01 6.12085E-01 8.96153E-01 9.32540E-01
 3.63078E+00 3.82713E-01 6.13032E-01 8.97540E-01 9.33984E-01
 3.67282E+00 3.83292E-01 6.13960E-01 8.98899E-01 9.35398E-01
 3.71535E+00 3.83860E-01 6.14869E-01 9.00230E-01 9.36783E-01
 3.75837E+00 3.84416E-01 6.15760E-01 9.01534E-01 9.38140E-01
 3.80189E+00 3.84960E-01 6.16632E-01 9.02811E-01 9.39469E-01
 3.84592E+00 3.85494E-01 6.17487E-01 9.04062E-01 9.40771E-01
 3.89045E+00 3.86016E-01 6.18324E-01 9.05288E-01 9.42046E-01
 3.93550E+00 3.86528E-01 6.19143E-01 9.06488E-01 9.43295E-01
 3.98107E+00 3.87029E-01 6.19946E-01 9.07663E-01 9.44518E-01
 4.02717E+00 3.87520E-01 6.20732E-01 9.08814E-01 9.45716E-01
 4.07380E+00 3.88001E-01 6.21502E-01 9.09941E-01 9.46889E-01
 4.12098E+00 3.88471E-01 6.22256E-01 9.11045E-01 9.48037E-01
 4.16869E+00 3.88932E-01 6.22994E-01 9.12126E-01 9.49162E-01
 4.21697E+00 3.89383E-01 6.23717E-01 9.13184E-01 9.50263E-01
 4.26580E+00 3.89825E-01 6.24425E-01 9.14220E-01 9.51341E-01
 4.31519E+00 3.90258E-01 6.25117E-01 9.15234E-01 9.52396E-01
 4.36516E+00 3.90681E-01 6.25796E-01 9.16227E-01 9.53430E-01
 4.41570E+00 3.91096E-01 6.26460E-01 9.17199E-01 9.54441E-01
 4.46684E+00 3.91501E-01 6.27110E-01 9.18151E-01 9.55432E-01
 4.51856E+00 3.91899E-01 6.27746E-01 9.19083E-01 9.56401E-01
 4.57088E+00 3.92287E-01 6.28369E-01 9.19995E-01 9.57350E-01
 4.62381E+00 3.92668E-01 6.28978E-01 9.20887E-01 9.58279E-01
 4.67735E+00 3.93041E-01 6.29575E-01 9.21761E-01 9.59188E-01
 4.73151E+00 3.93405E-01 6.30159E-01 9.22616E-01 9.60078E-01
 4.78630E+00 3.93762E-01 6.30731E-01 9.23453E-01 9.60949E-01
 4.84172E+00 3.94111E-01 6.31290E-01 9.24272E-01 9.61801E-01
 4.89779E+00 3.94453E-01 6.31837E-01 9.25073E-01 9.62635E-01
 4.95450E+00 3.94787E-01 6.32373E-01 9.25858E-01 9.63451E-01
 5.01187E+00 3.95115E-01 6.32897E-01 9.26625E-01 9.64250E-01
 5.06991E+00 3.95435E-01 6.33410E-01 9.27376E-01 9.65032E-01
 5.12861E+00 3.95748E-01 6.33913E-01 9.28111E-01 9.65796E-01
 5.18800E+00 3.96055E-01 6.34404E-01 9.28831E-01 9.66545E-01
 5.24807E+00 3.96355E-01 6.34884E-01 9.29534E-01 9.67277E-01
 5.30884E+00 3.96649E-01 6.35355E-01 9.30223E-01 9.67994E-01
 5.37032E+00 3.96936E-01 6.35815E-01 9.30896E-01 9.68695E-01
 5.43250E+00 3.97217E-01 6.36265E-01 9.31556E-01 9.69381E-01
 5.49541E+00 3.97492E-01 6.36705E-01 9.32200E-01 9.70052E-01
 5.55904E+00 3.97761E-01 6.37136E-01 9.32831E-01 9.70708E-01
 5.62341E+00 3.98024E-01 6.37558E-01 9.33449E-01 9.71350E-01
 5.68853E+00 3.98282E-01 6.37970E-01 9.34052E-01 9.71979E-01
 5.75440E+00 3.98534E-01 6.38374E-01 9.34643E-01 9.72593E-01
 5.82103E+00 3.98780E-01 6.38769E-01 9.35221E-01 9.73195E-01
 5.88844E+00 3.99021E-01 6.39155E-01 9.35786E-01 9.73783E-01
 5.95662E+00 3.99257E-01 6.39532E-01 9.36339E-01 9.74358E-01
 6.02560E+00 3.99487E-01 6.39902E-01 9.36880E-01 9.74921E-01
 6.09537E+00 3.99713E-01 6.40263E-01 9.37409E-01 9.75472E-01
 6.16595E+00 3.99934E-01 6.40617E-01 9.37927E-01 9.76010E-01
 6.23735E+00 4.00150E-01 6.40962E-01 9.38433E-01 9.76537E-01
 6.30957E+00 4.00361E-01 6.41300E-01 9.38928E-01 9.77052E-01
 6.38263E+00 4.00567E-01 6.41631E-01 9.39412E-01 9.77556E-01
 6.45654E+00 4.00769E-01 6.41955E-01 9.39886E-01 9.78049E-01
 6.53131E+00 4.00967E-01 6.42271E-01 9.40349E-01 9.78531E-01
 6.60693E+00 4.01160E-01 6.42580E-01 9.40802E-01 9.79002E-01
 6.68344E+00 4.01349E-01 6.42883E-01 9.41245E-01 9.79463E-01
 6.76083E+00 4.01533E-01 6.43179E-01 9.41678E-01 9.79914E-01
 6.83912E+00 4.01714E-01 6.43468E-01 9.42102E-01 9.80355E-01
 6.91831E+00 4.01891E-01 6.43751E-01 9.42517E-01 9.80786E-01
 6.99842E+00 4.02064E-01 6.44028E-01 9.42922E-01 9.81208E-01
 7.07946E+00 4.02233E-01 6.44299E-01 9.43318E-01 9.81621E-01
 7.16143E+00 4.02398E-01 6.44564E-01 9.43706E-01 9.82024E-01
 7.24436E+00 4.02560E-01 6.44823E-01 9.44085E-01 9.82418E-01
 7.32825E+00 4.02718E-01 6.45076E-01 9.44455E-01 9.82804E-01
 7.41310E+00 4.02872E-01 6.45323E-01 9.44818E-01 9.83181E-01
 7.49894E+00 4.03023E-01 6.45565E-01 9.45172E-01 9.83550E-01
 7.58578E+00 4.03171E-01 6.45802E-01 9.45519E-01 9.83911E-01
 7.67361E+00 4.03315E-01 6.46033E-01 9.45858E-01 9.84263E-01
 7.76247E+00 4.03457E-01 6.46260E-01 9.46189E-01 9.84608E-01
 7.85236E+00 4.03595E-01 6.46481E-01 9.46513E-01 9.84945E-01
 7.94328E+00 4.03730E-01 6.46697E-01 9.46830E-01 9.85275E-01
 8.03526E+00 4.03862E-01 6.46909E-01 9.47139E-01 9.85597E-01
 8.12831E+00 4.03991E-01 6.47116E-01 9.47442E-01 9.85912E-01
 8.22243E+00 4.04117E-01 6.47318E-01 9.47738E-01 9.86220E-01
 8.31764E+00 4.04241E-01 6.47516E-01 9.48028E-01 9.86522E-01
 8.41395E+00 4.04362E-01 6.47709E-01 9.48311E-01 9.86816E-01
 8.51138E+00 4.04480E-01 6.47898E-01 9.48588E-01 9.87104E-01
 8.60994E+00 4.04595E-01 6.48083E-01 9.48858E-01 9.87386E-01
 8.70964E+00 4.04708E-01 6.48264E-01 9.49123E-01 9.87661E-01
 8.81049E+00 4.04818E-01 6.48440E-01 9.49381E-01 9.87930E-01
 8.91251E+00 4.04926E-01 6.48613E-01 9.49634E-01 9.88193E-01
 9.01571E+00 4.05031E-01 6.48782E-01 9.49882E-01 9.88451E-01
 9.12011E+00 4.05134E-01 6.48947E-01 9.50123E-01 9.88702E-01
 9.22571E+00 4.05235E-01 6.49108E-01 9.50360E-01 9.88948E-01
 9.33254E+00 4.05334E-01 6.49266E-01 9.50591E-01 9.89188E-01
 9.44061E+00 4.05430E-01 6.49420E-01 9.50816E-01 9.89423E-01
 9.54993E+00 4.05524E-01 6.49571E-01 9.51037E-01 9.89653E-01
 9.66051E+00 4.05616E-01 6.49719E-01 9.51253E-01 9.89878E-01
 9.77237E+00 4.05706E-01 6.49863E-01 9.51464E-01 9.90097E-01
 9.88553E+00 4.05794E-01 6.50004E-01 9.51670E-01 9.90312E-01
 1.00000E+01 4.05880E-01 6.50141E-01 9.51872E-01 9.90522E-01
 1.01158E+01 4.05964E-01 6.50276E-01 9.52069E-01 9.90727E-01
 1.02329E+01 4.06046E-01 6.50408E-01 9.52262E-01 9.90927E-01
 1.03514E+01 4.06127E-01 6.50536E-01 9.52450E-01 9.91123E-01
 1.04713E+01 4.06205E-01 6.50662E-01 9.52634E-01 9.91315E-01
 1.05925E+01 4.06282E-01 6.50785E-01 9.52814E-01 9.91502E-01
 1.07152E+01 4.06357E-01 6.50905E-01 9.52990E-01 9.91686E-01
 1.08393E+01 4.06430E-01 6.51023E-01 9.53162E-01 9.91865E-01
 1.09648E+01 4.06502E-01 6.51138E-01 9.53330E-01 9.92039E-01
 1.10917E+01 4.06572E-01 6.51250E-01 9.53495E-01 9.92211E-01
 1.12202E+01 4.06641E-01 6.51360E-01 9.53656E-01 9.92378E-01
 1.13501E+01 4.06708E-01 6.51467E-01 9.53813E-01 9.92541E-01
 1.14815E+01 4.06773E-01 6.51572E-01 9.53966E-01 9.92701E-01
 1.16145E+01 4.06837E-01 6.51674E-01 9.54116E-01 9.92857E-01
 1.17490E+01 4.06900E-01 6.51774E-01 9.54263E-01 9.93010E-01
 1.18850E+01 4.06961E-01 6.51872E-01 9.54406E-01 9.93159E-01
 1.20226E+01 4.07020E-01 6.51968E-01 9.54546E-01 9.93305E-01
 1.21619E+01 4.07079E-01 6.52062E-01 9.54683E-01 9.93447E-01
 1.23027E+01 4.07136E-01 6.52153E-01 9.54817E-01 9.93587E-01
 1.24451E+01 4.07192E-01 6.52243E-01 9.54948E-01 9.93723E-01
 1.25893E+01 4.07246E-01 6.52330E-01 9.55076E-01 9.93856E-01
 1.27350E+01 4.07300E-01 6.52415E-01 9.55201E-01 9.93986E-01
 1.28825E+01 4.07352E-01 6.52499E-01 9.55324E-01 9.94113E-01
 1.30317E+01 4.07403E-01 6.52580E-01 9.55443E-01 9.94238E-01
 1.31826E+01 4.07453E-01 6.52660E-01 9.55560E-01 9.94359E-01
 1.33352E+01 4.07501E-01 6.52738E-01 9.55674E-01 9.94478E-01
 1.34896E+01 4.07549E-01 6.52814E-01 9.55786E-01 9.94594E-01
 1.36458E+01 4.07595E-01 6.52889E-01 9.55895E-01 9.94708E-01
 1.38038E+01 4.07641E-01 6.52962E-01 9.56001E-01 9.94819E-01
 1.39637E+01 4.07685E-01 6.53033E-01 9.56105E-01 9.94927E-01
 1.41254E+01 4.07729E-01 6.53102E-01 9.56207E-01 9.95033E-01
 1.42889E+01 4.07771E-01 6.53170E-01 9.56307E-01 9.95137E-01
 1.44544E+01 4.07813E-01 6.53237E-01 9.56404E-01 9.95238E-01
 1.46218E+01 4.07853E-01 6.53302E-01 9.56499E-01 9.95337E-01
 1.47911E+01 4.07893E-01 6.53365E-01 9.56592E-01 9.95434E-01
 1.49624E+01 4.07931E-01 6.53427E-01 9.56683E-01 9.95528E-01
 1.51356E+01 4.07969E-01 6.53488E-01 9.56772E-01 9.95620E-01
 1.53109E+01 4.08006E-01 6.53547E-01 9.56858E-01 9.95711E-01
 1.54882E+01 4.08042E-01 6.53605E-01 9.56943E-01 9.95799E-01
 1.56675E+01 4.08078E-01 6.53662E-01 9.57026E-01 9.95885E-01
 1.58489E+01 4.08112E-01 6.53717E-01 9.57107E-01 9.95970E-01
 1.60325E+01 4.08146E-01 6.53771E-01 9.57186E-01 9.96052E-01
 1.62181E+01 4.08179E-01 6.53824E-01 9.57264E-01 9.96132E-01
 1.64059E+01 4.08211E-01 6.53876E-01 9.57339E-01 9.96211E-01
 1.65959E+01 4.08243E-01 6.53926E-01 9.57413E-01 9.96288E-01
 1.67880E+01 4.08274E-01 6.53976E-01 9.57486E-01 9.96363E-01
 1.69824E+01 4.08304E-01 6.54024E-01 9.57556E-01 9.96437E-01
 1.71791E+01 4.08333E-01 6.54071E-01 9.57625E-01 9.96509E-01
 1.73780E+01 4.08362E-01 6.54117E-01 9.57693E-01 9.96579E-01
 1.75792E+01 4.08390E-01 6.54162E-01 9.57759E-01 9.96647E-01
 1.77828E+01 4.08418E-01 6.54206E-01 9.57823E-01 9.96714E-01
 1.79887E+01 4.08444E-01 6.54249E-01 9.57886E-01 9.96780E-01
 1.81970E+01 4.08471E-01 6.54291E-01 9.57948E-01 9.96844E-01
 1.84077E+01 4.08496E-01 6.54332E-01 9.58008E-01 9.96907E-01
 1.86209E+01 4.08521E-01 6.54372E-01 9.58066E-01 9.96968E-01
 1.88365E+01 4.08546E-01 6.54412E-01 9.58124E-01 9.97028E-01
 1.90546E+01 4.08570E-01 6.54450E-01 9.58180E-01 9.97086E-01
 1.92752E+01 4.08593E-01 6.54487E-01 9.58235E-01 9.97143E-01
 1.94984E+01 4.08616E-01 6.54524E-01 9.58289E-01 9.97199E-01
 1.97242E+01 4.08638E-01 6.54560E-01 9.58341E-01 9.97254E-01
 1.99526E+01 4.08660E-01 6.54595E-01 9.58392E-01 9.97307E-01
 2.01837E+01 4.08682E-01 6.54629E-01 9.58442E-01 9.97359E-01
 2.04174E+01 4.08703E-01 6.54662E-01 9.58491E-01 9.97410E-01
 2.06538E+01 4.08723E-01 6.54695E-01 9.58539E-01 9.97460E-01
 2.08930E+01 4.08743E-01 6.54727E-01 9.58586E-01 9.97508E-01
 2.11349E+01 4.08762E-01 6.54758E-01 9.58631E-01 9.97556E-01
 2.13796E+01 4.08781E-01 6.54789E-01 9.58676E-01 9.97602E-01
 2.16272E+01 4.08800E-01 6.54819E-01 9.58720E-01 9.97648E-01
 2.18776E+01 4.08818E-01 6.54848E-01 9.58762E-01 9.97692E-01
 2.21309E+01 4.08836E-01 6.54876E-01 9.58804E-01 9.97735E-01
 2.23872E+01 4.08853E-01 6.54904E-01 9.58845E-01 9.97778E-01
 2.26464E+01 4.08870E-01 6.54931E-01 9.58885E-01 9.97819E-01
 2.29087E+01 4.08887E-01 6.54958E-01 9.58924E-01 9.97860E-01
 2.31739E+01 4.08903E-01 6.54984E-01 9.58962E-01 9.97899E-01
 2.34423E+01 4.08919E-01 6.55009E-01 9.58999E-01 9.97938E-01
 2.37137E+01 4.08934E-01 6.55034E-01 9.59035E-01 9.97976E-01
 2.39883E+01 4.08950E-01 6.55058E-01 9.59070E-01 9.98013E-01
 2.42661E+01 4.08964E-01 6.55082E-01 9.59105E-01 9.98049E-01
 2.45471E+01 4.08979E-01 6.55105E-01 9.59139E-01 9.98084E-01
 2.48313E+01 4.08993E-01 6.55128E-01 9.59172E-01 9.98118E-01
 2.51189E+01 4.09007E-01 6.55150E-01 9.59205E-01 9.98152E-01
 2.54097E+01 4.09020E-01 6.55171E-01 9.59236E-01 9.98185E-01
 2.57040E+01 4.09033E-01 6.55192E-01 9.59267E-01 9.98217E-01
 2.60016E+01 4.09046E-01 6.55213E-01 9.59297E-01 9.98249E-01
 2.63027E+01 4.09059E-01 6.55233E-01 9.59327E-01 9.98279E-01
 2.66073E+01 4.09071E-01 6.55253E-01 9.59356E-01 9.98309E-01
 2.69153E+01 4.09083E-01 6.55272E-01 9.59384E-01 9.98339E-01
 2.72270E+01 4.09095E-01 6.55291E-01 9.59411E-01 9.98367E-01
 2.75423E+01 4.09106E-01 6.55309E-01 9.59438E-01 9.98395E-01
 2.78612E+01 4.09118E-01 6.55327E-01 9.59465E-01 9.98423E-01
 2.81838E+01 4.09129E-01 6.55345E-01 9.59490E-01 9.98450E-01
 2.85102E+01 4.09139E-01 6.55362E-01 9.59516E-01 9.98476E-01
 2.88403E+01 4.09150E-01 6.55379E-01 9.59540E-01 9.98501E-01
 2.91743E+01 4.09160E-01 6.55395E-01 9.59564E-01 9.98526E-01
 2.95121E+01 4.09170E-01 6.55411E-01 9.59588E-01 9.98551E-01
 2.98538E+01 4.09180E-01 6.55427E-01 9.59611E-01 9.98575E-01
 3.01995E+01 4.09189E-01 6.55442E-01 9.59633E-01 9.98598E-01
 3.05492E+01 4.09199E-01 6.55457E-01 9.59655E-01 9.98621E-01
 3.09030E+01 4.09208E-01 6.55472E-01 9.59676E-01 9.98643E-01
 3.12608E+01 4.09217E-01 6.55486E-01 9.59697E-01 9.98665E-01
 3.16228E+01 4.09225E-01 6.55500E-01 9.59718E-01 9.98686E-01
 3.19890E+01 4.09234E-01 6.55514E-01 9.59738E-01 9.98707E-01
 3.23594E+01 4.09242E-01 6.55527E-01 9.59757E-01 9.98727E-01
 3.27341E+01 4.09250E-01 6.55540E-01 9.59776E-01 9.98747E-01
 3.31131E+01 4.09258E-01 6.55553E-01 9.59795E-01 9.98766E-01
 3.34965E+01 4.09266E-01 6.55565E-01 9.59813E-01 9.98785E-01
 3.38844E+01 4.09274E-01 6.55577E-01 9.59831E-01 9.98804E-01
 3.42768E+01 4.09281E-01 6.55589E-01 9.59848E-01 9.98822E-01
 3.46737E+01 4.09288E-01 6.55601E-01 9.59865E-01 9.98840E-01
 3.50752E+01 4.09296E-01 6.55612E-01 9.59882E-01 9.98857E-01
 3.54813E+01 4.09302E-01 6.55623E-01 9.59898E-01 9.98874E-01
 3.58922E+01 4.09309E-01 6.55634E-01 9.59914E-01 9.98890E-01
 3.63078E+01 4.09316E-01 6.55645E-01 9.59930E-01 9.98907E-01
 3.67282E+01 4.09322E-01 6.55655E-01 9.59945E-01 9.98922E-01
 3.71535E+01 4.09329E-01 6.55665E-01 9.59960E-01 9.98938E-01
 3.75837E+01 4.09335E-01 6.55675E-01 9.59974E-01 9.98953E-01
 3.80189E+01 4.09341E-01 6.55685E-01 9.59988E-01 9.98968E-01
 3.84592E+01 4.09347E-01 6.55694E-01 9.60002E-01 9.98982E-01
 3.89045E+01 4.09352E-01 6.55704E-01 9.60016E-01 9.98996E-01
 3.93550E+01 4.09358E-01 6.55713E-01 9.60029E-01 9.99010E-01
 3.98107E+01 4.09364E-01 6.55721E-01 9.60042E-01 9.99023E-01
 4.02717E+01 4.09369E-01 6.55730E-01 9.60054E-01 9.99036E-01
 4.07380E+01 4.09374E-01 6.55738E-01 9.60067E-01 9.99049E-01
 4.12098E+01 4.09379E-01 6.55747E-01 9.60079E-01 9.99062E-01
 4.16869E+01 4.09384E-01 6.55755E-01 9.60090E-01 9.99074E-01
 4.21697E+01 4.09389E-01 6.55763E-01 9.60102E-01 9.99086E-01
 4.26580E+01 4.09394E-01 6.55770E-01 9.60113E-01 9.99098E-01
 4.31519E+01 4.09399E-01 6.55778E-01 9.60124E-01 9.99109E-01
 4.36516E+01 4.09403E-01 6.55785E-01 9.60135E-01 9.99120E-01
 4.41570E+01 4.09408E-01 6.55792E-01 9.60145E-01 9.99131E-01
 4.46684E+01 4.09412E-01 6.55799E-01 9.60156E-01 9.99142E-01
 4.51856E+01 4.09416E-01 6.55806E-01 9.60166E-01 9.99152E-01
 4.57088E+01 4.09421E-01 6.55813E-01 9.60175E-01 9.99162E-01
 4.62381E+01 4.09425E-01 6.55819E-01 9.60185E-01 9.99172E-01
 4.67735E+01 4.09429E-01 6.55826E-01 9.60194E-01 9.99182E-01
 4.73151E+01 4.09433E-01 6.55832E-01 9.60204E-01 9.99192E-01
 4.78630E+01 4.09436E-01 6.55838E-01 9.60212E-01 9.99201E-01
 4.84172E+01 4.09440E-01 6.55844E-01 9.60221E-01 9.99210E-01
 4.89779E+01 4.09444E-01 6.55850E-01 9.60230E-01 9.99219E-01
 4.95450E+01 4.09447E-01 6.55855E-01 9.60238E-01 9.99228E-01
 5.01187E+01 4.09451E-01 6.55861E-01 9.60246E-01 9.99236E-01
 5.06991E+01 4.09454E-01 6.55866E-01 9.60254E-01 9.99244E-01
 5.12861E+01 4.09458E-01 6.55872E-01 9.60262E-01 9.99252E-01
 5.18800E+01 4.09461E-01 6.55877E-01 9.60270E-01 9.99260E-01
 5.24807E+01 4.09464E-01 6.55882E-01 9.60277E-01 9.99268E-01
 5.30884E+01 4.09467E-01 6.55887E-01 9.60284E-01 9.99276E-01
 5.37032E+01 4.09470E-01 6.55892E-01 9.60291E-01 9.99283E-01
 5.43250E+01 4.09473E-01 6.55897E-01 9.60298E-01 9.99290E-01
 5.49541E+01 4.09476E-01 6.55901E-01 9.60305E-01 9.99297E-01
 5.55904E+01 4.09479E-01 6.55906E-01 9.60312E-01 9.99304E-01
 5.62341E+01 4.09482E-01 6.55910E-01 9.60318E-01 9.99311E-01
 5.68853E+01 4.09484E-01 6.55915E-01 9.60324E-01 9.99317E-01
 5.75440E+01 4.09487E-01 6.55919E-01 9.60331E-01 9.99324E-01
 5.82103E+01 4.09489E-01 6.55923E-01 9.60337E-01 9.99330E-01
 5.88844E+01 4.09492E-01 6.55927E-01 9.60343E-01 9.99336E-01
 5.95662E+01 4.09494E-01 6.55931E-01 9.60348E-01 9.99342E-01
 6.02560E+01 4.09497E-01 6.55935E-01 9.60354E-01 9.99348E-01
 6.09537E+01 4.09499E-01 6.55938E-01 9.60359E-01 9.99354E-01
 6.16595E+01 4.09501E-01 6.55942E-01 9.60365E-01 9.99360E-01
 6.23735E+01 4.09504E-01 6.55946E-01 9.60370E-01 9.99365E-01
 6.30957E+01 4.09506E-01 6.55949E-01 9.60375E-01 9.99370E-01
 6.38263E+01 4.09508E-01 6.55953E-01 9.60380E-01 9.99376E-01
 6.45654E+01 4.09510E-01 6.55956E-01 9.60385E-01 9.99381E-01
 6.53131E+01 4.09512E-01 6.55959E-01 9.60390E-01 9.99386E-01
 6.60693E+01 4.09514E-01 6.55962E-01 9.60395E-01 9.99391E-01
 6.68344E+01 4.09516E-01 6.55966E-01 9.60399E-01 9.99395E-01
 6.76083E+01 4.09518E-01 6.55969E-01 9.60404E-01 9.99400E-01
 6.83912E+01 4.09520E-01 6.55972E-01 9.60408E-01 9.99405E-01
 6.91831E+01 4.09522E-01 6.55975E-01 9.60412E-01 9.99409E-01
 6.99842E+01 4.09523E-01 6.55977E-01 9.60417E-01 9.99413E-01
 7.07946E+01 4.09525E-01 6.55980E-01 9.60421E-01 9.99418E-01
 7.16143E+01 4.09527E-01 6.55983E-01 9.60425E-01 9.99422E-01
 7.24436E+01 4.09529E-01 6.55986E-01 9.60429E-01 9.99426E-01
 7.32825E+01 4.09530E-01 6.55988E-01 9.60432E-01 9.99430E-01
 7.41310E+01 4.09532E-01 6.55991E-01 9.60436E-01 9.99434E-01
 7.49894E+01 4.09533E-01 6.55993E-01 9.60440E-01 9.99437E-01
 7.58578E+01 4.09535E-01 6.55996E-01 9.60443E-01 9.99441E-01
 7.67361E+01 4.09536E-01 6.55998E-01 9.60447E-01 9.99445E-01
 7.76247E+01 4.09538E-01 6.56000E-01 9.60450E-01 9.99448E-01
 7.85236E+01 4.09539E-01 6.56003E-01 9.60453E-01 9.99452E-01
 7.94328E+01 4.09541E-01 6.56005E-01 9.60457E-01 9.99455E-01
 8.03526E+01 4.09542E-01 6.56007E-01 9.60460E-01 9.99458E-01
 8.12831E+01 4.09543E-01 6.56009E-01 9.60463E-01 9.99462E-01
 8.22243E+01 4.09545E-01 6.56011E-01 9.60466E-01 9.99465E-01
 8.31764E+01 4.09546E-01 6.56013E-01 9.60469E-01 9.99468E-01
 8.41395E+01 4.09547E-01 6.56015E-01 9.60472E-01 9.99471E-01
 8.51138E+01 4.09548E-01 6.56017E-01 9.60475E-01 9.99474E-01
 8.60994E+01 4.09549E-01 6.56019E-01 9.60477E-01 9.99477E-01
 8.70964E+01 4.09551E-01 6.56021E-01 9.60480E-01 9.99479E-01
 8.81049E+01 4.09552E-01 6.56023E-01 9.60483E-01 9.99482E-01
 8.91251E+01 4.09553E-01 6.56024E-01 9.60485E-01 9.99485E-01
 9.01571E+01 4.09554E-01 6.56026E-01 9.60488E-01 9.99488E-01
 9.12011E+01 4.09555E-01 6.56028E-01 9.60490E-01 9.99490E-01
 9.22571E+01 4.09556E-01 6.56029E-01 9.60493E-01 9.99493E-01
 9.33254E+01 4.09557E-01 6.56031E-01 9.60495E-01 9.99495E-01
 9.44061E+01 4.09558E-01 6.56033E-01 9.60497E-01 9.99497E-01
 9.54993E+01 4.09559E-01 6.56034E-01 9.60500E-01 9.99500E-01
 9.66051E+01 4.09560E-01 6.56036E-01 9.60502E-01 9.99502E-01
 9.77237E+01 4.09561E-01 6.56037E-01 9.60504E-01 9.99504E-01
 9.88553E+01 4.09562E-01 6.56039E-01 9.60506E-01 9.99506E-01
 1.00000E+02 4.09563E-01 6.56040E-01 9.60508E-01 9.99509E-01
