 1.00000E-02 3.40761E-02 5.49167E-02 8.51143E-02 8.95136E-02
 2.00000E-02 3.44262E-02 5.53988E-02 8.56555E-02 9.01024E-02
 3.00000E-02 3.50083E-02 5.61683E-02 8.65563E-02 9.10114E-02
 4.00000E-02 3.58201E-02 5.72382E-02 8.78144E-02 9.22783E-02
 5.00000E-02 3.68583E-02 5.86120E-02 8.94269E-02 9.39053E-02
 6.00000E-02 3.81187E-02 6.02792E-02 9.13941E-02 9.58887E-02
 7.00000E-02 3.95969E-02 6.22357E-02 9.37060E-02 9.82227E-02
 8.00000E-02 4.12865E-02 6.44757E-02 9.63595E-02 1.00901E-01
 9.00000E-02 4.31813E-02 6.69891E-02 9.93447E-02 1.03917E-01
 1.00000E-01 4.52733E-02 6.97668E-02 1.02653E-01 1.07262E-01
 1.10000E-01 4.75542E-02 7.27983E-02 1.06273E-01 1.10924E-01
 1.20000E-01 5.00154E-02 7.60723E-02 1.10193E-01 1.14892E-01
 1.30000E-01 5.26477E-02 7.95775E-02 1.14399E-01 1.19152E-01
 1.40000E-01 5.54422E-02 8.33008E-02 1.18877E-01 1.23690E-01
 1.50000E-01 5.83892E-02 8.72300E-02 1.23612E-01 1.28491E-01
 1.60000E-01 6.14794E-02 9.13524E-02 1.28588E-01 1.33538E-01
 1.70000E-01 6.47032E-02 9.56549E-02 1.33789E-01 1.38816E-01
 1.80000E-01 6.80513E-02 1.00125E-01 1.39199E-01 1.44307E-01
 1.90000E-01 7.15145E-02 1.04750E-01 1.44801E-01 1.49995E-01
 2.00000E-01 7.50839E-02 1.09518E-01 1.50579E-01 1.55862E-01
 2.10000E-01 7.87507E-02 1.14416E-01 1.56518E-01 1.61894E-01
 2.20000E-01 8.25063E-02 1.19434E-01 1.62602E-01 1.68074E-01
 2.30000E-01 8.63427E-02 1.24559E-01 1.68816E-01 1.74385E-01
 2.40000E-01 9.02519E-02 1.29782E-01 1.75146E-01 1.80814E-01
 2.50000E-01 9.42265E-02 1.35093E-01 1.81577E-01 1.87346E-01
 2.60000E-01 9.82591E-02 1.40481E-01 1.88098E-01 1.93969E-01
 2.70000E-01 1.02343E-01 1.45937E-01 1.94696E-01 2.00668E-01
 2.80000E-01 1.06471E-01 1.51453E-01 2.01360E-01 2.07432E-01
 2.90000E-01 1.10638E-01 1.57021E-01 2.08078E-01 2.14250E-01
 3.00000E-01 1.14838E-01 1.62632E-01 2.14840E-01 2.21112E-01
 3.10000E-01 1.19064E-01 1.68280E-01 2.21638E-01 2.28007E-01
 3.20000E-01 1.23312E-01 1.73958E-01 2.28462E-01 2.34926E-01
 3.30000E-01 1.27576E-01 1.79660E-01 2.35305E-01 2.41861E-01
 3.40000E-01 1.31853E-01 1.85379E-01 2.42157E-01 2.48805E-01
 3.50000E-01 1.36137E-01 1.91110E-01 2.49014E-01 2.55749E-01
 3.60000E-01 1.40425E-01 1.96847E-01 2.55868E-01 2.62688E-01
 3.70000E-01 1.44711E-01 2.02587E-01 2.62713E-01 2.69615E-01
 3.80000E-01 1.48994E-01 2.08324E-01 2.69545E-01 2.76524E-01
 3.90000E-01 1.53269E-01 2.14054E-01 2.76357E-01 2.83411E-01
 4.00000E-01 1.57533E-01 2.19773E-01 2.83146E-01 2.90270E-01
 4.10000E-01 1.61783E-01 2.25478E-01 2.89907E-01 2.97098E-01
 4.20000E-01 1.66017E-01 2.31165E-01 2.96637E-01 3.03891E-01
 4.30000E-01 1.70231E-01 2.36832E-01 3.03331E-01 3.10644E-01
 4.40000E-01 1.74423E-01 2.42474E-01 3.09988E-01 3.17356E-01
 4.50000E-01 1.78592E-01 2.48090E-01 3.16604E-01 3.24022E-01
 4.60000E-01 1.82734E-01 2.53676E-01 3.23177E-01 3.30641E-01
 4.70000E-01 1.86848E-01 2.59232E-01 3.29704E-01 3.37210E-01
 4.80000E-01 1.90932E-01 2.64753E-01 3.36184E-01 3.45104E-01
 4.90000E-01 1.94984E-01 2.70239E-01 3.44846E-01 3.55295E-01
 5.00000E-01 1.99003E-01 2.75688E-01 3.54639E-01 3.65385E-01
 5.10000E-01 2.02988E-01 2.81098E-01 3.64328E-01 3.75368E-01
 5.20000E-01 2.06937E-01 2.86467E-01 3.73908E-01 3.85238E-01
 5.30000E-01 2.10848E-01 2.91794E-01 3.83375E-01 3.94992E-01
 5.40000E-01 2.14722E-01 2.97078E-01 3.92725E-01 4.04625E-01
 5.50000E-01 2.18557E-01 3.02317E-01 4.01955E-01 4.14134E-01
 5.60000E-01 2.22351E-01 3.08836E-01 4.11061E-01 4.23517E-01
 5.70000E-01 2.26106E-01 3.15584E-01 4.20042E-01 4.32770E-01
 5.80000E-01 2.29818E-01 3.22235E-01 4.28895E-01 4.41891E-01
 5.90000E-01 2.33489E-01 3.28790E-01 4.37619E-01 4.50879E-01
 6.00000E-01 2.37117E-01 3.35246E-01 4.46212E-01 4.59733E-01
 6.10000E-01 2.40703E-01 3.41603E-01 4.54674E-01 4.68451E-01
 6.20000E-01 2.44314E-01 3.47861E-01 4.63003E-01 4.77032E-01
 6.30000E-01 2.48639E-01 3.54019E-01 4.71199E-01 4.85477E-01
 6.40000E-01 2.52894E-01 3.60077E-01 4.79263E-01 4.93785E-01
 6.50000E-01 2.57078E-01 3.66035E-01 4.87193E-01 5.01955E-01
 6.60000E-01 2.61193E-01 3.71894E-01 4.94991E-01 5.09989E-01
 6.70000E-01 2.65238E-01 3.77653E-01 5.02656E-01 5.17887E-01
 6.80000E-01 2.69213E-01 3.83313E-01 5.10190E-01 5.25649E-01
 6.90000E-01 2.73120E-01 3.88875E-01 5.17593E-01 5.33277E-01
 7.00000E-01 2.76957E-01 3.94340E-01 5.24866E-01 5.40770E-01
 7.10000E-01 2.80727E-01 3.99707E-01 5.32011E-01 5.48131E-01
 7.20000E-01 2.84430E-01 4.04979E-01 5.39027E-01 5.55360E-01
 7.30000E-01 2.88066E-01 4.10156E-01 5.45917E-01 5.62459E-01
 7.40000E-01 2.91635E-01 4.15239E-01 5.52683E-01 5.69429E-01
 7.50000E-01 2.95140E-01 4.20228E-01 5.59324E-01 5.76272E-01
 7.60000E-01 2.98580E-01 4.25127E-01 5.65844E-01 5.82989E-01
 7.70000E-01 3.01957E-01 4.29934E-01 5.72243E-01 5.89582E-01
 7.80000E-01 3.05270E-01 4.34653E-01 5.78523E-01 5.96052E-01
 7.90000E-01 3.08522E-01 4.39283E-01 5.84686E-01 6.02402E-01
 8.00000E-01 3.11714E-01 4.43827E-01 5.90733E-01 6.08633E-01
 8.10000E-01 3.14845E-01 4.48285E-01 5.96667E-01 6.14747E-01
 8.20000E-01 3.17917E-01 4.52659E-01 6.02489E-01 6.20745E-01
 8.30000E-01 3.20931E-01 4.56951E-01 6.08201E-01 6.26630E-01
 8.40000E-01 3.23888E-01 4.61161E-01 6.13805E-01 6.32404E-01
 8.50000E-01 3.26789E-01 4.65291E-01 6.19302E-01 6.38068E-01
 8.60000E-01 3.29634E-01 4.69343E-01 6.24695E-01 6.43624E-01
 8.70000E-01 3.32426E-01 4.73317E-01 6.29985E-01 6.49075E-01
 8.80000E-01 3.35164E-01 4.77216E-01 6.35175E-01 6.54421E-01
 8.90000E-01 3.37850E-01 4.81040E-01 6.40265E-01 6.59666E-01
 9.00000E-01 3.40485E-01 4.84792E-01 6.45258E-01 6.64810E-01
 9.10000E-01 3.43069E-01 4.88472E-01 6.50156E-01 6.69856E-01
 9.20000E-01 3.45604E-01 4.92081E-01 6.54960E-01 6.74806E-01
 9.30000E-01 3.48091E-01 4.95622E-01 6.59672E-01 6.79661E-01
 9.40000E-01 3.50530E-01 4.99095E-01 6.64295E-01 6.84424E-01
 9.50000E-01 3.52923E-01 5.02501E-01 6.68829E-01 6.89095E-01
 9.60000E-01 3.55270E-01 5.05843E-01 6.73277E-01 6.93678E-01
 9.70000E-01 3.57572E-01 5.09121E-01 6.77640E-01 6.98173E-01
 9.80000E-01 3.59830E-01 5.12337E-01 6.81920E-01 7.02583E-01
 9.90000E-01 3.62046E-01 5.15491E-01 6.86119E-01 7.06909E-01
 1.00000E+00 3.64220E-01 5.18586E-01 6.90238E-01 7.11153E-01
 1.01158E+00 3.66685E-01 5.22096E-01 6.94910E-01 7.15967E-01
 1.02329E+00 3.69124E-01 5.25569E-01 6.99533E-01 7.20729E-01
 1.03514E+00 3.71537E-01 5.29004E-01 7.04105E-01 7.25440E-01
 1.04713E+00 3.73923E-01 5.32402E-01 7.08626E-01 7.30098E-01
 1.05925E+00 3.76282E-01 5.35760E-01 7.13097E-01 7.34704E-01
 1.07152E+00 3.78613E-01 5.39080E-01 7.17516E-01 7.39258E-01
 1.08393E+00 3.80918E-01 5.42362E-01 7.21884E-01 7.43757E-01
 1.09648E+00 3.83195E-01 5.45604E-01 7.26199E-01 7.48204E-01
 1.10917E+00 3.85445E-01 5.48808E-01 7.30463E-01 7.52597E-01
 1.12202E+00 3.87667E-01 5.51972E-01 7.34674E-01 7.56936E-01
 1.13501E+00 3.89862E-01 5.55096E-01 7.38833E-01 7.61221E-01
 1.14815E+00 3.92029E-01 5.58182E-01 7.42940E-01 7.65452E-01
 1.16145E+00 3.94168E-01 5.61227E-01 7.46994E-01 7.69628E-01
 1.17490E+00 3.96279E-01 5.64234E-01 7.50995E-01 7.73751E-01
 1.18850E+00 3.98363E-01 5.67200E-01 7.54943E-01 7.77819E-01
 1.20226E+00 4.00419E-01 5.70127E-01 7.58839E-01 7.81833E-01
 1.21619E+00 4.02446E-01 5.73015E-01 7.62682E-01 7.85792E-01
 1.23027E+00 4.04447E-01 5.75862E-01 7.66473E-01 7.89698E-01
 1.24451E+00 4.06419E-01 5.78671E-01 7.70211E-01 7.93549E-01
 1.25893E+00 4.08364E-01 5.81440E-01 7.73897E-01 7.97347E-01
 1.27350E+00 4.10281E-01 5.84170E-01 7.77530E-01 8.01090E-01
 1.28825E+00 4.12171E-01 5.86861E-01 7.81111E-01 8.04780E-01
 1.30317E+00 4.14033E-01 5.89512E-01 7.84641E-01 8.08416E-01
 1.31826E+00 4.15868E-01 5.92125E-01 7.88118E-01 8.11999E-01
 1.33352E+00 4.17676E-01 5.94699E-01 7.91545E-01 8.15529E-01
 1.34896E+00 4.19457E-01 5.97235E-01 7.94919E-01 8.19006E-01
 1.36458E+00 4.21211E-01 5.99732E-01 7.98243E-01 8.22431E-01
 1.38038E+00 4.22938E-01 6.02191E-01 8.01516E-01 8.25803E-01
 1.39637E+00 4.24639E-01 6.04613E-01 8.04739E-01 8.29124E-01
 1.41254E+00 4.26313E-01 6.06996E-01 8.07912E-01 8.32393E-01
 1.42889E+00 4.27961E-01 6.09343E-01 8.11035E-01 8.35610E-01
 1.44544E+00 4.29583E-01 6.11652E-01 8.14108E-01 8.38777E-01
 1.46218E+00 4.31179E-01 6.13924E-01 8.17133E-01 8.41893E-01
 1.47911E+00 4.32749E-01 6.16160E-01 8.20109E-01 8.44959E-01
 1.49624E+00 4.34294E-01 6.18360E-01 8.23037E-01 8.47975E-01
 1.51356E+00 4.35813E-01 6.20523E-01 8.25916E-01 8.50942E-01
 1.53109E+00 4.37308E-01 6.22651E-01 8.28749E-01 8.53861E-01
 1.54882E+00 4.38778E-01 6.24744E-01 8.31534E-01 8.56730E-01
 1.56675E+00 4.40223E-01 6.26802E-01 8.34273E-01 8.59552E-01
 1.58489E+00 4.41644E-01 6.28825E-01 8.36966E-01 8.62326E-01
 1.60325E+00 4.43040E-01 6.30813E-01 8.39613E-01 8.65054E-01
 1.62181E+00 4.44413E-01 6.32768E-01 8.42214E-01 8.67734E-01
 1.64059E+00 4.45763E-01 6.34689E-01 8.44772E-01 8.70369E-01
 1.65959E+00 4.47089E-01 6.36577E-01 8.47285E-01 8.72958E-01
 1.67880E+00 4.48392E-01 6.38433E-01 8.49754E-01 8.75502E-01
 1.69824E+00 4.49672E-01 6.40255E-01 8.52180E-01 8.78002E-01
 1.71791E+00 4.50929E-01 6.42046E-01 8.54563E-01 8.80457E-01
 1.73780E+00 4.52165E-01 6.43805E-01 8.56904E-01 8.82869E-01
 1.75792E+00 4.53378E-01 6.45532E-01 8.59203E-01 8.85238E-01
 1.77828E+00 4.54569E-01 6.47229E-01 8.61461E-01 8.87564E-01
 1.79887E+00 4.55739E-01 6.48895E-01 8.63679E-01 8.89849E-01
 1.81970E+00 4.56888E-01 6.50530E-01 8.65856E-01 8.92092E-01
 1.84077E+00 4.58016E-01 6.52136E-01 8.67993E-01 8.94294E-01
 1.86209E+00 4.59123E-01 6.53713E-01 8.70092E-01 8.96456E-01
 1.88365E+00 4.60210E-01 6.55260E-01 8.72152E-01 8.98579E-01
 1.90546E+00 4.61277E-01 6.56779E-01 8.74173E-01 9.00662E-01
 1.92752E+00 4.62324E-01 6.58270E-01 8.76158E-01 9.02706E-01
 1.94984E+00 4.63352E-01 6.59733E-01 8.78105E-01 9.04712E-01
 1.97242E+00 4.64360E-01 6.61169E-01 8.80015E-01 9.06681E-01
 1.99526E+00 4.65349E-01 6.62577E-01 8.81890E-01 9.08612E-01
 2.01837E+00 4.66320E-01 6.63959E-01 8.83729E-01 9.10507E-01
 2.04174E+00 4.67272E-01 6.65315E-01 8.85534E-01 9.12366E-01
 2.06538E+00 4.68206E-01 6.66644E-01 8.87304E-01 9.14190E-01
 2.08930E+00 4.69122E-01 6.67949E-01 8.89040E-01 9.15979E-01
 2.11349E+00 4.70020E-01 6.69228E-01 8.90743E-01 9.17733E-01
 2.13796E+00 4.70901E-01 6.70483E-01 8.92412E-01 9.19453E-01
 2.16272E+00 4.71766E-01 6.71713E-01 8.94050E-01 9.21141E-01
 2.18776E+00 4.72613E-01 6.72919E-01 8.95656E-01 9.22795E-01
 2.21309E+00 4.73444E-01 6.74102E-01 8.97230E-01 9.24417E-01
 2.23872E+00 4.74258E-01 6.75262E-01 8.98774E-01 9.26007E-01
 2.26464E+00 4.75057E-01 6.76399E-01 9.00287E-01 9.27567E-01
 2.29087E+00 4.75839E-01 6.77514E-01 9.01771E-01 9.29095E-01
 2.31739E+00 4.76607E-01 6.78606E-01 9.03225E-01 9.30593E-01
 2.34423E+00 4.77359E-01 6.79677E-01 9.04650E-01 9.32062E-01
 2.37137E+00 4.78096E-01 6.80727E-01 9.06047E-01 9.33501E-01
 2.39883E+00 4.78818E-01 6.81755E-01 9.07416E-01 9.34912E-01
 2.42661E+00 4.79526E-01 6.82763E-01 9.08758E-01 9.36294E-01
 2.45471E+00 4.80220E-01 6.83751E-01 9.10073E-01 9.37649E-01
 2.48313E+00 4.80900E-01 6.84719E-01 9.11361E-01 9.38976E-01
 2.51189E+00 4.81566E-01 6.85668E-01 9.12624E-01 9.40277E-01
 2.54097E+00 4.82219E-01 6.86597E-01 9.13860E-01 9.41551E-01
 2.57040E+00 4.82858E-01 6.87507E-01 9.15072E-01 9.42800E-01
 2.60016E+00 4.83485E-01 6.88399E-01 9.16259E-01 9.44023E-01
 2.63027E+00 4.84098E-01 6.89273E-01 9.17422E-01 9.45221E-01
 2.66073E+00 4.84699E-01 6.90129E-01 9.18561E-01 9.46395E-01
 2.69153E+00 4.85288E-01 6.90967E-01 9.19677E-01 9.47544E-01
 2.72270E+00 4.85865E-01 6.91788E-01 9.20770E-01 9.48670E-01
 2.75423E+00 4.86430E-01 6.92592E-01 9.21841E-01 9.49773E-01
 2.78612E+00 4.86983E-01 6.93380E-01 9.22889E-01 9.50853E-01
 2.81838E+00 4.87525E-01 6.94152E-01 9.23916E-01 9.51911E-01
 2.85102E+00 4.88055E-01 6.94907E-01 9.24921E-01 9.52947E-01
 2.88403E+00 4.88575E-01 6.95647E-01 9.25906E-01 9.53962E-01
 2.91743E+00 4.89084E-01 6.96371E-01 9.26870E-01 9.54955E-01
 2.95121E+00 4.89582E-01 6.97080E-01 9.27814E-01 9.55928E-01
 2.98538E+00 4.90070E-01 6.97775E-01 9.28738E-01 9.56880E-01
 3.01995E+00 4.90547E-01 6.98455E-01 9.29643E-01 9.57812E-01
 3.05492E+00 4.91015E-01 6.99120E-01 9.30529E-01 9.58725E-01
 3.09030E+00 4.91472E-01 6.99772E-01 9.31397E-01 9.59619E-01
 3.12608E+00 4.91920E-01 7.00410E-01 9.32246E-01 9.60494E-01
 3.16228E+00 4.92359E-01 7.01035E-01 9.33077E-01 9.61351E-01
 3.19890E+00 4.92789E-01 7.01646E-01 9.33891E-01 9.62189E-01
 3.23594E+00 4.93209E-01 7.02245E-01 9.34688E-01 9.63010E-01
 3.27341E+00 4.93620E-01 7.02831E-01 9.35468E-01 9.63813E-01
 3.31131E+00 4.94023E-01 7.03404E-01 9.36231E-01 9.64599E-01
 3.34965E+00 4.94417E-01 7.03965E-01 9.36978E-01 9.65369E-01
 3.38844E+00 4.94803E-01 7.04515E-01 9.37709E-01 9.66122E-01
 3.42768E+00 4.95181E-01 7.05052E-01 9.38425E-01 9.66860E-01
 3.46737E+00 4.95550E-01 7.05578E-01 9.39125E-01 9.67581E-01
 3.50752E+00 4.95912E-01 7.06093E-01 9.39810E-01 9.68287E-01
 3.54813E+00 4.96266E-01 7.06597E-01 9.40481E-01 9.68979E-01
 3.58922E+00 4.96612E-01 7.07090E-01 9.41137E-01 9.69655E-01
 3.63078E+00 4.96951E-01 7.07573E-01 9.41780E-01 9.70317E-01
 3.67282E+00 4.97283E-01 7.08045E-01 9.42408E-01 9.70964E-01
 3.71535E+00 4.97607E-01 7.08507E-01 9.43023E-01 9.71598E-01
 3.75837E+00 4.97925E-01 7.08960E-01 9.43625E-01 9.72218E-01
 3.80189E+00 4.98236E-01 7.09402E-01 9.44214E-01 9.72825E-01
 3.84592E+00 4.98540E-01 7.09835E-01 9.44790E-01 9.73418E-01
 3.89045E+00 4.98837E-01 7.10258E-01 9.45354E-01 9.73999E-01
 3.93550E+00 4.99128E-01 7.10673E-01 9.45906E-01 9.74567E-01
 3.98107E+00 4.99413E-01 7.11078E-01 9.46445E-01 9.75123E-01
 4.02717E+00 4.99692E-01 7.11475E-01 9.46973E-01 9.75667E-01
 4.07380E+00 4.99964E-01 7.11863E-01 9.47490E-01 9.76200E-01
 4.12098E+00 5.00231E-01 7.12243E-01 9.47995E-01 9.76720E-01
 4.16869E+00 5.00492E-01 7.12614E-01 9.48489E-01 9.77230E-01
 4.21697E+00 5.00747E-01 7.12978E-01 9.48973E-01 9.77728E-01
 4.26580E+00 5.00997E-01 7.13333E-01 9.49446E-01 9.78215E-01
 4.31519E+00 5.01241E-01 7.13681E-01 9.49909E-01 9.78692E-01
 4.36516E+00 5.01480E-01 7.14021E-01 9.50362E-01 9.79159E-01
 4.41570E+00 5.01713E-01 7.14354E-01 9.50805E-01 9.79615E-01
 4.46684E+00 5.01942E-01 7.14679E-01 9.51238E-01 9.80061E-01
 4.51856E+00 5.02166E-01 7.14997E-01 9.51662E-01 9.80498E-01
 4.57088E+00 5.02384E-01 7.15309E-01 9.52076E-01 9.80925E-01
 4.62381E+00 5.02598E-01 7.15613E-01 9.52481E-01 9.81343E-01
 4.67735E+00 5.02807E-01 7.15911E-01 9.52878E-01 9.81751E-01
 4.73151E+00 5.03012E-01 7.16203E-01 9.53266E-01 9.82151E-01
 4.78630E+00 5.03212E-01 7.16488E-01 9.53645E-01 9.82542E-01
 4.84172E+00 5.03408E-01 7.16767E-01 9.54016E-01 9.82924E-01
 4.89779E+00 5.03600E-01 7.17039E-01 9.54379E-01 9.83298E-01
 4.95450E+00 5.03787E-01 7.17306E-01 9.54734E-01 9.83663E-01
 5.01187E+00 5.03970E-01 7.17567E-01 9.55081E-01 9.84021E-01
 5.06991E+00 5.04149E-01 7.17822E-01 9.55421E-01 9.84371E-01
 5.12861E+00 5.04324E-01 7.18071E-01 9.55753E-01 9.84713E-01
 5.18800E+00 5.04496E-01 7.18315E-01 9.56077E-01 9.85047E-01
 5.24807E+00 5.04663E-01 7.18554E-01 9.56395E-01 9.85375E-01
 5.30884E+00 5.04827E-01 7.18787E-01 9.56706E-01 9.85695E-01
 5.37032E+00 5.04987E-01 7.19015E-01 9.57009E-01 9.86008E-01
 5.43250E+00 5.05144E-01 7.19238E-01 9.57306E-01 9.86314E-01
 5.49541E+00 5.05297E-01 7.19457E-01 9.57597E-01 9.86613E-01
 5.55904E+00 5.05447E-01 7.19670E-01 9.57881E-01 9.86905E-01
 5.62341E+00 5.05594E-01 7.19879E-01 9.58158E-01 9.93005E-01
 5.68853E+00 5.05737E-01 7.20083E-01 9.58430E-01 1.00667E+00
 5.75440E+00 5.05877E-01 7.20282E-01 9.58696E-01 1.02043E+00
 5.82103E+00 5.06014E-01 7.20477E-01 9.58955E-01 1.03427E+00
 5.88844E+00 5.06148E-01 7.20668E-01 9.59209E-01 1.04818E+00
 5.95662E+00 5.06279E-01 7.20855E-01 9.59458E-01 1.06218E+00
 6.02560E+00 5.06408E-01 7.21037E-01 9.59701E-01 1.07624E+00
 6.09537E+00 5.06533E-01 7.21216E-01 9.59938E-01 1.09038E+00
 6.16595E+00 5.06655E-01 7.21390E-01 9.60170E-01 1.10458E+00
 6.23735E+00 5.06775E-01 7.21561E-01 9.60397E-01 1.11884E+00
 6.30957E+00 5.06892E-01 7.21728E-01 9.60619E-01 1.13317E+00
 6.38263E+00 5.07007E-01 7.21891E-01 9.60836E-01 1.14755E+00
 6.45654E+00 5.07119E-01 7.22050E-01 9.61049E-01 1.16199E+00
 6.53131E+00 5.07228E-01 7.22206E-01 9.61256E-01 1.17648E+00
 6.60693E+00 5.07335E-01 7.22358E-01 9.61459E-01 1.19102E+00
 6.68344E+00 5.07440E-01 7.22508E-01 9.61658E-01 1.20560E+00
 6.76083E+00 5.07543E-01 7.22653E-01 9.61852E-01 1.22021E+00
 6.83912E+00 5.07643E-01 7.22796E-01 9.62041E-01 1.23487E+00
 6.91831E+00 5.07740E-01 7.22935E-01 9.62227E-01 1.24955E+00
 6.99842E+00 5.07836E-01 7.23071E-01 9.62408E-01 1.26426E+00
 7.07946E+00 5.07930E-01 7.23205E-01 9.62585E-01 1.27900E+00
 7.16143E+00 5.08021E-01 7.23335E-01 9.62759E-01 1.29375E+00
 7.24436E+00 5.08111E-01 7.23462E-01 9.62928E-01 1.30852E+00
 7.32825E+00 5.08198E-01 7.23587E-01 9.63094E-01 1.32330E+00
 7.41310E+00 5.08283E-01 7.23708E-01 9.63256E-01 1.33808E+00
 7.49894E+00 5.08367E-01 7.23827E-01 9.63414E-01 1.35287E+00
 7.58578E+00 5.08449E-01 7.23944E-01 9.63569E-01 1.36764E+00
 7.67361E+00 5.08529E-01 7.24057E-01 9.63720E-01 1.38242E+00
 7.76247E+00 5.08607E-01 7.24169E-01 9.63868E-01 1.39718E+00
 7.85236E+00 5.08683E-01 7.24277E-01 9.64013E-01 1.41192E+00
 7.94328E+00 5.08758E-01 7.24384E-01 9.64155E-01 1.42664E+00
 8.03526E+00 5.08831E-01 7.24487E-01 9.64293E-01 1.44133E+00
 8.12831E+00 5.08902E-01 7.24589E-01 9.64428E-01 1.45599E+00
 8.22243E+00 5.08972E-01 7.24688E-01 9.64560E-01 1.47061E+00
 8.31764E+00 5.09040E-01 7.24785E-01 9.64689E-01 1.48519E+00
 8.41395E+00 5.09107E-01 7.24880E-01 9.64816E-01 1.49972E+00
 8.51138E+00 5.09172E-01 7.24973E-01 9.64939E-01 1.51420E+00
 8.60994E+00 5.09236E-01 7.25064E-01 9.65060E-01 1.52862E+00
 8.70964E+00 5.09298E-01 7.25153E-01 9.65178E-01 1.54297E+00
 8.81049E+00 5.09359E-01 7.25239E-01 9.65293E-01 1.55726E+00
 8.91251E+00 5.09418E-01 7.25324E-01 9.65406E-01 1.57147E+00
 9.01571E+00 5.09476E-01 7.25407E-01 9.65517E-01 1.58560E+00
 9.12011E+00 5.09533E-01 7.25488E-01 9.65624E-01 1.59964E+00
 9.22571E+00 5.09589E-01 7.25567E-01 9.65730E-01 1.61360E+00
 9.33254E+00 5.09643E-01 7.25644E-01 9.65833E-01 1.62745E+00
 9.44061E+00 5.09696E-01 7.25720E-01 9.65934E-01 1.64121E+00
 9.54993E+00 5.09748E-01 7.25794E-01 9.66032E-01 1.65486E+00
 9.66051E+00 5.09799E-01 7.25866E-01 9.66128E-01 1.66839E+00
 9.77237E+00 5.09849E-01 7.25937E-01 9.66222E-01 1.68180E+00
 9.88553E+00 5.09897E-01 7.26006E-01 9.66314E-01 1.69509E+00
 1.00000E+01 5.09945E-01 7.26074E-01 9.66404E-01 1.70825E+00
 1.01158E+01 5.09991E-01 7.26140E-01 9.66492E-01 1.72128E+00
 1.02329E+01 5.10037E-01 7.26204E-01 9.66578E-01 1.73416E+00
 1.03514E+01 5.10081E-01 7.26268E-01 9.66662E-01 1.74689E+00
 1.04713E+01 5.10124E-01 7.26329E-01 9.66744E-01 1.75948E+00
 1.05925E+01 5.10167E-01 7.26389E-01 9.66824E-01 1.77191E+00
 1.07152E+01 5.10208E-01 7.26448E-01 9.66903E-01 1.78417E+00
 1.08393E+01 5.10248E-01 7.26506E-01 9.66980E-01 1.79626E+00
 1.09648E+01 5.10288E-01 7.26562E-01 9.67055E-01 1.80818E+00
 1.10917E+01 5.10327E-01 7.26617E-01 9.67128E-01 1.81992E+00
 1.12202E+01 5.10364E-01 7.26671E-01 9.67199E-01 1.83148E+00
 1.13501E+01 5.10401E-01 7.26724E-01 9.67269E-01 1.84285E+00
 1.14815E+01 5.10438E-01 7.26775E-01 9.67338E-01 1.85401E+00
 1.16145E+01 5.10473E-01 7.26826E-01 9.67405E-01 1.86499E+00
 1.17490E+01 5.10507E-01 7.26875E-01 9.67470E-01 1.87575E+00
 1.18850E+01 5.10541E-01 7.26923E-01 9.67534E-01 1.88631E+00
 1.20226E+01 5.10574E-01 7.26970E-01 9.67597E-01 1.89664E+00
 1.21619E+01 5.10606E-01 7.27016E-01 9.67658E-01 1.90676E+00
 1.23027E+01 5.10638E-01 7.27060E-01 9.67717E-01 1.91666E+00
 1.24451E+01 5.10669E-01 7.27104E-01 9.67776E-01 1.92632E+00
 1.25893E+01 5.10699E-01 7.27147E-01 9.67833E-01 1.93575E+00
 1.27350E+01 5.10728E-01 7.27189E-01 9.67889E-01 1.94494E+00
 1.28825E+01 5.10757E-01 7.27230E-01 9.67943E-01 1.95389E+00
 1.30317E+01 5.10785E-01 7.27270E-01 9.67996E-01 1.96259E+00
 1.31826E+01 5.10812E-01 7.27309E-01 9.68049E-01 1.97103E+00
 1.33352E+01 5.10839E-01 7.27347E-01 9.68099E-01 1.97922E+00
 1.34896E+01 5.10866E-01 7.27385E-01 9.68149E-01 1.98716E+00
 1.36458E+01 5.10891E-01 7.27421E-01 9.68198E-01 1.99482E+00
 1.38038E+01 5.10916E-01 7.27457E-01 9.68245E-01 2.00223E+00
 1.39637E+01 5.10941E-01 7.27492E-01 9.68292E-01 2.00936E+00
 1.41254E+01 5.10965E-01 7.27526E-01 9.68337E-01 2.01621E+00
 1.42889E+01 5.10988E-01 7.27559E-01 9.68382E-01 2.02279E+00
 1.44544E+01 5.11011E-01 7.27592E-01 9.68425E-01 2.02909E+00
 1.46218E+01 5.11034E-01 7.27624E-01 9.68467E-01 2.03510E+00
 1.47911E+01 5.11055E-01 7.27655E-01 9.68509E-01 2.04082E+00
 1.49624E+01 5.11077E-01 7.27686E-01 9.68549E-01 2.04626E+00
 1.51356E+01 5.11098E-01 7.27715E-01 9.68589E-01 2.05141E+00
 1.53109E+01 5.11118E-01 7.27744E-01 9.68628E-01 2.05626E+00
 1.54882E+01 5.11138E-01 7.27773E-01 9.68666E-01 2.06081E+00
 1.56675E+01 5.11158E-01 7.27801E-01 9.68703E-01 2.06507E+00
 1.58489E+01 5.11177E-01 7.27828E-01 9.68739E-01 2.06902E+00
 1.60325E+01 5.11195E-01 7.27854E-01 9.68774E-01 2.07268E+00
 1.62181E+01 5.11214E-01 7.27880E-01 9.68809E-01 2.07602E+00
 1.64059E+01 5.11231E-01 7.27906E-01 9.68842E-01 2.07906E+00
 1.65959E+01 5.11249E-01 7.27930E-01 9.68875E-01 2.08180E+00
 1.67880E+01 5.11266E-01 7.27955E-01 9.68908E-01 2.08423E+00
 1.69824E+01 5.11282E-01 7.27978E-01 9.68939E-01 2.08635E+00
 1.71791E+01 5.11299E-01 7.28001E-01 9.68970E-01 2.08816E+00
 1.73780E+01 5.11315E-01 7.28024E-01 9.69000E-01 2.08966E+00
 1.75792E+01 5.11330E-01 7.28046E-01 9.69029E-01 2.09085E+00
 1.77828E+01 5.11345E-01 7.28068E-01 9.69058E-01 2.09172E+00
 1.79887E+01 5.11360E-01 7.28089E-01 9.69086E-01 2.09229E+00
 1.81970E+01 5.11375E-01 7.28110E-01 9.69114E-01 2.09255E+00
 1.84077E+01 5.11389E-01 7.28130E-01 9.69141E-01 2.09250E+00
 1.86209E+01 5.11403E-01 7.28149E-01 9.69167E-01 2.09213E+00
 1.88365E+01 5.11416E-01 7.28169E-01 9.69193E-01 2.09146E+00
 1.90546E+01 5.11429E-01 7.28188E-01 9.69218E-01 2.09048E+00
 1.92752E+01 5.11442E-01 7.28206E-01 9.69242E-01 2.08920E+00
 1.94984E+01 5.11455E-01 7.28224E-01 9.69266E-01 2.08760E+00
 1.97242E+01 5.11467E-01 7.28242E-01 9.69290E-01 2.08570E+00
 1.99526E+01 5.11479E-01 7.28259E-01 9.69312E-01 2.08350E+00
 2.01837E+01 5.11491E-01 7.28276E-01 9.69335E-01 2.08100E+00
 2.04174E+01 5.11503E-01 7.28292E-01 9.69357E-01 2.07820E+00
 2.06538E+01 5.11514E-01 7.28308E-01 9.69378E-01 2.07509E+00
 2.08930E+01 5.11525E-01 7.28324E-01 9.69399E-01 2.07170E+00
 2.11349E+01 5.11536E-01 7.28339E-01 9.69419E-01 2.06801E+00
 2.13796E+01 5.11546E-01 7.28354E-01 9.69439E-01 2.06403E+00
 2.16272E+01 5.11557E-01 7.28369E-01 9.69459E-01 2.05976E+00
 2.18776E+01 5.11567E-01 7.28383E-01 9.69478E-01 2.05520E+00
 2.21309E+01 5.11577E-01 7.28397E-01 9.69496E-01 2.05037E+00
 2.23872E+01 5.11586E-01 7.28411E-01 9.69515E-01 2.04525E+00
 2.26464E+01 5.11596E-01 7.28424E-01 9.69532E-01 2.03985E+00
 2.29087E+01 5.11605E-01 7.28437E-01 9.69550E-01 2.03418E+00
 2.31739E+01 5.11614E-01 7.28450E-01 9.69567E-01 2.02824E+00
 2.34423E+01 5.11622E-01 7.28462E-01 9.69583E-01 2.02204E+00
 2.37137E+01 5.11631E-01 7.28475E-01 9.69600E-01 2.01557E+00
 2.39883E+01 5.11639E-01 7.28487E-01 9.69616E-01 2.00884E+00
 2.42661E+01 5.11648E-01 7.28498E-01 9.69631E-01 2.00186E+00
 2.45471E+01 5.11656E-01 7.28510E-01 9.69646E-01 1.99463E+00
 2.48313E+01 5.11663E-01 7.28521E-01 9.69661E-01 1.98714E+00
 2.51189E+01 5.11671E-01 7.28532E-01 9.69676E-01 1.97941E+00
 2.54097E+01 5.11678E-01 7.28542E-01 9.69690E-01 1.97145E+00
 2.57040E+01 5.11686E-01 7.28553E-01 9.69703E-01 1.96325E+00
 2.60016E+01 5.11693E-01 7.28563E-01 9.69717E-01 1.95482E+00
 2.63027E+01 5.11700E-01 7.28573E-01 9.69730E-01 1.94617E+00
 2.66073E+01 5.11707E-01 7.28582E-01 9.69743E-01 1.93729E+00
 2.69153E+01 5.11713E-01 7.28592E-01 9.69756E-01 1.92819E+00
 2.72270E+01 5.11720E-01 7.28601E-01 9.69768E-01 1.91889E+00
 2.75423E+01 5.11726E-01 7.28610E-01 9.69780E-01 1.90938E+00
 2.78612E+01 5.11732E-01 7.28619E-01 9.69792E-01 1.89966E+00
 2.81838E+01 5.11738E-01 7.28628E-01 9.69803E-01 1.88975E+00
 2.85102E+01 5.11744E-01 7.28636E-01 9.69815E-01 1.87964E+00
 2.88403E+01 5.11750E-01 7.28644E-01 9.69826E-01 1.86935E+00
 2.91743E+01 5.11756E-01 7.28652E-01 9.69836E-01 1.85887E+00
 2.95121E+01 5.11761E-01 7.28660E-01 9.69847E-01 1.84821E+00
 2.98538E+01 5.11767E-01 7.28668E-01 9.69857E-01 1.83738E+00
 3.01995E+01 5.11772E-01 7.28676E-01 9.69867E-01 1.82638E+00
 3.05492E+01 5.11777E-01 7.28683E-01 9.69877E-01 1.81522E+00
 3.09030E+01 5.11782E-01 7.28690E-01 9.69887E-01 1.80390E+00
 3.12608E+01 5.11787E-01 7.28697E-01 9.69896E-01 1.79243E+00
 3.16228E+01 5.11792E-01 7.28704E-01 9.69905E-01 1.78081E+00
 3.19890E+01 5.11797E-01 7.28711E-01 9.69914E-01 1.76904E+00
 3.23594E+01 5.11801E-01 7.28717E-01 9.69923E-01 1.75715E+00
 3.27341E+01 5.11806E-01 7.28724E-01 9.69931E-01 1.74511E+00
 3.31131E+01 5.11810E-01 7.28730E-01 9.69940E-01 1.73295E+00
 3.34965E+01 5.11815E-01 7.28736E-01 9.69948E-01 1.72066E+00
 3.38844E+01 5.11819E-01 7.28742E-01 9.69956E-01 1.70826E+00
 3.42768E+01 5.11823E-01 7.28748E-01 9.69964E-01 1.69574E+00
 3.46737E+01 5.11827E-01 7.28754E-01 9.69971E-01 1.68312E+00
 3.50752E+01 5.11831E-01 7.28759E-01 9.69979E-01 1.67038E+00
 3.54813E+01 5.11835E-01 7.28765E-01 9.69986E-01 1.65756E+00
 3.58922E+01 5.11839E-01 7.28770E-01 9.69993E-01 1.64464E+00
 3.63078E+01 5.11842E-01 7.28775E-01 9.70000E-01 1.63163E+00
 3.67282E+01 5.11846E-01 7.28780E-01 9.70007E-01 1.61853E+00
 3.71535E+01 5.11849E-01 7.28785E-01 9.70013E-01 1.60536E+00
 3.75837E+01 5.11853E-01 7.28790E-01 9.70020E-01 1.59211E+00
 3.80189E+01 5.11856E-01 7.28795E-01 9.70026E-01 1.57879E+00
 3.84592E+01 5.11859E-01 7.28800E-01 9.70032E-01 1.56541E+00
 3.89045E+01 5.11863E-01 7.28804E-01 9.70039E-01 1.55196E+00
 3.93550E+01 5.11866E-01 7.28809E-01 9.70044E-01 1.53846E+00
 3.98107E+01 5.11869E-01 7.28813E-01 9.70050E-01 1.52490E+00
 4.02717E+01 5.11872E-01 7.28817E-01 9.70056E-01 1.51130E+00
 4.07380E+01 5.11875E-01 7.28821E-01 9.70061E-01 1.49765E+00
 4.12098E+01 5.11877E-01 7.28826E-01 9.70067E-01 1.48396E+00
 4.16869E+01 5.11880E-01 7.28829E-01 9.70072E-01 1.47024E+00
 4.21697E+01 5.11883E-01 7.28833E-01 9.70077E-01 1.45649E+00
 4.26580E+01 5.11886E-01 7.28837E-01 9.70082E-01 1.44270E+00
 4.31519E+01 5.11888E-01 7.28841E-01 9.70087E-01 1.42890E+00
 4.36516E+01 5.11891E-01 7.28844E-01 9.70092E-01 1.41507E+00
 4.41570E+01 5.11893E-01 7.28848E-01 9.70097E-01 1.40123E+00
 4.46684E+01 5.11896E-01 7.28851E-01 9.70101E-01 1.38737E+00
 4.51856E+01 5.11898E-01 7.28855E-01 9.70106E-01 1.37351E+00
 4.57088E+01 5.11900E-01 7.28858E-01 9.70110E-01 1.35964E+00
 4.62381E+01 5.11903E-01 7.28861E-01 9.70114E-01 1.34577E+00
 4.67735E+01 5.11905E-01 7.28865E-01 9.70119E-01 1.33190E+00
 4.73151E+01 5.11907E-01 7.28868E-01 9.70123E-01 1.31803E+00
 4.78630E+01 5.11909E-01 7.28871E-01 9.70127E-01 1.30418E+00
 4.84172E+01 5.11911E-01 7.28874E-01 9.70131E-01 1.29033E+00
 4.89779E+01 5.11913E-01 7.28876E-01 9.70135E-01 1.27650E+00
 4.95450E+01 5.11915E-01 7.28879E-01 9.70138E-01 1.26269E+00
 5.01187E+01 5.11917E-01 7.28882E-01 9.70142E-01 1.24890E+00
 5.06991E+01 5.11919E-01 7.28885E-01 9.70145E-01 1.23513E+00
 5.12861E+01 5.11921E-01 7.28887E-01 9.70149E-01 1.22139E+00
 5.18800E+01 5.11923E-01 7.28890E-01 9.70152E-01 1.20768E+00
 5.24807E+01 5.11924E-01 7.28892E-01 9.70156E-01 1.19400E+00
 5.30884E+01 5.11926E-01 7.28895E-01 9.70159E-01 1.18035E+00
 5.37032E+01 5.11928E-01 7.28897E-01 9.70162E-01 1.16674E+00
 5.43250E+01 5.11929E-01 7.28900E-01 9.70165E-01 1.15317E+00
 5.49541E+01 5.11931E-01 7.28902E-01 9.70168E-01 1.13964E+00
 5.55904E+01 5.11933E-01 7.28904E-01 9.70171E-01 1.12616E+00
 5.62341E+01 5.11934E-01 7.28906E-01 9.70174E-01 1.11272E+00
 5.68853E+01 5.11936E-01 7.28908E-01 9.70177E-01 1.09933E+00
 5.75440E+01 5.11937E-01 7.28910E-01 9.70180E-01 1.08599E+00
 5.82103E+01 5.11939E-01 7.28912E-01 9.70182E-01 1.07271E+00
 5.88844E+01 5.11940E-01 7.28914E-01 9.70185E-01 1.05948E+00
 5.95662E+01 5.11941E-01 7.28916E-01 9.70188E-01 1.04631E+00
 6.02560E+01 5.11943E-01 7.28918E-01 9.70190E-01 1.03319E+00
 6.09537E+01 5.11944E-01 7.28920E-01 9.70193E-01 1.02013E+00
 6.16595E+01 5.11945E-01 7.28922E-01 9.70195E-01 1.00714E+00
 6.23735E+01 5.11946E-01 7.28924E-01 9.70198E-01 9.99595E-01
 6.30957E+01 5.11948E-01 7.28925E-01 9.70200E-01 9.99598E-01
 6.38263E+01 5.11949E-01 7.28927E-01 9.70202E-01 9.99600E-01
 6.45654E+01 5.11950E-01 7.28929E-01 9.70204E-01 9.99602E-01
 6.53131E+01 5.11951E-01 7.28930E-01 9.70206E-01 9.99605E-01
 6.60693E+01 5.11952E-01 7.28932E-01 9.70209E-01 9.99607E-01
 6.68344E+01 5.11953E-01 7.28934E-01 9.70211E-01 9.99609E-01
 6.76083E+01 5.11954E-01 7.28935E-01 9.70213E-01 9.99611E-01
 6.83912E+01 5.11955E-01 7.28937E-01 9.70215E-01 9.99613E-01
 6.91831E+01 5.11956E-01 7.28938E-01 9.70216E-01 9.99615E-01
 6.99842E+01 5.11957E-01 7.28939E-01 9.70218E-01 9.99617E-01
 7.07946E+01 5.11958E-01 7.28941E-01 9.70220E-01 9.99619E-01
 7.16143E+01 5.11959E-01 7.28942E-01 9.70222E-01 9.99621E-01
 7.24436E+01 5.11960E-01 7.28943E-01 9.70224E-01 9.99622E-01
 7.32825E+01 5.11961E-01 7.28945E-01 9.70225E-01 9.99624E-01
 7.41310E+01 5.11962E-01 7.28946E-01 9.70227E-01 9.99626E-01
 7.49894E+01 5.11963E-01 7.28947E-01 9.70229E-01 9.99628E-01
 7.58578E+01 5.11964E-01 7.28948E-01 9.70230E-01 9.99629E-01
 7.67361E+01 5.11965E-01 7.28950E-01 9.70232E-01 9.99631E-01
 7.76247E+01 5.11965E-01 7.28951E-01 9.70233E-01 9.99632E-01
 7.85236E+01 5.11966E-01 7.28952E-01 9.70235E-01 9.99634E-01
 7.94328E+01 5.11967E-01 7.28953E-01 9.70236E-01 9.99636E-01
 8.03526E+01 5.11968E-01 7.28954E-01 9.70238E-01 9.99637E-01
 8.12831E+01 5.11968E-01 7.28955E-01 9.70239E-01 9.99638E-01
 8.22243E+01 5.11969E-01 7.28956E-01 9.70241E-01 9.99640E-01
 8.31764E+01 5.11970E-01 7.28957E-01 9.70242E-01 9.99641E-01
 8.41395E+01 5.11971E-01 7.28958E-01 9.70243E-01 9.99643E-01
 8.51138E+01 5.11971E-01 7.28959E-01 9.70244E-01 9.99644E-01
 8.60994E+01 5.11972E-01 7.28960E-01 9.70246E-01 9.99645E-01
 8.70964E+01 5.11973E-01 7.28961E-01 9.70247E-01 9.99646E-01
 8.81049E+01 5.11973E-01 7.28962E-01 9.70248E-01 9.99648E-01
 8.91251E+01 5.11974E-01 7.28963E-01 9.70249E-01 9.99649E-01
 9.01571E+01 5.11974E-01 7.28963E-01 9.70250E-01 9.99650E-01
 9.12011E+01 5.11975E-01 7.28964E-01 9.70251E-01 9.99651E-01
 9.22571E+01 5.11976E-01 7.28965E-01 9.70253E-01 9.99652E-01
 9.33254E+01 5.11976E-01 7.28966E-01 9.70254E-01 9.99653E-01
 9.44061E+01 5.11977E-01 7.28967E-01 9.70255E-01 9.99654E-01
 9.54993E+01 5.11977E-01 7.28967E-01 9.70256E-01 9.99655E-01
 9.66051E+01 5.11978E-01 7.28968E-01 9.70257E-01 9.99656E-01
 9.77237E+01 5.11978E-01 7.28969E-01 9.70258E-01 9.99657E-01
 9.88553E+01 5.11979E-01 7.28970E-01 9.70259E-01 9.99658E-01
 1.00000E+02 5.11979E-01 7.28970E-01 9.70259E-01 9.99659E-01
