 1.00000E-02 1.88709E-02 3.50534E-02 6.36881E-02 6.84893E-02
 2.00000E-02 1.88573E-02 3.54442E-02 6.36393E-02 6.84369E-02
 3.00000E-02 1.88345E-02 3.54723E-02 6.36664E-02 6.83497E-02
 4.00000E-02 1.88028E-02 3.53638E-02 6.36893E-02 6.82276E-02
 5.00000E-02 1.87620E-02 3.53354E-02 6.35780E-02 6.81035E-02
 6.00000E-02 1.87122E-02 3.52424E-02 6.34025E-02 6.79568E-02
 7.00000E-02 1.86535E-02 3.51192E-02 6.31842E-02 6.77530E-02
 8.00000E-02 1.85895E-02 3.50083E-02 6.29383E-02 6.75041E-02
 9.00000E-02 1.85158E-02 3.48613E-02 6.26914E-02 6.72156E-02
 1.00000E-01 1.84322E-02 3.46988E-02 6.24001E-02 6.68904E-02
 1.10000E-01 1.83392E-02 3.45278E-02 6.20701E-02 6.65299E-02
 1.20000E-01 1.82373E-02 3.43320E-02 6.17048E-02 6.61388E-02
 1.30000E-01 1.81266E-02 3.41233E-02 6.13218E-02 6.57274E-02
 1.40000E-01 1.80074E-02 3.39011E-02 6.09092E-02 6.52794E-02
 1.50000E-01 1.78798E-02 3.36585E-02 6.04617E-02 6.47963E-02
 1.60000E-01 1.77439E-02 3.34028E-02 5.99810E-02 6.42791E-02
 1.70000E-01 1.75999E-02 3.31331E-02 5.94832E-02 6.37324E-02
 1.80000E-01 1.74480E-02 3.28455E-02 5.89527E-02 6.31617E-02
 1.90000E-01 1.72882E-02 3.25439E-02 5.83901E-02 6.25575E-02
 2.00000E-01 1.71207E-02 3.22294E-02 5.78067E-02 6.19205E-02
 2.10000E-01 1.69457E-02 3.18986E-02 5.71944E-02 6.12590E-02
 2.20000E-01 1.67633E-02 3.15526E-02 5.65521E-02 6.05693E-02
 2.30000E-01 1.65738E-02 3.11957E-02 5.58905E-02 5.98480E-02
 2.40000E-01 1.63772E-02 3.08238E-02 5.51987E-02 5.91034E-02
 2.50000E-01 1.61736E-02 3.04377E-02 5.44849E-02 5.83307E-02
 2.60000E-01 1.59630E-02 3.00384E-02 5.37451E-02 5.75305E-02
 2.70000E-01 1.57456E-02 2.96276E-02 5.29824E-02 5.67074E-02
 2.80000E-01 1.55217E-02 2.92036E-02 5.21955E-02 5.58563E-02
 2.90000E-01 1.52913E-02 2.87668E-02 5.13873E-02 5.49839E-02
 3.00000E-01 1.50546E-02 2.83176E-02 5.05544E-02 5.40856E-02
 3.10000E-01 1.48117E-02 2.78568E-02 4.97032E-02 5.31650E-02
 3.20000E-01 1.45629E-02 2.73852E-02 4.88291E-02 5.22223E-02
 3.30000E-01 1.43082E-02 2.69021E-02 4.79338E-02 5.12561E-02
 3.40000E-01 1.40478E-02 2.64080E-02 4.70207E-02 5.02703E-02
 3.50000E-01 1.37818E-02 2.59031E-02 4.60875E-02 4.92641E-02
 3.60000E-01 1.35106E-02 2.53878E-02 4.51353E-02 4.82374E-02
 3.70000E-01 1.32343E-02 2.48624E-02 4.41648E-02 4.71914E-02
 3.80000E-01 1.29528E-02 2.43273E-02 4.31771E-02 4.61270E-02
 3.90000E-01 1.26665E-02 2.37827E-02 4.21729E-02 4.50450E-02
 4.00000E-01 1.23753E-02 2.32290E-02 4.11528E-02 4.39463E-02
 4.10000E-01 1.20795E-02 2.26664E-02 4.01175E-02 4.28315E-02
 4.20000E-01 1.17792E-02 2.20952E-02 3.90676E-02 4.17013E-02
 4.30000E-01 1.14750E-02 2.15161E-02 3.80036E-02 4.05563E-02
 4.40000E-01 1.11665E-02 2.09294E-02 3.69261E-02 4.17503E-02
 4.50000E-01 1.08540E-02 2.03349E-02 3.58356E-02 4.36557E-02
 4.60000E-01 1.05380E-02 1.97332E-02 3.47347E-02 4.56008E-02
 4.70000E-01 1.02183E-02 1.91251E-02 3.36218E-02 4.75686E-02
 4.80000E-01 9.89524E-03 1.85102E-02 3.24995E-02 4.95951E-02
 4.90000E-01 9.56895E-03 1.78898E-02 3.13672E-02 5.16468E-02
 5.00000E-01 9.23976E-03 1.72635E-02 3.02270E-02 5.37334E-02
 5.10000E-01 8.90761E-03 1.66321E-02 2.90794E-02 5.58665E-02
 5.20000E-01 8.57297E-03 1.59960E-02 2.93093E-02 5.80226E-02
 5.30000E-01 8.23594E-03 1.53556E-02 3.07254E-02 6.02275E-02
 5.40000E-01 7.89669E-03 1.47113E-02 3.21700E-02 6.24628E-02
 5.50000E-01 7.55547E-03 1.40637E-02 3.36425E-02 6.47293E-02
 5.60000E-01 7.21250E-03 1.34131E-02 3.51485E-02 6.70418E-02
 5.70000E-01 6.86803E-03 1.27602E-02 3.66868E-02 6.93776E-02
 5.80000E-01 6.52234E-03 1.21057E-02 3.82518E-02 7.17589E-02
 5.90000E-01 6.17572E-03 1.14498E-02 3.98450E-02 7.41702E-02
 6.00000E-01 5.82835E-03 1.07932E-02 4.14735E-02 7.66130E-02
 6.10000E-01 5.48060E-03 1.01369E-02 4.31278E-02 7.90982E-02
 6.20000E-01 5.13281E-03 1.05098E-02 4.48077E-02 8.16065E-02
 6.30000E-01 4.78524E-03 1.10404E-02 4.65231E-02 8.41605E-02
 6.40000E-01 4.43834E-03 1.15844E-02 4.82632E-02 8.67412E-02
 6.50000E-01 4.66526E-03 1.21441E-02 5.00285E-02 8.93561E-02
 6.60000E-01 4.90468E-03 1.27168E-02 5.18275E-02 9.20077E-02
 6.70000E-01 5.15098E-03 1.33038E-02 5.36503E-02 9.46836E-02
 6.80000E-01 5.40417E-03 1.39046E-02 5.54992E-02 9.74047E-02
 6.90000E-01 5.66426E-03 1.45188E-02 5.73788E-02 1.00149E-01
 7.00000E-01 5.93130E-03 1.51469E-02 5.92813E-02 1.02931E-01
 7.10000E-01 6.20522E-03 1.57878E-02 6.12117E-02 1.05744E-01
 7.20000E-01 6.48586E-03 1.64424E-02 6.31689E-02 1.08585E-01
 7.30000E-01 6.77316E-03 1.71097E-02 6.51482E-02 1.11465E-01
 7.40000E-01 7.06706E-03 1.77898E-02 6.71577E-02 1.14367E-01
 7.50000E-01 7.36746E-03 1.84827E-02 6.91897E-02 1.17312E-01
 7.60000E-01 7.67432E-03 1.91874E-02 7.12457E-02 1.20280E-01
 7.70000E-01 7.98759E-03 1.99052E-02 7.33291E-02 1.23283E-01
 7.80000E-01 8.30709E-03 2.06341E-02 7.54333E-02 1.26316E-01
 7.90000E-01 8.63268E-03 2.13752E-02 7.75646E-02 1.29376E-01
 8.00000E-01 8.96423E-03 2.21278E-02 7.97183E-02 1.32473E-01
 8.10000E-01 9.30162E-03 2.28910E-02 8.18941E-02 1.35592E-01
 8.20000E-01 9.64470E-03 2.36662E-02 8.40961E-02 1.38750E-01
 8.30000E-01 9.99341E-03 2.44516E-02 8.63175E-02 1.41931E-01
 8.40000E-01 1.03477E-02 2.52474E-02 8.85645E-02 1.45146E-01
 8.50000E-01 1.07073E-02 2.60540E-02 9.08325E-02 1.48389E-01
 8.60000E-01 1.10720E-02 2.68702E-02 9.31216E-02 1.51659E-01
 8.70000E-01 1.14417E-02 2.76962E-02 9.54349E-02 1.54962E-01
 8.80000E-01 1.18163E-02 2.85321E-02 9.77667E-02 1.58288E-01
 8.90000E-01 1.21957E-02 2.93768E-02 1.00123E-01 1.61651E-01
 9.00000E-01 1.25796E-02 3.02308E-02 1.02498E-01 1.65036E-01
 9.10000E-01 1.29678E-02 3.10937E-02 1.04894E-01 1.68453E-01
 9.20000E-01 1.33602E-02 3.19646E-02 1.07312E-01 1.71897E-01
 9.30000E-01 1.37569E-02 3.28444E-02 1.09747E-01 1.75366E-01
 9.40000E-01 1.41575E-02 3.37320E-02 1.12206E-01 1.78868E-01
 9.50000E-01 1.45618E-02 3.46272E-02 1.14682E-01 1.82391E-01
 9.60000E-01 1.49697E-02 3.55304E-02 1.17178E-01 1.85949E-01
 9.70000E-01 1.53810E-02 3.64404E-02 1.19694E-01 1.89528E-01
 9.80000E-01 1.57956E-02 3.73579E-02 1.22227E-01 1.93138E-01
 9.90000E-01 1.62135E-02 3.82821E-02 1.24781E-01 1.96773E-01
 1.00000E+00 1.66344E-02 3.92127E-02 1.27353E-01 2.00434E-01
 1.01158E+00 1.71253E-02 4.02986E-02 1.30353E-01 2.04709E-01
 1.02329E+00 1.76256E-02 4.14053E-02 1.33411E-01 2.09066E-01
 1.03514E+00 1.81351E-02 4.25331E-02 1.36532E-01 2.13513E-01
 1.04713E+00 1.86541E-02 4.36820E-02 1.39712E-01 2.18045E-01
 1.05925E+00 1.91822E-02 4.48521E-02 1.42954E-01 2.22670E-01
 1.07152E+00 1.97195E-02 4.60433E-02 1.46260E-01 2.27384E-01
 1.08393E+00 2.02661E-02 4.72559E-02 1.49628E-01 2.32192E-01
 1.09648E+00 2.08217E-02 4.84899E-02 1.53060E-01 2.37095E-01
 1.10917E+00 2.13864E-02 4.97455E-02 1.56560E-01 2.42094E-01
 1.12202E+00 2.19602E-02 5.10224E-02 1.60125E-01 2.47192E-01
 1.13501E+00 2.25427E-02 5.23209E-02 1.63756E-01 2.52387E-01
 1.14815E+00 2.31343E-02 5.36408E-02 1.67455E-01 2.57688E-01
 1.16145E+00 2.37346E-02 5.49822E-02 1.71225E-01 2.63087E-01
 1.17490E+00 2.43435E-02 5.63450E-02 1.75064E-01 2.68597E-01
 1.18850E+00 2.49613E-02 5.77294E-02 1.78973E-01 2.74209E-01
 1.20226E+00 2.55875E-02 5.91355E-02 1.82953E-01 2.79931E-01
 1.21619E+00 2.62222E-02 6.05633E-02 1.87006E-01 2.85764E-01
 1.23027E+00 2.68655E-02 6.20126E-02 1.91134E-01 2.91707E-01
 1.24451E+00 2.75170E-02 6.34833E-02 1.95336E-01 2.97768E-01
 1.25893E+00 2.81768E-02 6.49754E-02 1.99613E-01 3.03941E-01
 1.27350E+00 2.88448E-02 6.64892E-02 2.03966E-01 3.10235E-01
 1.28825E+00 2.95209E-02 6.80247E-02 2.08396E-01 3.16647E-01
 1.30317E+00 3.02049E-02 6.95814E-02 2.12904E-01 3.23180E-01
 1.31826E+00 3.08971E-02 7.11595E-02 2.17492E-01 3.29840E-01
 1.33352E+00 3.15969E-02 7.27589E-02 2.22159E-01 3.36623E-01
 1.34896E+00 3.23044E-02 7.43799E-02 2.26907E-01 3.43535E-01
 1.36458E+00 3.30198E-02 7.60221E-02 2.31736E-01 3.50577E-01
 1.38038E+00 3.37426E-02 7.76853E-02 2.36649E-01 3.57748E-01
 1.39637E+00 3.44728E-02 7.93697E-02 2.41645E-01 3.65058E-01
 1.41254E+00 3.52105E-02 8.10755E-02 2.46725E-01 3.72502E-01
 1.42889E+00 3.59554E-02 8.28020E-02 2.51892E-01 3.80081E-01
 1.44544E+00 3.67074E-02 8.45493E-02 2.57144E-01 3.87806E-01
 1.46218E+00 3.74666E-02 8.63178E-02 2.62484E-01 3.95671E-01
 1.47911E+00 3.82326E-02 8.81069E-02 2.67911E-01 4.03678E-01
 1.49624E+00 3.90055E-02 8.99163E-02 2.73428E-01 4.11838E-01
 1.51356E+00 3.97852E-02 9.17467E-02 2.79035E-01 4.20144E-01
 1.53109E+00 4.05715E-02 9.35974E-02 2.84732E-01 4.28600E-01
 1.54882E+00 4.13642E-02 9.54681E-02 2.90521E-01 4.37213E-01
 1.56675E+00 4.21635E-02 9.73594E-02 2.96402E-01 4.45981E-01
 1.58489E+00 4.29689E-02 9.92705E-02 3.02377E-01 4.54906E-01
 1.60325E+00 4.37805E-02 1.01201E-01 3.08445E-01 4.63993E-01
 1.62181E+00 4.45982E-02 1.03152E-01 3.14610E-01 4.73244E-01
 1.64059E+00 4.54218E-02 1.05123E-01 3.20871E-01 4.82659E-01
 1.65959E+00 4.62511E-02 1.07112E-01 3.27229E-01 4.92242E-01
 1.67880E+00 4.70861E-02 1.09122E-01 3.33683E-01 5.01998E-01
 1.69824E+00 4.79267E-02 1.11150E-01 3.40236E-01 5.11925E-01
 1.71791E+00 4.87727E-02 1.13197E-01 3.46888E-01 5.22026E-01
 1.73780E+00 4.96239E-02 1.15262E-01 3.53642E-01 5.32306E-01
 1.75792E+00 5.04802E-02 1.17347E-01 3.60496E-01 5.42767E-01
 1.77828E+00 5.13416E-02 1.19450E-01 3.67451E-01 5.53410E-01
 1.79887E+00 5.22079E-02 1.21571E-01 3.74508E-01 5.64237E-01
 1.81970E+00 5.30788E-02 1.23709E-01 3.81670E-01 5.75254E-01
 1.84077E+00 5.39543E-02 1.25866E-01 3.88935E-01 5.86462E-01
 1.86209E+00 5.48342E-02 1.28040E-01 3.96305E-01 5.97862E-01
 1.88365E+00 5.57185E-02 1.30231E-01 4.03780E-01 6.09456E-01
 1.90546E+00 5.66069E-02 1.32439E-01 4.11363E-01 6.21250E-01
 1.92752E+00 5.74992E-02 1.34665E-01 4.19050E-01 6.33246E-01
 1.94984E+00 5.83954E-02 1.36906E-01 4.26847E-01 6.45445E-01
 1.97242E+00 5.92953E-02 1.39164E-01 4.34752E-01 6.57849E-01
 1.99526E+00 6.01987E-02 1.41438E-01 4.42764E-01 6.70460E-01
 2.01837E+00 6.11055E-02 1.43727E-01 4.50888E-01 6.83287E-01
 2.04174E+00 6.20155E-02 1.46032E-01 4.59121E-01 6.96327E-01
 2.06538E+00 6.29286E-02 1.48352E-01 4.67464E-01 7.09584E-01
 2.08930E+00 6.38446E-02 1.50687E-01 4.75921E-01 7.23060E-01
 2.11349E+00 6.47634E-02 1.53036E-01 4.84487E-01 7.36757E-01
 2.13796E+00 6.56848E-02 1.55399E-01 4.93168E-01 7.50683E-01
 2.16272E+00 6.66085E-02 1.57777E-01 5.01961E-01 7.64836E-01
 2.18776E+00 6.75346E-02 1.60168E-01 5.10868E-01 7.79220E-01
 2.21309E+00 6.84627E-02 1.62572E-01 5.19889E-01 7.93836E-01
 2.23872E+00 6.93928E-02 1.64990E-01 5.29025E-01 8.08689E-01
 2.26464E+00 7.03248E-02 1.67420E-01 5.38276E-01 8.23780E-01
 2.29087E+00 7.12584E-02 1.69862E-01 5.47643E-01 8.39117E-01
 2.31739E+00 7.21934E-02 1.72316E-01 5.57124E-01 8.54697E-01
 2.34423E+00 7.31296E-02 1.74782E-01 5.66724E-01 8.70526E-01
 2.37137E+00 7.40672E-02 1.77260E-01 5.76439E-01 8.86604E-01
 2.39883E+00 7.50056E-02 1.79748E-01 5.86272E-01 9.02935E-01
 2.42661E+00 7.59449E-02 1.82246E-01 5.96223E-01 9.19523E-01
 2.45471E+00 7.68849E-02 1.84755E-01 6.06291E-01 9.36369E-01
 2.48313E+00 7.78253E-02 1.87274E-01 6.16478E-01 9.53480E-01
 2.51189E+00 7.87661E-02 1.89802E-01 6.26782E-01 9.70856E-01
 2.54097E+00 7.97071E-02 1.92339E-01 6.37206E-01 9.88499E-01
 2.57040E+00 8.06481E-02 1.94885E-01 6.47749E-01 1.00641E+00
 2.60016E+00 8.15891E-02 1.97440E-01 6.58410E-01 1.02460E+00
 2.63027E+00 8.25296E-02 2.00002E-01 6.69191E-01 1.04306E+00
 2.66073E+00 8.34699E-02 2.02572E-01 6.80093E-01 1.06181E+00
 2.69153E+00 8.44095E-02 2.05149E-01 6.91113E-01 1.08083E+00
 2.72270E+00 8.53484E-02 2.07733E-01 7.02253E-01 1.10015E+00
 2.75423E+00 8.62864E-02 2.10324E-01 7.13513E-01 1.11974E+00
 2.78612E+00 8.72234E-02 2.12920E-01 7.24894E-01 1.13964E+00
 2.81838E+00 8.81593E-02 2.15523E-01 7.36395E-01 1.15982E+00
 2.85102E+00 8.90938E-02 2.18130E-01 7.48015E-01 1.18031E+00
 2.88403E+00 9.00268E-02 2.20743E-01 7.59756E-01 1.20109E+00
 2.91743E+00 9.09583E-02 2.23360E-01 7.71617E-01 1.22218E+00
 2.95121E+00 9.18880E-02 2.25981E-01 7.83598E-01 1.24357E+00
 2.98538E+00 9.28159E-02 2.28606E-01 7.95699E-01 1.26527E+00
 3.01995E+00 9.37418E-02 2.31235E-01 8.07920E-01 1.28729E+00
 3.05492E+00 9.46656E-02 2.33867E-01 8.20262E-01 1.30962E+00
 3.09030E+00 9.55871E-02 2.36501E-01 8.32723E-01 1.33226E+00
 3.12608E+00 9.65062E-02 2.39138E-01 8.45304E-01 1.35523E+00
 3.16228E+00 9.74229E-02 2.41777E-01 8.58005E-01 1.37852E+00
 3.19890E+00 9.83369E-02 2.44417E-01 8.70825E-01 1.40214E+00
 3.23594E+00 9.92482E-02 2.47058E-01 8.83765E-01 1.42609E+00
 3.27341E+00 1.00157E-01 2.49701E-01 8.96824E-01 1.45037E+00
 3.31131E+00 1.01062E-01 2.52344E-01 9.10001E-01 1.47499E+00
 3.34965E+00 1.01965E-01 2.54987E-01 9.23297E-01 1.49994E+00
 3.38844E+00 1.02864E-01 2.57630E-01 9.36710E-01 1.52524E+00
 3.42768E+00 1.03760E-01 2.60272E-01 9.50244E-01 1.55089E+00
 3.46737E+00 1.04653E-01 2.62914E-01 9.63895E-01 1.57688E+00
 3.50752E+00 1.05542E-01 2.65554E-01 9.77662E-01 1.60322E+00
 3.54813E+00 1.06427E-01 2.68193E-01 9.91548E-01 1.62992E+00
 3.58922E+00 1.07309E-01 2.70831E-01 1.00555E+00 1.65697E+00
 3.63078E+00 1.08188E-01 2.73465E-01 1.01967E+00 1.68438E+00
 3.67282E+00 1.09062E-01 2.76098E-01 1.03390E+00 1.71216E+00
 3.71535E+00 1.09933E-01 2.78728E-01 1.04826E+00 1.74030E+00
 3.75837E+00 1.10799E-01 2.81354E-01 1.06272E+00 1.76881E+00
 3.80189E+00 1.11662E-01 2.83978E-01 1.07730E+00 1.79770E+00
 3.84592E+00 1.12520E-01 2.86597E-01 1.09200E+00 1.82696E+00
 3.89045E+00 1.13375E-01 2.89213E-01 1.10681E+00 1.85660E+00
 3.93550E+00 1.14225E-01 2.91825E-01 1.12174E+00 1.88663E+00
 3.98107E+00 1.15070E-01 2.94432E-01 1.13678E+00 1.91703E+00
 4.02717E+00 1.15912E-01 2.97034E-01 1.15193E+00 1.94783E+00
 4.07380E+00 1.16749E-01 2.99632E-01 1.16719E+00 1.97901E+00
 4.12098E+00 1.17581E-01 3.02224E-01 1.18257E+00 2.01060E+00
 4.16869E+00 1.18409E-01 3.04810E-01 1.19806E+00 2.04258E+00
 4.21697E+00 1.19233E-01 3.07391E-01 1.21366E+00 2.07496E+00
 4.26580E+00 1.20051E-01 3.09966E-01 1.22937E+00 2.10775E+00
 4.31519E+00 1.20866E-01 3.12535E-01 1.24519E+00 2.14094E+00
 4.36516E+00 1.21675E-01 3.15098E-01 1.26112E+00 2.17454E+00
 4.41570E+00 1.22480E-01 3.17654E-01 1.27716E+00 2.20856E+00
 4.46684E+00 1.23280E-01 3.20203E-01 1.29331E+00 2.24300E+00
 4.51856E+00 1.24075E-01 3.22745E-01 1.30957E+00 2.27786E+00
 4.57088E+00 1.24866E-01 3.25280E-01 1.32594E+00 2.31315E+00
 4.62381E+00 1.25644E-01 3.27808E-01 1.34242E+00 2.34886E+00
 4.67735E+00 1.26395E-01 3.30328E-01 1.35900E+00 2.38500E+00
 4.73151E+00 1.27119E-01 3.32840E-01 1.37569E+00 2.42159E+00
 4.78630E+00 1.27815E-01 3.35345E-01 1.39249E+00 2.45860E+00
 4.84172E+00 1.28485E-01 3.37841E-01 1.40939E+00 2.49607E+00
 4.89779E+00 1.29126E-01 3.40330E-01 1.42640E+00 2.53398E+00
 4.95450E+00 1.29740E-01 3.42810E-01 1.44352E+00 2.57233E+00
 5.01187E+00 1.30327E-01 3.45281E-01 1.46074E+00 2.61114E+00
 5.06991E+00 1.30886E-01 3.47745E-01 1.47806E+00 2.65042E+00
 5.12861E+00 1.31417E-01 3.50199E-01 1.49549E+00 2.69015E+00
 5.18800E+00 1.31921E-01 3.52623E-01 1.51302E+00 2.73035E+00
 5.24807E+00 1.32398E-01 3.54974E-01 1.53065E+00 2.77102E+00
 5.30884E+00 1.32847E-01 3.57251E-01 1.54839E+00 2.81216E+00
 5.37032E+00 1.33269E-01 3.59454E-01 1.56623E+00 2.85377E+00
 5.43250E+00 1.33664E-01 3.61580E-01 1.58418E+00 2.89587E+00
 5.49541E+00 1.34032E-01 3.63631E-01 1.60222E+00 2.93846E+00
 5.55904E+00 1.34374E-01 3.65605E-01 1.62037E+00 2.98154E+00
 5.62341E+00 1.34689E-01 3.67503E-01 1.63861E+00 3.02510E+00
 5.68853E+00 1.34977E-01 3.69324E-01 1.65696E+00 3.06917E+00
 5.75440E+00 1.35239E-01 3.71067E-01 1.67541E+00 3.11375E+00
 5.82103E+00 1.35476E-01 3.72733E-01 1.69396E+00 3.15882E+00
 5.88844E+00 1.35686E-01 3.74322E-01 1.71260E+00 3.20442E+00
 5.95662E+00 1.35871E-01 3.75833E-01 1.73135E+00 3.25052E+00
 6.02560E+00 1.36031E-01 3.77267E-01 1.75020E+00 3.29715E+00
 6.09537E+00 1.36167E-01 3.78623E-01 1.76914E+00 3.34430E+00
 6.16595E+00 1.36277E-01 3.79902E-01 1.78818E+00 3.39199E+00
 6.23735E+00 1.36364E-01 3.81104E-01 1.80733E+00 3.44021E+00
 6.30957E+00 1.36426E-01 3.82230E-01 1.82656E+00 3.48897E+00
 6.38263E+00 1.36465E-01 3.83279E-01 1.84590E+00 3.53828E+00
 6.45654E+00 1.36480E-01 3.84252E-01 1.86533E+00 3.58813E+00
 6.53131E+00 1.36473E-01 3.85149E-01 1.88486E+00 3.63855E+00
 6.60693E+00 1.36443E-01 3.85972E-01 1.90449E+00 3.68952E+00
 6.68344E+00 1.36390E-01 3.86720E-01 1.92422E+00 3.74106E+00
 6.76083E+00 1.36316E-01 3.87393E-01 1.94403E+00 3.79317E+00
 6.83912E+00 1.36220E-01 3.87994E-01 1.96395E+00 3.84585E+00
 6.91831E+00 1.36103E-01 3.88521E-01 1.98396E+00 3.89912E+00
 6.99842E+00 1.35965E-01 3.88976E-01 2.00407E+00 3.95298E+00
 7.07946E+00 1.35806E-01 3.89360E-01 2.02427E+00 4.00742E+00
 7.16143E+00 1.35628E-01 3.89673E-01 2.04456E+00 4.06247E+00
 7.24436E+00 1.35430E-01 3.89917E-01 2.06495E+00 4.11813E+00
 7.32825E+00 1.35213E-01 3.90091E-01 2.08544E+00 4.17439E+00
 7.41310E+00 1.34976E-01 3.90197E-01 2.10601E+00 4.23127E+00
 7.49894E+00 1.34722E-01 3.90236E-01 2.12668E+00 4.28877E+00
 7.58578E+00 1.34449E-01 3.90208E-01 2.14745E+00 4.34690E+00
 7.67361E+00 1.34158E-01 3.90115E-01 2.16830E+00 4.40567E+00
 7.76247E+00 1.33850E-01 3.89958E-01 2.18925E+00 4.46508E+00
 7.85236E+00 1.33525E-01 3.89737E-01 2.21029E+00 4.52513E+00
 7.94328E+00 1.33184E-01 3.89453E-01 2.23143E+00 4.58584E+00
 8.03526E+00 1.32826E-01 3.89108E-01 2.25265E+00 4.64720E+00
 8.12831E+00 1.32453E-01 3.88702E-01 2.27397E+00 4.70924E+00
 8.22243E+00 1.32064E-01 3.88237E-01 2.29538E+00 4.77195E+00
 8.31764E+00 1.31661E-01 3.87713E-01 2.31688E+00 4.83534E+00
 8.41395E+00 1.31243E-01 3.87132E-01 2.33847E+00 4.89941E+00
 8.51138E+00 1.30810E-01 3.86495E-01 2.36014E+00 4.96418E+00
 8.60994E+00 1.30364E-01 3.85803E-01 2.38191E+00 5.02965E+00
 8.70964E+00 1.29904E-01 3.85057E-01 2.40377E+00 5.09583E+00
 8.81049E+00 1.29432E-01 3.84258E-01 2.42571E+00 5.16272E+00
 8.91251E+00 1.28946E-01 3.83407E-01 2.44747E+00 5.23034E+00
 9.01571E+00 1.28449E-01 3.82505E-01 2.46895E+00 5.29868E+00
 9.12011E+00 1.27939E-01 3.81554E-01 2.49012E+00 5.36777E+00
 9.22571E+00 1.27418E-01 3.80555E-01 2.51099E+00 5.43759E+00
 9.33254E+00 1.26885E-01 3.79508E-01 2.53153E+00 5.50817E+00
 9.44061E+00 1.26342E-01 3.78415E-01 2.55175E+00 5.57951E+00
 9.54993E+00 1.25788E-01 3.77277E-01 2.57163E+00 5.65161E+00
 9.66051E+00 1.25224E-01 3.76096E-01 2.59115E+00 5.72449E+00
 9.77237E+00 1.24651E-01 3.74871E-01 2.61032E+00 5.79816E+00
 9.88553E+00 1.24068E-01 3.73605E-01 2.62912E+00 5.87261E+00
 1.00000E+01 1.23475E-01 3.72299E-01 2.64755E+00 5.94786E+00
 1.01158E+01 1.22874E-01 3.70953E-01 2.66558E+00 6.02392E+00
 1.02329E+01 1.22265E-01 3.69569E-01 2.68323E+00 6.10080E+00
 1.03514E+01 1.21647E-01 3.68148E-01 2.70047E+00 6.17849E+00
 1.04713E+01 1.21022E-01 3.66691E-01 2.71730E+00 6.25703E+00
 1.05925E+01 1.20389E-01 3.65199E-01 2.73371E+00 6.33640E+00
 1.07152E+01 1.19749E-01 3.63673E-01 2.74969E+00 6.41662E+00
 1.08393E+01 1.19102E-01 3.62114E-01 2.76524E+00 6.49770E+00
 1.09648E+01 1.18449E-01 3.60524E-01 2.78035E+00 6.57964E+00
 1.10917E+01 1.17789E-01 3.58903E-01 2.79502E+00 6.66246E+00
 1.12202E+01 1.17124E-01 3.57252E-01 2.80923E+00 6.74616E+00
 1.13501E+01 1.16452E-01 3.55573E-01 2.82298E+00 6.83076E+00
 1.14815E+01 1.15775E-01 3.53866E-01 2.83627E+00 6.91626E+00
 1.16145E+01 1.15094E-01 3.52132E-01 2.84908E+00 7.00267E+00
 1.17490E+01 1.14407E-01 3.50373E-01 2.86142E+00 7.09000E+00
 1.18850E+01 1.13716E-01 3.48590E-01 2.87328E+00 7.17826E+00
 1.20226E+01 1.13020E-01 3.46783E-01 2.88466E+00 7.26746E+00
 1.21619E+01 1.12320E-01 3.44953E-01 2.89555E+00 7.35761E+00
 1.23027E+01 1.11617E-01 3.43102E-01 2.90595E+00 7.44872E+00
 1.24451E+01 1.10909E-01 3.41229E-01 2.91585E+00 7.54079E+00
 1.25893E+01 1.10199E-01 3.39337E-01 2.92526E+00 7.63385E+00
 1.27350E+01 1.09485E-01 3.37426E-01 2.93416E+00 7.72789E+00
 1.28825E+01 1.08769E-01 3.35497E-01 2.94256E+00 7.82293E+00
 1.30317E+01 1.08050E-01 3.33551E-01 2.95046E+00 7.91898E+00
 1.31826E+01 1.07329E-01 3.31589E-01 2.95785E+00 8.01605E+00
 1.33352E+01 1.06605E-01 3.29611E-01 2.96474E+00 8.11414E+00
 1.34896E+01 1.05879E-01 3.27618E-01 2.97112E+00 8.21328E+00
 1.36458E+01 1.05152E-01 3.25612E-01 2.97699E+00 8.31346E+00
 1.38038E+01 1.04423E-01 3.23592E-01 2.98235E+00 8.41471E+00
 1.39637E+01 1.03693E-01 3.21560E-01 2.98721E+00 8.51702E+00
 1.41254E+01 1.02961E-01 3.19517E-01 2.99155E+00 8.62042E+00
 1.42889E+01 1.02229E-01 3.17463E-01 2.99540E+00 8.72491E+00
 1.44544E+01 1.01495E-01 3.15399E-01 2.99874E+00 8.83050E+00
 1.46218E+01 1.00761E-01 3.13326E-01 3.00157E+00 8.93721E+00
 1.47911E+01 1.00027E-01 3.11244E-01 3.00391E+00 9.04504E+00
 1.49624E+01 9.92925E-02 3.09155E-01 3.00575E+00 9.15401E+00
 1.51356E+01 9.85577E-02 3.07058E-01 3.00710E+00 9.26413E+00
 1.53109E+01 9.78230E-02 3.04954E-01 3.00795E+00 9.37540E+00
 1.54882E+01 9.70885E-02 3.02845E-01 3.00831E+00 9.48785E+00
 1.56675E+01 9.63544E-02 3.00731E-01 3.00819E+00 9.60148E+00
 1.58489E+01 9.56208E-02 2.98612E-01 3.00759E+00 9.71631E+00
 1.60325E+01 9.48879E-02 2.96489E-01 3.00651E+00 9.83234E+00
 1.62181E+01 9.41557E-02 2.94362E-01 3.00496E+00 9.94959E+00
 1.64059E+01 9.34246E-02 2.92233E-01 3.00294E+00 1.00681E+01
 1.65959E+01 9.26944E-02 2.90101E-01 3.00046E+00 1.01878E+01
 1.67880E+01 9.19655E-02 2.87968E-01 2.99752E+00 1.03088E+01
 1.69824E+01 9.12380E-02 2.85833E-01 2.99413E+00 1.04310E+01
 1.71791E+01 9.05118E-02 2.83698E-01 2.99029E+00 1.05546E+01
 1.73780E+01 8.97873E-02 2.81562E-01 2.98601E+00 1.06794E+01
 1.75792E+01 8.90644E-02 2.79427E-01 2.98130E+00 1.08055E+01
 1.77828E+01 8.83433E-02 2.77293E-01 2.97616E+00 1.09330E+01
 1.79887E+01 8.76242E-02 2.75160E-01 2.97060E+00 1.10617E+01
 1.81970E+01 8.69071E-02 2.73028E-01 2.96463E+00 1.11919E+01
 1.84077E+01 8.61920E-02 2.70899E-01 2.95825E+00 1.13233E+01
 1.86209E+01 8.54792E-02 2.68772E-01 2.95146E+00 1.14562E+01
 1.88365E+01 8.47687E-02 2.66648E-01 2.94429E+00 1.15904E+01
 1.90546E+01 8.40606E-02 2.64528E-01 2.93673E+00 1.17261E+01
 1.92752E+01 8.33550E-02 2.62412E-01 2.92879E+00 1.18631E+01
 1.94984E+01 8.26519E-02 2.60299E-01 2.92048E+00 1.20016E+01
 1.97242E+01 8.19515E-02 2.58191E-01 2.91180E+00 1.21415E+01
 1.99526E+01 8.12539E-02 2.56088E-01 2.90277E+00 1.22829E+01
 2.01837E+01 8.05590E-02 2.53990E-01 2.89339E+00 1.24257E+01
 2.04174E+01 7.98671E-02 2.51898E-01 2.88367E+00 1.25701E+01
 2.06538E+01 7.91781E-02 2.49812E-01 2.87362E+00 1.27159E+01
 2.08930E+01 7.84921E-02 2.47732E-01 2.86325E+00 1.28632E+01
 2.11349E+01 7.78092E-02 2.45658E-01 2.85256E+00 1.30121E+01
 2.13796E+01 7.71295E-02 2.43591E-01 2.84156E+00 1.31625E+01
 2.16272E+01 7.64529E-02 2.41531E-01 2.83027E+00 1.33144E+01
 2.18776E+01 7.57797E-02 2.39479E-01 2.81868E+00 1.34680E+01
 2.21309E+01 7.51098E-02 2.37434E-01 2.80681E+00 1.36231E+01
 2.23872E+01 7.44432E-02 2.35397E-01 2.79466E+00 1.37798E+01
 2.26464E+01 7.37801E-02 2.33368E-01 2.78225E+00 1.39381E+01
 2.29087E+01 7.31205E-02 2.31348E-01 2.76957E+00 1.40981E+01
 2.31739E+01 7.24644E-02 2.29336E-01 2.75665E+00 1.42597E+01
 2.34423E+01 7.18118E-02 2.27332E-01 2.74349E+00 1.44230E+01
 2.37137E+01 7.11629E-02 2.25338E-01 2.73009E+00 1.45879E+01
 2.39883E+01 7.05176E-02 2.23353E-01 2.71646E+00 1.47546E+01
 2.42661E+01 6.98760E-02 2.21377E-01 2.70262E+00 1.49230E+01
 2.45471E+01 6.92381E-02 2.19411E-01 2.68856E+00 1.50931E+01
 2.48313E+01 6.86040E-02 2.17455E-01 2.67431E+00 1.52649E+01
 2.51189E+01 6.79737E-02 2.15508E-01 2.65985E+00 1.54385E+01
 2.54097E+01 6.73472E-02 2.13572E-01 2.64522E+00 1.56139E+01
 2.57040E+01 6.67245E-02 2.11645E-01 2.63040E+00 1.57911E+01
 2.60016E+01 6.61058E-02 2.09729E-01 2.61541E+00 1.59701E+01
 2.63027E+01 6.54909E-02 2.07824E-01 2.60026E+00 1.61509E+01
 2.66073E+01 6.48799E-02 2.05929E-01 2.58495E+00 1.63336E+01
 2.69153E+01 6.42729E-02 2.04045E-01 2.56949E+00 1.65181E+01
 2.72270E+01 6.36699E-02 2.02172E-01 2.55389E+00 1.67046E+01
 2.75423E+01 6.30708E-02 2.00309E-01 2.53815E+00 1.68929E+01
 2.78612E+01 6.24757E-02 1.98458E-01 2.52229E+00 1.70832E+01
 2.81838E+01 6.18847E-02 1.96618E-01 2.50631E+00 1.72753E+01
 2.85102E+01 6.12976E-02 1.94789E-01 2.49021E+00 1.74695E+01
 2.88403E+01 6.07147E-02 1.92972E-01 2.47400E+00 1.76656E+01
 2.91743E+01 6.01357E-02 1.91166E-01 2.45770E+00 1.78637E+01
 2.95121E+01 5.95609E-02 1.89372E-01 2.44130E+00 1.80638E+01
 2.98538E+01 5.89901E-02 1.87589E-01 2.42482E+00 1.82660E+01
 3.01995E+01 5.84234E-02 1.85817E-01 2.40825E+00 1.84702E+01
 3.05492E+01 5.78607E-02 1.84058E-01 2.39161E+00 1.86764E+01
 3.09030E+01 5.73022E-02 1.82310E-01 2.37490E+00 1.88848E+01
 3.12608E+01 5.67478E-02 1.80574E-01 2.35812E+00 1.90952E+01
 3.16228E+01 5.61974E-02 1.78850E-01 2.34129E+00 1.93078E+01
 3.19890E+01 5.56512E-02 1.77138E-01 2.32441E+00 1.95226E+01
 3.23594E+01 5.51090E-02 1.75438E-01 2.30748E+00 1.97395E+01
 3.27341E+01 5.45710E-02 1.73750E-01 2.29051E+00 1.99586E+01
 3.31131E+01 5.40371E-02 1.72074E-01 2.27351E+00 2.01799E+01
 3.34965E+01 5.35072E-02 1.70410E-01 2.25648E+00 2.04034E+01
 3.38844E+01 5.29815E-02 1.68758E-01 2.23942E+00 2.06291E+01
 3.42768E+01 5.24598E-02 1.67118E-01 2.22234E+00 2.08572E+01
 3.46737E+01 5.19422E-02 1.65490E-01 2.20525E+00 2.10875E+01
 3.50752E+01 5.14287E-02 1.63875E-01 2.18814E+00 2.13201E+01
 3.54813E+01 5.09193E-02 1.62271E-01 2.17104E+00 2.15551E+01
 3.58922E+01 5.04140E-02 1.60680E-01 2.15393E+00 2.17919E+01
 3.63078E+01 4.99127E-02 1.59100E-01 2.13682E+00 2.20299E+01
 3.67282E+01 4.94154E-02 1.57533E-01 2.11972E+00 2.22693E+01
 3.71535E+01 4.89222E-02 1.55978E-01 2.10264E+00 2.25098E+01
 3.75837E+01 4.84330E-02 1.54435E-01 2.08557E+00 2.27516E+01
 3.80189E+01 4.79479E-02 1.52904E-01 2.06852E+00 2.29946E+01
 3.84592E+01 4.74667E-02 1.51386E-01 2.05149E+00 2.32387E+01
 3.89045E+01 4.69896E-02 1.49879E-01 2.03449E+00 2.34839E+01
 3.93550E+01 4.65164E-02 1.48385E-01 2.01752E+00 2.37302E+01
 3.98107E+01 4.60472E-02 1.46902E-01 2.00058E+00 2.39776E+01
 4.02717E+01 4.55820E-02 1.45432E-01 1.98369E+00 2.42259E+01
 4.07380E+01 4.51207E-02 1.43973E-01 1.96683E+00 2.44752E+01
 4.12098E+01 4.46633E-02 1.42527E-01 1.95002E+00 2.47255E+01
 4.16869E+01 4.42099E-02 1.41092E-01 1.93325E+00 2.49765E+01
 4.21697E+01 4.37603E-02 1.39669E-01 1.91653E+00 2.52285E+01
 4.26580E+01 4.33146E-02 1.38259E-01 1.89987E+00 2.54812E+01
 4.31519E+01 4.28728E-02 1.36860E-01 1.88326E+00 2.57346E+01
 4.36516E+01 4.24349E-02 1.35473E-01 1.86671E+00 2.59887E+01
 4.41570E+01 4.20007E-02 1.34097E-01 1.85022E+00 2.62435E+01
 4.46684E+01 4.15704E-02 1.32733E-01 1.83379E+00 2.64988E+01
 4.51856E+01 4.11439E-02 1.31382E-01 1.81743E+00 2.67547E+01
 4.57088E+01 4.07211E-02 1.30041E-01 1.80114E+00 2.70110E+01
 4.62381E+01 4.03022E-02 1.28712E-01 1.78492E+00 2.72678E+01
 4.67735E+01 3.98869E-02 1.27395E-01 1.76876E+00 2.75249E+01
 4.73151E+01 3.94754E-02 1.26089E-01 1.75268E+00 2.77823E+01
 4.78630E+01 3.90675E-02 1.24795E-01 1.73668E+00 2.80399E+01
 4.84172E+01 3.86634E-02 1.23512E-01 1.72076E+00 2.82977E+01
 4.89779E+01 3.82629E-02 1.22241E-01 1.70491E+00 2.85556E+01
 4.95450E+01 3.78661E-02 1.20981E-01 1.68915E+00 2.88135E+01
 5.01187E+01 3.74728E-02 1.19732E-01 1.67346E+00 2.90714E+01
 5.06991E+01 3.70832E-02 1.18494E-01 1.65787E+00 2.93291E+01
 5.12861E+01 3.66971E-02 1.17267E-01 1.64235E+00 2.95867E+01
 5.18800E+01 3.63146E-02 1.16051E-01 1.62693E+00 2.98441E+01
 5.24807E+01 3.59357E-02 1.14847E-01 1.61159E+00 3.01011E+01
 5.30884E+01 3.55602E-02 1.13653E-01 1.59634E+00 3.03576E+01
 5.37032E+01 3.51882E-02 1.12470E-01 1.58119E+00 3.06137E+01
 5.43250E+01 3.48198E-02 1.11298E-01 1.56612E+00 3.08693E+01
 5.49541E+01 3.44547E-02 1.10137E-01 1.55115E+00 3.11242E+01
 5.55904E+01 3.40931E-02 1.08986E-01 1.53627E+00 3.13783E+01
 5.62341E+01 3.37349E-02 1.07847E-01 1.52149E+00 3.16316E+01
 5.68853E+01 3.33800E-02 1.06717E-01 1.50680E+00 3.18840E+01
 5.75440E+01 3.30285E-02 1.05598E-01 1.49221E+00 3.21355E+01
 5.82103E+01 3.26804E-02 1.04490E-01 1.47771E+00 3.23858E+01
 5.88844E+01 3.23355E-02 1.03392E-01 1.46332E+00 3.26350E+01
 5.95662E+01 3.19940E-02 1.02304E-01 1.44902E+00 3.28829E+01
 6.02560E+01 3.16557E-02 1.01227E-01 1.43482E+00 3.31294E+01
 6.09537E+01 3.13207E-02 1.00160E-01 1.42072E+00 3.33745E+01
 6.16595E+01 3.09888E-02 9.91028E-02 1.40672E+00 3.36181E+01
 6.23735E+01 3.06602E-02 9.80557E-02 1.39282E+00 3.38600E+01
 6.30957E+01 3.03348E-02 9.70186E-02 1.37902E+00 3.41001E+01
 6.38263E+01 3.00124E-02 9.59914E-02 1.36532E+00 3.43384E+01
 6.45654E+01 2.96933E-02 9.49741E-02 1.35173E+00 3.45748E+01
 6.53131E+01 2.93772E-02 9.39666E-02 1.33824E+00 3.48092E+01
 6.60693E+01 2.90642E-02 9.29687E-02 1.32485E+00 3.50414E+01
 6.68344E+01 2.87543E-02 9.19805E-02 1.31156E+00 3.52714E+01
 6.76083E+01 2.84474E-02 9.10019E-02 1.29837E+00 3.54990E+01
 6.83912E+01 2.81435E-02 9.00327E-02 1.28529E+00 3.57242E+01
 6.91831E+01 2.78426E-02 8.90730E-02 1.27231E+00 3.59469E+01
 6.99842E+01 2.75446E-02 8.81226E-02 1.25943E+00 3.61669E+01
 7.07946E+01 2.72497E-02 8.71815E-02 1.24666E+00 3.63841E+01
 7.16143E+01 2.69576E-02 8.62497E-02 1.23398E+00 3.65985E+01
 7.24436E+01 2.66684E-02 8.53270E-02 1.22141E+00 3.68100E+01
 7.32825E+01 2.63821E-02 8.44133E-02 1.20895E+00 3.70184E+01
 7.41310E+01 2.60986E-02 8.35087E-02 1.19659E+00 3.72237E+01
 7.49894E+01 2.58180E-02 8.26130E-02 1.18432E+00 3.74257E+01
 7.58578E+01 2.55402E-02 8.17262E-02 1.17217E+00 3.76243E+01
 7.67361E+01 2.52651E-02 8.08482E-02 1.16011E+00 3.78195E+01
 7.76247E+01 2.49928E-02 7.99789E-02 1.14816E+00 3.80111E+01
 7.85236E+01 2.47233E-02 7.91183E-02 1.13630E+00 3.81991E+01
 7.94328E+01 2.44564E-02 7.82663E-02 1.12455E+00 3.83833E+01
 8.03526E+01 2.41923E-02 7.74228E-02 1.11291E+00 3.85636E+01
 8.12831E+01 2.39308E-02 7.65877E-02 1.10136E+00 3.87400E+01
 8.22243E+01 2.36719E-02 7.57611E-02 1.08991E+00 3.89124E+01
 8.31764E+01 2.34157E-02 7.49427E-02 1.07856E+00 3.90806E+01
 8.41395E+01 2.31621E-02 7.41326E-02 1.06732E+00 3.92446E+01
 8.51138E+01 2.29110E-02 7.33307E-02 1.05617E+00 3.94043E+01
 8.60994E+01 2.26625E-02 7.25368E-02 1.04512E+00 3.95596E+01
 8.70964E+01 2.24166E-02 7.17510E-02 1.03418E+00 3.97104E+01
 8.81049E+01 2.21731E-02 7.09732E-02 1.02333E+00 3.98566E+01
 8.91251E+01 2.19322E-02 7.02033E-02 1.01258E+00 3.99981E+01
 9.01571E+01 2.16937E-02 6.94413E-02 1.00192E+00 4.01350E+01
 9.12011E+01 2.14576E-02 6.86870E-02 9.91366E-01 4.02670E+01
 9.22571E+01 2.12240E-02 6.79404E-02 9.80907E-01 4.03941E+01
 9.33254E+01 2.09928E-02 6.72014E-02 9.70544E-01 4.05162E+01
 9.44061E+01 2.07640E-02 6.64700E-02 9.60277E-01 4.06333E+01
 9.54993E+01 2.05375E-02 6.57461E-02 9.50106E-01 4.07453E+01
 9.66051E+01 2.03133E-02 6.50297E-02 9.40029E-01 4.08522E+01
 9.77237E+01 2.00915E-02 6.43206E-02 9.30047E-01 4.09538E+01
 9.88553E+01 1.98720E-02 6.36188E-02 9.20159E-01 4.10501E+01
 1.00000E+02 1.96547E-02 6.29243E-02 9.10365E-01 4.11412E+01
