 1.00000E-02 3.40006E-02 5.48305E-02 8.49036E-02 8.94312E-02
 2.00000E-02 3.41305E-02 5.50023E-02 8.51924E-02 8.96332E-02
 3.00000E-02 3.43467E-02 5.52888E-02 8.55373E-02 8.99699E-02
 4.00000E-02 3.46502E-02 5.56974E-02 8.60004E-02 9.04552E-02
 5.00000E-02 3.50411E-02 5.62131E-02 8.66121E-02 9.10682E-02
 6.00000E-02 3.55154E-02 5.68397E-02 8.73441E-02 9.18106E-02
 7.00000E-02 3.60734E-02 5.75777E-02 8.82180E-02 9.26842E-02
 8.00000E-02 3.67145E-02 5.84265E-02 8.92174E-02 9.36970E-02
 9.00000E-02 3.74401E-02 5.93857E-02 9.03515E-02 9.48389E-02
 1.00000E-01 3.82464E-02 6.04548E-02 9.16142E-02 9.61131E-02
 1.10000E-01 3.91334E-02 6.16306E-02 9.30049E-02 9.75176E-02
 1.20000E-01 4.00996E-02 6.29119E-02 9.45244E-02 9.90520E-02
 1.30000E-01 4.11437E-02 6.42969E-02 9.61700E-02 1.00713E-01
 1.40000E-01 4.22637E-02 6.57847E-02 9.79394E-02 1.02501E-01
 1.50000E-01 4.34583E-02 6.73725E-02 9.98308E-02 1.04414E-01
 1.60000E-01 4.47260E-02 6.90576E-02 1.01842E-01 1.06448E-01
 1.70000E-01 4.60646E-02 7.08389E-02 1.03971E-01 1.08602E-01
 1.80000E-01 4.74724E-02 7.27129E-02 1.06216E-01 1.10874E-01
 1.90000E-01 4.89474E-02 7.46778E-02 1.08572E-01 1.13260E-01
 2.00000E-01 5.04871E-02 7.67302E-02 1.11039E-01 1.15758E-01
 2.10000E-01 5.20904E-02 7.88685E-02 1.13611E-01 1.18364E-01
 2.20000E-01 5.37544E-02 8.10892E-02 1.16287E-01 1.21077E-01
 2.30000E-01 5.54774E-02 8.33895E-02 1.19063E-01 1.23892E-01
 2.40000E-01 5.72571E-02 8.57668E-02 1.21935E-01 1.26805E-01
 2.50000E-01 5.90916E-02 8.82181E-02 1.24901E-01 1.29814E-01
 2.60000E-01 6.09783E-02 9.07406E-02 1.27957E-01 1.32915E-01
 2.70000E-01 6.29158E-02 9.33315E-02 1.31098E-01 1.36104E-01
 2.80000E-01 6.49014E-02 9.59879E-02 1.34321E-01 1.39377E-01
 2.90000E-01 6.69332E-02 9.87069E-02 1.37624E-01 1.42731E-01
 3.00000E-01 6.90091E-02 1.01486E-01 1.41002E-01 1.46163E-01
 3.10000E-01 7.11270E-02 1.04321E-01 1.44451E-01 1.49667E-01
 3.20000E-01 7.32848E-02 1.07211E-01 1.47968E-01 1.53240E-01
 3.30000E-01 7.54807E-02 1.10153E-01 1.51549E-01 1.56880E-01
 3.40000E-01 7.77126E-02 1.13143E-01 1.55191E-01 1.60581E-01
 3.50000E-01 7.99786E-02 1.16179E-01 1.58890E-01 1.64341E-01
 3.60000E-01 8.22767E-02 1.19258E-01 1.62643E-01 1.68156E-01
 3.70000E-01 8.46051E-02 1.22379E-01 1.66446E-01 1.72022E-01
 3.80000E-01 8.69622E-02 1.25539E-01 1.70296E-01 1.75936E-01
 3.90000E-01 8.93457E-02 1.28734E-01 1.74190E-01 1.79895E-01
 4.00000E-01 9.17545E-02 1.31963E-01 1.78125E-01 1.83895E-01
 4.10000E-01 9.41864E-02 1.35224E-01 1.82097E-01 1.87934E-01
 4.20000E-01 9.66400E-02 1.38514E-01 1.86105E-01 1.92007E-01
 4.30000E-01 9.91137E-02 1.41831E-01 1.90144E-01 1.96113E-01
 4.40000E-01 1.01606E-01 1.45174E-01 1.94212E-01 2.00248E-01
 4.50000E-01 1.04115E-01 1.48539E-01 1.98307E-01 2.04410E-01
 4.60000E-01 1.06640E-01 1.51926E-01 2.02426E-01 2.08596E-01
 4.70000E-01 1.09179E-01 1.55332E-01 2.06566E-01 2.12803E-01
 4.80000E-01 1.11730E-01 1.58755E-01 2.10726E-01 2.17029E-01
 4.90000E-01 1.14294E-01 1.62195E-01 2.14902E-01 2.21271E-01
 5.00000E-01 1.16867E-01 1.65648E-01 2.19093E-01 2.25528E-01
 5.10000E-01 1.19449E-01 1.69114E-01 2.23296E-01 2.29797E-01
 5.20000E-01 1.22039E-01 1.72591E-01 2.27510E-01 2.34076E-01
 5.30000E-01 1.24635E-01 1.76077E-01 2.31733E-01 2.38363E-01
 5.40000E-01 1.27237E-01 1.79571E-01 2.35962E-01 2.42656E-01
 5.50000E-01 1.29843E-01 1.83072E-01 2.40197E-01 2.46954E-01
 5.60000E-01 1.32453E-01 1.86578E-01 2.44435E-01 2.51253E-01
 5.70000E-01 1.35064E-01 1.90088E-01 2.48674E-01 2.55555E-01
 5.80000E-01 1.37678E-01 1.93601E-01 2.52914E-01 2.59855E-01
 5.90000E-01 1.40291E-01 1.97115E-01 2.57153E-01 2.64153E-01
 6.00000E-01 1.42904E-01 2.00630E-01 2.61389E-01 2.68448E-01
 6.10000E-01 1.45516E-01 2.04144E-01 2.65621E-01 2.72737E-01
 6.20000E-01 1.48126E-01 2.07657E-01 2.69849E-01 2.77021E-01
 6.30000E-01 1.50732E-01 2.11167E-01 2.74070E-01 2.81297E-01
 6.40000E-01 1.53335E-01 2.14673E-01 2.78283E-01 2.85564E-01
 6.50000E-01 1.55934E-01 2.18175E-01 2.82488E-01 2.89822E-01
 6.60000E-01 1.58527E-01 2.21671E-01 2.86684E-01 2.94069E-01
 6.70000E-01 1.61115E-01 2.25162E-01 2.90869E-01 2.98305E-01
 6.80000E-01 1.63696E-01 2.28645E-01 2.95043E-01 3.02528E-01
 6.90000E-01 1.66270E-01 2.32121E-01 2.99204E-01 3.06737E-01
 7.00000E-01 1.68837E-01 2.35588E-01 3.03353E-01 3.10932E-01
 7.10000E-01 1.71395E-01 2.39046E-01 3.07488E-01 3.15112E-01
 7.20000E-01 1.73945E-01 2.42494E-01 3.11609E-01 3.19276E-01
 7.30000E-01 1.76485E-01 2.45932E-01 3.15714E-01 3.23424E-01
 7.40000E-01 1.79016E-01 2.49359E-01 3.19803E-01 3.27554E-01
 7.50000E-01 1.81536E-01 2.52774E-01 3.23877E-01 3.31667E-01
 7.60000E-01 1.84046E-01 2.56177E-01 3.27933E-01 3.35761E-01
 7.70000E-01 1.86544E-01 2.59568E-01 3.31972E-01 3.39837E-01
 7.80000E-01 1.89032E-01 2.62945E-01 3.35993E-01 3.43893E-01
 7.90000E-01 1.91507E-01 2.66308E-01 3.39995E-01 3.47929E-01
 8.00000E-01 1.93970E-01 2.69658E-01 3.43979E-01 3.51946E-01
 8.10000E-01 1.96421E-01 2.72993E-01 3.47944E-01 3.55941E-01
 8.20000E-01 1.98859E-01 2.76313E-01 3.51889E-01 3.59916E-01
 8.30000E-01 2.01283E-01 2.79618E-01 3.55814E-01 3.63869E-01
 8.40000E-01 2.03694E-01 2.82907E-01 3.59719E-01 3.68223E-01
 8.50000E-01 2.06092E-01 2.86180E-01 3.63603E-01 3.74184E-01
 8.60000E-01 2.08475E-01 2.89437E-01 3.68925E-01 3.80104E-01
 8.70000E-01 2.10844E-01 2.92677E-01 3.74631E-01 3.85983E-01
 8.80000E-01 2.13199E-01 2.95900E-01 3.80296E-01 3.91819E-01
 8.90000E-01 2.15539E-01 2.99106E-01 3.85919E-01 3.97613E-01
 9.00000E-01 2.17864E-01 3.02295E-01 3.91500E-01 4.03363E-01
 9.10000E-01 2.20174E-01 3.05465E-01 3.97038E-01 4.09069E-01
 9.20000E-01 2.22469E-01 3.08618E-01 4.02532E-01 4.14729E-01
 9.30000E-01 2.24748E-01 3.11753E-01 4.07982E-01 4.20344E-01
 9.40000E-01 2.27012E-01 3.14870E-01 4.13387E-01 4.25913E-01
 9.50000E-01 2.29261E-01 3.17968E-01 4.18746E-01 4.31435E-01
 9.60000E-01 2.31493E-01 3.21047E-01 4.24060E-01 4.36910E-01
 9.70000E-01 2.33710E-01 3.24107E-01 4.29328E-01 4.42337E-01
 9.80000E-01 2.35910E-01 3.27149E-01 4.34549E-01 4.47716E-01
 9.90000E-01 2.38095E-01 3.30371E-01 4.39723E-01 4.53047E-01
 1.00000E+00 2.40263E-01 3.34223E-01 4.44851E-01 4.58330E-01
 1.01158E+00 2.42754E-01 3.38639E-01 4.50729E-01 4.64387E-01
 1.02329E+00 2.45251E-01 3.43059E-01 4.56611E-01 4.70447E-01
 1.03514E+00 2.47754E-01 3.47479E-01 4.62494E-01 4.76508E-01
 1.04713E+00 2.50263E-01 3.51899E-01 4.68378E-01 4.82570E-01
 1.05925E+00 2.52776E-01 3.56319E-01 4.74260E-01 4.88631E-01
 1.07152E+00 2.55294E-01 3.60736E-01 4.80139E-01 4.94688E-01
 1.08393E+00 2.57817E-01 3.65149E-01 4.86013E-01 5.00740E-01
 1.09648E+00 2.60342E-01 3.69557E-01 4.91881E-01 5.06785E-01
 1.10917E+00 2.62870E-01 3.73959E-01 4.97740E-01 5.12822E-01
 1.12202E+00 2.65730E-01 3.78354E-01 5.03590E-01 5.18849E-01
 1.13501E+00 2.68811E-01 3.82741E-01 5.09428E-01 5.24864E-01
 1.14815E+00 2.71885E-01 3.87118E-01 5.15254E-01 5.30866E-01
 1.16145E+00 2.74951E-01 3.91484E-01 5.21065E-01 5.36853E-01
 1.17490E+00 2.78009E-01 3.95837E-01 5.26860E-01 5.42824E-01
 1.18850E+00 2.81058E-01 4.00178E-01 5.32637E-01 5.48776E-01
 1.20226E+00 2.84096E-01 4.04504E-01 5.38395E-01 5.54709E-01
 1.21619E+00 2.87124E-01 4.08815E-01 5.44133E-01 5.60621E-01
 1.23027E+00 2.90140E-01 4.13110E-01 5.49849E-01 5.66510E-01
 1.24451E+00 2.93144E-01 4.17386E-01 5.55541E-01 5.72375E-01
 1.25893E+00 2.96134E-01 4.21645E-01 5.61209E-01 5.78214E-01
 1.27350E+00 2.99111E-01 4.25883E-01 5.66850E-01 5.84026E-01
 1.28825E+00 3.02073E-01 4.30101E-01 5.72464E-01 5.89810E-01
 1.30317E+00 3.05020E-01 4.34297E-01 5.78049E-01 5.95564E-01
 1.31826E+00 3.07951E-01 4.38470E-01 5.83603E-01 6.01287E-01
 1.33352E+00 3.10866E-01 4.42620E-01 5.89127E-01 6.06978E-01
 1.34896E+00 3.13763E-01 4.46745E-01 5.94617E-01 6.12635E-01
 1.36458E+00 3.16643E-01 4.50845E-01 6.00074E-01 6.18257E-01
 1.38038E+00 3.19503E-01 4.54918E-01 6.05496E-01 6.23843E-01
 1.39637E+00 3.22345E-01 4.58964E-01 6.10881E-01 6.29392E-01
 1.41254E+00 3.25168E-01 4.62983E-01 6.16230E-01 6.34902E-01
 1.42889E+00 3.27970E-01 4.66972E-01 6.21540E-01 6.40373E-01
 1.44544E+00 3.30751E-01 4.70932E-01 6.26811E-01 6.45804E-01
 1.46218E+00 3.33511E-01 4.74862E-01 6.32042E-01 6.51193E-01
 1.47911E+00 3.36249E-01 4.78761E-01 6.37231E-01 6.56540E-01
 1.49624E+00 3.38966E-01 4.82629E-01 6.42379E-01 6.61844E-01
 1.51356E+00 3.41659E-01 4.86464E-01 6.47484E-01 6.67103E-01
 1.53109E+00 3.44330E-01 4.90266E-01 6.52545E-01 6.72317E-01
 1.54882E+00 3.46977E-01 4.94035E-01 6.57561E-01 6.77486E-01
 1.56675E+00 3.49600E-01 4.97770E-01 6.62532E-01 6.82608E-01
 1.58489E+00 3.52199E-01 5.01471E-01 6.67457E-01 6.87682E-01
 1.60325E+00 3.54773E-01 5.05136E-01 6.72336E-01 6.92709E-01
 1.62181E+00 3.57323E-01 5.08766E-01 6.77167E-01 6.97686E-01
 1.64059E+00 3.59847E-01 5.12360E-01 6.81951E-01 7.02615E-01
 1.65959E+00 3.62345E-01 5.15917E-01 6.86686E-01 7.07493E-01
 1.67880E+00 3.64818E-01 5.19438E-01 6.91372E-01 7.12322E-01
 1.69824E+00 3.67265E-01 5.22922E-01 6.96009E-01 7.17099E-01
 1.71791E+00 3.69685E-01 5.26369E-01 7.00597E-01 7.21825E-01
 1.73780E+00 3.72079E-01 5.29777E-01 7.05133E-01 7.26500E-01
 1.75792E+00 3.74447E-01 5.33148E-01 7.09620E-01 7.31122E-01
 1.77828E+00 3.76787E-01 5.36480E-01 7.14055E-01 7.35692E-01
 1.79887E+00 3.79101E-01 5.39774E-01 7.18440E-01 7.40209E-01
 1.81970E+00 3.81387E-01 5.43030E-01 7.22772E-01 7.44673E-01
 1.84077E+00 3.83646E-01 5.46246E-01 7.27053E-01 7.49084E-01
 1.86209E+00 3.85878E-01 5.49423E-01 7.31283E-01 7.53441E-01
 1.88365E+00 3.88082E-01 5.52562E-01 7.35460E-01 7.57745E-01
 1.90546E+00 3.90259E-01 5.55661E-01 7.39585E-01 7.61995E-01
 1.92752E+00 3.92408E-01 5.58721E-01 7.43658E-01 7.66191E-01
 1.94984E+00 3.94529E-01 5.61742E-01 7.47678E-01 7.70333E-01
 1.97242E+00 3.96623E-01 5.64723E-01 7.51646E-01 7.74422E-01
 1.99526E+00 3.98689E-01 5.67665E-01 7.55562E-01 7.78456E-01
 2.01837E+00 4.00728E-01 5.70567E-01 7.59425E-01 7.82436E-01
 2.04174E+00 4.02739E-01 5.73431E-01 7.63236E-01 7.86363E-01
 2.06538E+00 4.04722E-01 5.76255E-01 7.66995E-01 7.90236E-01
 2.08930E+00 4.06678E-01 5.79039E-01 7.70701E-01 7.94055E-01
 2.11349E+00 4.08606E-01 5.81785E-01 7.74356E-01 7.97820E-01
 2.13796E+00 4.10507E-01 5.84492E-01 7.77959E-01 8.01532E-01
 2.16272E+00 4.12381E-01 5.87160E-01 7.81510E-01 8.05190E-01
 2.18776E+00 4.14228E-01 5.89789E-01 7.85009E-01 8.08796E-01
 2.21309E+00 4.16047E-01 5.92380E-01 7.88457E-01 8.12349E-01
 2.23872E+00 4.17840E-01 5.94932E-01 7.91855E-01 8.15849E-01
 2.26464E+00 4.19606E-01 5.97446E-01 7.95201E-01 8.19296E-01
 2.29087E+00 4.21345E-01 5.99922E-01 7.98497E-01 8.22692E-01
 2.31739E+00 4.23057E-01 6.02361E-01 8.01742E-01 8.26036E-01
 2.34423E+00 4.24743E-01 6.04762E-01 8.04938E-01 8.29328E-01
 2.37137E+00 4.26404E-01 6.07125E-01 8.08084E-01 8.32570E-01
 2.39883E+00 4.28038E-01 6.09452E-01 8.11181E-01 8.35760E-01
 2.42661E+00 4.29646E-01 6.11742E-01 8.14228E-01 8.38900E-01
 2.45471E+00 4.31229E-01 6.13995E-01 8.17228E-01 8.41991E-01
 2.48313E+00 4.32786E-01 6.16213E-01 8.20179E-01 8.45031E-01
 2.51189E+00 4.34318E-01 6.18394E-01 8.23082E-01 8.48023E-01
 2.54097E+00 4.35825E-01 6.20540E-01 8.25939E-01 8.50965E-01
 2.57040E+00 4.37307E-01 6.22650E-01 8.28748E-01 8.53860E-01
 2.60016E+00 4.38765E-01 6.24726E-01 8.31510E-01 8.56706E-01
 2.63027E+00 4.40199E-01 6.26767E-01 8.34227E-01 8.59505E-01
 2.66073E+00 4.41608E-01 6.28774E-01 8.36898E-01 8.62257E-01
 2.69153E+00 4.42994E-01 6.30747E-01 8.39524E-01 8.64963E-01
 2.72270E+00 4.44356E-01 6.32686E-01 8.42106E-01 8.67622E-01
 2.75423E+00 4.45695E-01 6.34593E-01 8.44643E-01 8.70236E-01
 2.78612E+00 4.47010E-01 6.36466E-01 8.47136E-01 8.72805E-01
 2.81838E+00 4.48303E-01 6.38307E-01 8.49586E-01 8.75330E-01
 2.85102E+00 4.49574E-01 6.40116E-01 8.51994E-01 8.77810E-01
 2.88403E+00 4.50822E-01 6.41893E-01 8.54359E-01 8.80247E-01
 2.91743E+00 4.52048E-01 6.43638E-01 8.56683E-01 8.82641E-01
 2.95121E+00 4.53252E-01 6.45353E-01 8.58965E-01 8.84993E-01
 2.98538E+00 4.54435E-01 6.47037E-01 8.61207E-01 8.87302E-01
 3.01995E+00 4.55597E-01 6.48692E-01 8.63408E-01 8.89571E-01
 3.05492E+00 4.56738E-01 6.50316E-01 8.65570E-01 8.91798E-01
 3.09030E+00 4.57858E-01 6.51911E-01 8.67693E-01 8.93985E-01
 3.12608E+00 4.58957E-01 6.53476E-01 8.69777E-01 8.96132E-01
 3.16228E+00 4.60037E-01 6.55014E-01 8.71823E-01 8.98240E-01
 3.19890E+00 4.61097E-01 6.56523E-01 8.73832E-01 9.00310E-01
 3.23594E+00 4.62137E-01 6.58004E-01 8.75803E-01 9.02341E-01
 3.27341E+00 4.63158E-01 6.59457E-01 8.77738E-01 9.04334E-01
 3.31131E+00 4.64160E-01 6.60884E-01 8.79637E-01 9.06291E-01
 3.34965E+00 4.65143E-01 6.62284E-01 8.81500E-01 9.08210E-01
 3.38844E+00 4.66108E-01 6.63658E-01 8.83328E-01 9.10094E-01
 3.42768E+00 4.67055E-01 6.65006E-01 8.85122E-01 9.11942E-01
 3.46737E+00 4.67983E-01 6.66328E-01 8.86882E-01 9.13756E-01
 3.50752E+00 4.68894E-01 6.67625E-01 8.88609E-01 9.15535E-01
 3.54813E+00 4.69788E-01 6.68898E-01 8.90303E-01 9.17280E-01
 3.58922E+00 4.70665E-01 6.70146E-01 8.91964E-01 9.18991E-01
 3.63078E+00 4.71524E-01 6.71370E-01 8.93593E-01 9.20670E-01
 3.67282E+00 4.72368E-01 6.72570E-01 8.95191E-01 9.22316E-01
 3.71535E+00 4.73195E-01 6.73748E-01 8.96758E-01 9.23931E-01
 3.75837E+00 4.74005E-01 6.74902E-01 8.98295E-01 9.25514E-01
 3.80189E+00 4.74801E-01 6.76034E-01 8.99802E-01 9.27067E-01
 3.84592E+00 4.75580E-01 6.77144E-01 9.01279E-01 9.28589E-01
 3.89045E+00 4.76344E-01 6.78233E-01 9.02728E-01 9.30081E-01
 3.93550E+00 4.77094E-01 6.79299E-01 9.04148E-01 9.31544E-01
 3.98107E+00 4.77828E-01 6.80345E-01 9.05540E-01 9.32978E-01
 4.02717E+00 4.78548E-01 6.81371E-01 9.06904E-01 9.34384E-01
 4.07380E+00 4.79254E-01 6.82375E-01 9.08242E-01 9.35762E-01
 4.12098E+00 4.79946E-01 6.83360E-01 9.09553E-01 9.37113E-01
 4.16869E+00 4.80624E-01 6.84326E-01 9.10838E-01 9.38437E-01
 4.21697E+00 4.81288E-01 6.85272E-01 9.12097E-01 9.39734E-01
 4.26580E+00 4.81939E-01 6.86199E-01 9.13331E-01 9.41006E-01
 4.31519E+00 4.82578E-01 6.87107E-01 9.14540E-01 9.42252E-01
 4.36516E+00 4.83203E-01 6.87998E-01 9.15725E-01 9.43472E-01
 4.41570E+00 4.83815E-01 6.88870E-01 9.16886E-01 9.44669E-01
 4.46684E+00 4.84416E-01 6.89725E-01 9.18024E-01 9.45841E-01
 4.51856E+00 4.85004E-01 6.90562E-01 9.19138E-01 9.46989E-01
 4.57088E+00 4.85580E-01 6.91383E-01 9.20230E-01 9.48114E-01
 4.62381E+00 4.86145E-01 6.92186E-01 9.21300E-01 9.49216E-01
 4.67735E+00 4.86697E-01 6.92974E-01 9.22348E-01 9.50296E-01
 4.73151E+00 4.87239E-01 6.93745E-01 9.23374E-01 9.51353E-01
 4.78630E+00 4.87770E-01 6.94500E-01 9.24380E-01 9.60179E-01
 4.84172E+00 4.88289E-01 6.95240E-01 9.25365E-01 9.76421E-01
 4.89779E+00 4.88798E-01 6.95965E-01 9.26329E-01 9.92874E-01
 4.95450E+00 4.89297E-01 6.96675E-01 9.27274E-01 1.00954E+00
 5.01187E+00 4.89785E-01 6.97370E-01 9.28200E-01 1.02642E+00
 5.06991E+00 4.90264E-01 6.98051E-01 9.29106E-01 1.04351E+00
 5.12861E+00 4.90732E-01 6.98718E-01 9.29993E-01 1.06081E+00
 5.18800E+00 4.91190E-01 6.99371E-01 9.30862E-01 1.07833E+00
 5.24807E+00 4.91640E-01 7.00010E-01 9.31714E-01 1.09606E+00
 5.30884E+00 4.92079E-01 7.00636E-01 9.32547E-01 1.11401E+00
 5.37032E+00 4.92510E-01 7.01249E-01 9.33363E-01 1.13217E+00
 5.43250E+00 4.92931E-01 7.01850E-01 9.34162E-01 1.15054E+00
 5.49541E+00 4.93344E-01 7.02437E-01 9.34944E-01 1.16913E+00
 5.55904E+00 4.93748E-01 7.03013E-01 9.35710E-01 1.18794E+00
 5.62341E+00 4.94144E-01 7.03576E-01 9.36460E-01 1.20696E+00
 5.68853E+00 4.94532E-01 7.04128E-01 9.37194E-01 1.22619E+00
 5.75440E+00 4.94911E-01 7.04668E-01 9.37913E-01 1.24564E+00
 5.82103E+00 4.95282E-01 7.05197E-01 9.38617E-01 1.26529E+00
 5.88844E+00 4.95646E-01 7.05714E-01 9.39305E-01 1.28517E+00
 5.95662E+00 4.96001E-01 7.06221E-01 9.39980E-01 1.30525E+00
 6.02560E+00 4.96350E-01 7.06717E-01 9.40640E-01 1.32555E+00
 6.09537E+00 4.96691E-01 7.07202E-01 9.41286E-01 1.34606E+00
 6.16595E+00 4.97024E-01 7.07677E-01 9.41918E-01 1.36677E+00
 6.23735E+00 4.97351E-01 7.08142E-01 9.42537E-01 1.38770E+00
 6.30957E+00 4.97671E-01 7.08598E-01 9.43143E-01 1.40883E+00
 6.38263E+00 4.97984E-01 7.09043E-01 9.43736E-01 1.43017E+00
 6.45654E+00 4.98290E-01 7.09479E-01 9.44317E-01 1.45171E+00
 6.53131E+00 4.98590E-01 7.09906E-01 9.44885E-01 1.47346E+00
 6.60693E+00 4.98883E-01 7.10324E-01 9.45441E-01 1.49541E+00
 6.68344E+00 4.99170E-01 7.10733E-01 9.45985E-01 1.51755E+00
 6.76083E+00 4.99451E-01 7.11133E-01 9.46517E-01 1.53990E+00
 6.83912E+00 4.99726E-01 7.11524E-01 9.47039E-01 1.56244E+00
 6.91831E+00 4.99995E-01 7.11907E-01 9.47549E-01 1.58518E+00
 6.99842E+00 5.00259E-01 7.12282E-01 9.48048E-01 1.60811E+00
 7.07946E+00 5.00516E-01 7.12649E-01 9.48536E-01 1.63123E+00
 7.16143E+00 5.00768E-01 7.13008E-01 9.49014E-01 1.65454E+00
 7.24436E+00 5.01015E-01 7.13360E-01 9.49482E-01 1.67803E+00
 7.32825E+00 5.01257E-01 7.13703E-01 9.49939E-01 1.70170E+00
 7.41310E+00 5.01493E-01 7.14040E-01 9.50387E-01 1.72555E+00
 7.49894E+00 5.01724E-01 7.14369E-01 9.50825E-01 1.74959E+00
 7.58578E+00 5.01950E-01 7.14691E-01 9.51254E-01 1.77378E+00
 7.67361E+00 5.02172E-01 7.15006E-01 9.51673E-01 1.79816E+00
 7.76247E+00 5.02388E-01 7.15314E-01 9.52083E-01 1.82269E+00
 7.85236E+00 5.02600E-01 7.15616E-01 9.52485E-01 1.84740E+00
 7.94328E+00 5.02807E-01 7.15911E-01 9.52878E-01 1.87226E+00
 8.03526E+00 5.03010E-01 7.16200E-01 9.53262E-01 1.89728E+00
 8.12831E+00 5.03208E-01 7.16482E-01 9.53638E-01 1.92244E+00
 8.22243E+00 5.03403E-01 7.16759E-01 9.54006E-01 1.94776E+00
 8.31764E+00 5.03592E-01 7.17029E-01 9.54366E-01 1.97322E+00
 8.41395E+00 5.03778E-01 7.17294E-01 9.54718E-01 1.99882E+00
 8.51138E+00 5.03960E-01 7.17552E-01 9.55062E-01 2.02456E+00
 8.60994E+00 5.04138E-01 7.17806E-01 9.55399E-01 2.05043E+00
 8.70964E+00 5.04312E-01 7.18053E-01 9.55729E-01 2.07642E+00
 8.81049E+00 5.04482E-01 7.18296E-01 9.56051E-01 2.10253E+00
 8.91251E+00 5.04648E-01 7.18533E-01 9.56367E-01 2.12876E+00
 9.01571E+00 5.04811E-01 7.18764E-01 9.56675E-01 2.15510E+00
 9.12011E+00 5.04970E-01 7.18991E-01 9.56977E-01 2.18154E+00
 9.22571E+00 5.05126E-01 7.19213E-01 9.57272E-01 2.20809E+00
 9.33254E+00 5.05279E-01 7.19430E-01 9.57561E-01 2.23473E+00
 9.44061E+00 5.05428E-01 7.19642E-01 9.57844E-01 2.26146E+00
 9.54993E+00 5.05574E-01 7.19850E-01 9.58120E-01 2.28828E+00
 9.66051E+00 5.05716E-01 7.20053E-01 9.58390E-01 2.31517E+00
 9.77237E+00 5.05856E-01 7.20252E-01 9.58655E-01 2.34213E+00
 9.88553E+00 5.05992E-01 7.20446E-01 9.58914E-01 2.36916E+00
 1.00000E+01 5.06126E-01 7.20636E-01 9.59166E-01 2.39624E+00
 1.01158E+01 5.06256E-01 7.20822E-01 9.59414E-01 2.42338E+00
 1.02329E+01 5.06384E-01 7.21004E-01 9.59656E-01 2.45057E+00
 1.03514E+01 5.06509E-01 7.21181E-01 9.59893E-01 2.47779E+00
 1.04713E+01 5.06631E-01 7.21355E-01 9.60124E-01 2.50505E+00
 1.05925E+01 5.06750E-01 7.21525E-01 9.60350E-01 2.53233E+00
 1.07152E+01 5.06867E-01 7.21692E-01 9.60572E-01 2.55963E+00
 1.08393E+01 5.06982E-01 7.21855E-01 9.60788E-01 2.58694E+00
 1.09648E+01 5.07093E-01 7.22014E-01 9.61000E-01 2.61426E+00
 1.10917E+01 5.07203E-01 7.22169E-01 9.61207E-01 2.64157E+00
 1.12202E+01 5.07310E-01 7.22322E-01 9.61410E-01 2.66887E+00
 1.13501E+01 5.07414E-01 7.22470E-01 9.61608E-01 2.69615E+00
 1.14815E+01 5.07516E-01 7.22616E-01 9.61802E-01 2.72341E+00
 1.16145E+01 5.07616E-01 7.22758E-01 9.61991E-01 2.75063E+00
 1.17490E+01 5.07714E-01 7.22898E-01 9.62177E-01 2.77781E+00
 1.18850E+01 5.07810E-01 7.23034E-01 9.62358E-01 2.80494E+00
 1.20226E+01 5.07903E-01 7.23167E-01 9.62535E-01 2.83201E+00
 1.21619E+01 5.07995E-01 7.23297E-01 9.62709E-01 2.85901E+00
 1.23027E+01 5.08084E-01 7.23425E-01 9.62878E-01 2.88593E+00
 1.24451E+01 5.08172E-01 7.23549E-01 9.63044E-01 2.91278E+00
 1.25893E+01 5.08257E-01 7.23671E-01 9.63206E-01 2.93953E+00
 1.27350E+01 5.08341E-01 7.23790E-01 9.63364E-01 2.96618E+00
 1.28825E+01 5.08423E-01 7.23906E-01 9.63519E-01 2.99272E+00
 1.30317E+01 5.08503E-01 7.24020E-01 9.63671E-01 3.01915E+00
 1.31826E+01 5.08581E-01 7.24132E-01 9.63819E-01 3.04544E+00
 1.33352E+01 5.08657E-01 7.24240E-01 9.63964E-01 3.07160E+00
 1.34896E+01 5.08732E-01 7.24347E-01 9.64106E-01 3.09761E+00
 1.36458E+01 5.08805E-01 7.24451E-01 9.64244E-01 3.12348E+00
 1.38038E+01 5.08877E-01 7.24553E-01 9.64380E-01 3.14917E+00
 1.39637E+01 5.08947E-01 7.24652E-01 9.64512E-01 3.17470E+00
 1.41254E+01 5.09015E-01 7.24750E-01 9.64642E-01 3.20004E+00
 1.42889E+01 5.09082E-01 7.24845E-01 9.64769E-01 3.22520E+00
 1.44544E+01 5.09147E-01 7.24938E-01 9.64893E-01 3.25015E+00
 1.46218E+01 5.09211E-01 7.25029E-01 9.65014E-01 3.27490E+00
 1.47911E+01 5.09274E-01 7.25118E-01 9.65132E-01 3.29943E+00
 1.49624E+01 5.09335E-01 7.25205E-01 9.65248E-01 3.32373E+00
 1.51356E+01 5.09394E-01 7.25290E-01 9.65361E-01 3.34780E+00
 1.53109E+01 5.09453E-01 7.25373E-01 9.65472E-01 3.37162E+00
 1.54882E+01 5.09510E-01 7.25455E-01 9.65580E-01 3.39518E+00
 1.56675E+01 5.09566E-01 7.25534E-01 9.65686E-01 3.41848E+00
 1.58489E+01 5.09620E-01 7.25612E-01 9.65790E-01 3.44152E+00
 1.60325E+01 5.09674E-01 7.25688E-01 9.65891E-01 3.46426E+00
 1.62181E+01 5.09726E-01 7.25762E-01 9.65990E-01 3.48672E+00
 1.64059E+01 5.09777E-01 7.25835E-01 9.66086E-01 3.50887E+00
 1.65959E+01 5.09827E-01 7.25906E-01 9.66181E-01 3.53073E+00
 1.67880E+01 5.09876E-01 7.25976E-01 9.66273E-01 3.55225E+00
 1.69824E+01 5.09924E-01 7.26043E-01 9.66364E-01 3.57346E+00
 1.71791E+01 5.09970E-01 7.26110E-01 9.66452E-01 3.59433E+00
 1.73780E+01 5.10016E-01 7.26175E-01 9.66539E-01 3.61485E+00
 1.75792E+01 5.10060E-01 7.26238E-01 9.66623E-01 3.63502E+00
 1.77828E+01 5.10104E-01 7.26300E-01 9.66706E-01 3.65482E+00
 1.79887E+01 5.10147E-01 7.26361E-01 9.66787E-01 3.67427E+00
 1.81970E+01 5.10188E-01 7.26420E-01 9.66866E-01 3.69333E+00
 1.84077E+01 5.10229E-01 7.26478E-01 9.66943E-01 3.71201E+00
 1.86209E+01 5.10269E-01 7.26535E-01 9.67018E-01 3.73029E+00
 1.88365E+01 5.10308E-01 7.26591E-01 9.67092E-01 3.74817E+00
 1.90546E+01 5.10346E-01 7.26645E-01 9.67164E-01 3.76564E+00
 1.92752E+01 5.10383E-01 7.26698E-01 9.67235E-01 3.78269E+00
 1.94984E+01 5.10419E-01 7.26750E-01 9.67304E-01 3.79932E+00
 1.97242E+01 5.10455E-01 7.26800E-01 9.67371E-01 3.81552E+00
 1.99526E+01 5.10490E-01 7.26850E-01 9.67437E-01 3.83127E+00
 2.01837E+01 5.10524E-01 7.26898E-01 9.67501E-01 3.84659E+00
 2.04174E+01 5.10557E-01 7.26945E-01 9.67564E-01 3.86144E+00
 2.06538E+01 5.10589E-01 7.26992E-01 9.67626E-01 3.87583E+00
 2.08930E+01 5.10621E-01 7.27037E-01 9.67686E-01 3.88977E+00
 2.11349E+01 5.10652E-01 7.27081E-01 9.67745E-01 3.90322E+00
 2.13796E+01 5.10683E-01 7.27124E-01 9.67803E-01 3.91620E+00
 2.16272E+01 5.10712E-01 7.27167E-01 9.67859E-01 3.92870E+00
 2.18776E+01 5.10741E-01 7.27208E-01 9.67914E-01 3.94070E+00
 2.21309E+01 5.10770E-01 7.27248E-01 9.67967E-01 3.95220E+00
 2.23872E+01 5.10797E-01 7.27288E-01 9.68020E-01 3.96322E+00
 2.26464E+01 5.10825E-01 7.27326E-01 9.68071E-01 3.97372E+00
 2.29087E+01 5.10851E-01 7.27364E-01 9.68122E-01 3.98370E+00
 2.31739E+01 5.10877E-01 7.27401E-01 9.68171E-01 3.99319E+00
 2.34423E+01 5.10902E-01 7.27437E-01 9.68219E-01 4.00215E+00
 2.37137E+01 5.10927E-01 7.27472E-01 9.68266E-01 4.01058E+00
 2.39883E+01 5.10951E-01 7.27507E-01 9.68311E-01 4.01849E+00
 2.42661E+01 5.10975E-01 7.27540E-01 9.68356E-01 4.02587E+00
 2.45471E+01 5.10998E-01 7.27573E-01 9.68400E-01 4.03272E+00
 2.48313E+01 5.11021E-01 7.27606E-01 9.68443E-01 4.03903E+00
 2.51189E+01 5.11043E-01 7.27637E-01 9.68485E-01 4.04480E+00
 2.54097E+01 5.11064E-01 7.27668E-01 9.68526E-01 4.05004E+00
 2.57040E+01 5.11085E-01 7.27698E-01 9.68566E-01 4.05473E+00
 2.60016E+01 5.11106E-01 7.27727E-01 9.68605E-01 4.05887E+00
 2.63027E+01 5.11126E-01 7.27756E-01 9.68643E-01 4.06246E+00
 2.66073E+01 5.11146E-01 7.27784E-01 9.68681E-01 4.06552E+00
 2.69153E+01 5.11165E-01 7.27811E-01 9.68717E-01 4.06803E+00
 2.72270E+01 5.11184E-01 7.27838E-01 9.68753E-01 4.06998E+00
 2.75423E+01 5.11203E-01 7.27865E-01 9.68788E-01 4.07139E+00
 2.78612E+01 5.11221E-01 7.27890E-01 9.68822E-01 4.07224E+00
 2.81838E+01 5.11238E-01 7.27915E-01 9.68855E-01 4.07254E+00
 2.85102E+01 5.11255E-01 7.27940E-01 9.68888E-01 4.07230E+00
 2.88403E+01 5.11272E-01 7.27964E-01 9.68920E-01 4.07152E+00
 2.91743E+01 5.11289E-01 7.27987E-01 9.68951E-01 4.07019E+00
 2.95121E+01 5.11305E-01 7.28010E-01 9.68981E-01 4.06831E+00
 2.98538E+01 5.11320E-01 7.28032E-01 9.69011E-01 4.06589E+00
 3.01995E+01 5.11336E-01 7.28054E-01 9.69040E-01 4.06293E+00
 3.05492E+01 5.11351E-01 7.28076E-01 9.69069E-01 4.05942E+00
 3.09030E+01 5.11365E-01 7.28097E-01 9.69096E-01 4.05538E+00
 3.12608E+01 5.11380E-01 7.28117E-01 9.69124E-01 4.05081E+00
 3.16228E+01 5.11394E-01 7.28137E-01 9.69150E-01 4.04570E+00
 3.19890E+01 5.11408E-01 7.28156E-01 9.69176E-01 4.04007E+00
 3.23594E+01 5.11421E-01 7.28175E-01 9.69202E-01 4.03392E+00
 3.27341E+01 5.11434E-01 7.28194E-01 9.69226E-01 4.02724E+00
 3.31131E+01 5.11447E-01 7.28212E-01 9.69251E-01 4.02005E+00
 3.34965E+01 5.11459E-01 7.28230E-01 9.69274E-01 4.01235E+00
 3.38844E+01 5.11472E-01 7.28248E-01 9.69298E-01 4.00414E+00
 3.42768E+01 5.11484E-01 7.28265E-01 9.69320E-01 3.99543E+00
 3.46737E+01 5.11495E-01 7.28281E-01 9.69342E-01 3.98623E+00
 3.50752E+01 5.11507E-01 7.28297E-01 9.69364E-01 3.97653E+00
 3.54813E+01 5.11518E-01 7.28313E-01 9.69385E-01 3.96635E+00
 3.58922E+01 5.11529E-01 7.28329E-01 9.69406E-01 3.95568E+00
 3.63078E+01 5.11539E-01 7.28344E-01 9.69426E-01 3.94454E+00
 3.67282E+01 5.11550E-01 7.28359E-01 9.69446E-01 3.93294E+00
 3.71535E+01 5.11560E-01 7.28373E-01 9.69465E-01 3.92086E+00
 3.75837E+01 5.11570E-01 7.28388E-01 9.69484E-01 3.90834E+00
 3.80189E+01 5.11580E-01 7.28401E-01 9.69502E-01 3.89537E+00
 3.84592E+01 5.11589E-01 7.28415E-01 9.69520E-01 3.88196E+00
 3.89045E+01 5.11598E-01 7.28428E-01 9.69538E-01 3.86812E+00
 3.93550E+01 5.11608E-01 7.28441E-01 9.69555E-01 3.85385E+00
 3.98107E+01 5.11616E-01 7.28454E-01 9.69572E-01 3.83915E+00
 4.02717E+01 5.11625E-01 7.28466E-01 9.69589E-01 3.82405E+00
 4.07380E+01 5.11634E-01 7.28478E-01 9.69605E-01 3.80854E+00
 4.12098E+01 5.11642E-01 7.28490E-01 9.69620E-01 3.79264E+00
 4.16869E+01 5.11650E-01 7.28502E-01 9.69636E-01 3.77635E+00
 4.21697E+01 5.11658E-01 7.28513E-01 9.69651E-01 3.75967E+00
 4.26580E+01 5.11666E-01 7.28524E-01 9.69665E-01 3.74263E+00
 4.31519E+01 5.11673E-01 7.28535E-01 9.69680E-01 3.72523E+00
 4.36516E+01 5.11681E-01 7.28545E-01 9.69694E-01 3.70746E+00
 4.41570E+01 5.11688E-01 7.28556E-01 9.69708E-01 3.68935E+00
 4.46684E+01 5.11695E-01 7.28566E-01 9.69721E-01 3.67091E+00
 4.51856E+01 5.11702E-01 7.28576E-01 9.69734E-01 3.65213E+00
 4.57088E+01 5.11709E-01 7.28585E-01 9.69747E-01 3.63303E+00
 4.62381E+01 5.11715E-01 7.28595E-01 9.69759E-01 3.61362E+00
 4.67735E+01 5.11722E-01 7.28604E-01 9.69772E-01 3.59390E+00
 4.73151E+01 5.11728E-01 7.28613E-01 9.69784E-01 3.57390E+00
 4.78630E+01 5.11734E-01 7.28621E-01 9.69795E-01 3.55361E+00
 4.84172E+01 5.11740E-01 7.28630E-01 9.69807E-01 3.53303E+00
 4.89779E+01 5.11746E-01 7.28638E-01 9.69818E-01 3.51219E+00
 4.95450E+01 5.11752E-01 7.28647E-01 9.69829E-01 3.49109E+00
 5.01187E+01 5.11757E-01 7.28655E-01 9.69839E-01 3.46974E+00
 5.06991E+01 5.11763E-01 7.28662E-01 9.69850E-01 3.44815E+00
 5.12861E+01 5.11768E-01 7.28670E-01 9.69860E-01 3.42633E+00
 5.18800E+01 5.11774E-01 7.28678E-01 9.69870E-01 3.40428E+00
 5.24807E+01 5.11779E-01 7.28685E-01 9.69880E-01 3.38202E+00
 5.30884E+01 5.11784E-01 7.28692E-01 9.69889E-01 3.35955E+00
 5.37032E+01 5.11789E-01 7.28699E-01 9.69898E-01 3.33688E+00
 5.43250E+01 5.11793E-01 7.28706E-01 9.69908E-01 3.31403E+00
 5.49541E+01 5.11798E-01 7.28713E-01 9.69916E-01 3.29099E+00
 5.55904E+01 5.11803E-01 7.28719E-01 9.69925E-01 3.26778E+00
 5.62341E+01 5.11807E-01 7.28725E-01 9.69934E-01 3.24441E+00
 5.68853E+01 5.11812E-01 7.28732E-01 9.69942E-01 3.22088E+00
 5.75440E+01 5.11816E-01 7.28738E-01 9.69950E-01 3.19721E+00
 5.82103E+01 5.11820E-01 7.28744E-01 9.69958E-01 3.17339E+00
 5.88844E+01 5.11824E-01 7.28750E-01 9.69966E-01 3.14946E+00
 5.95662E+01 5.11828E-01 7.28755E-01 9.69973E-01 3.12539E+00
 6.02560E+01 5.11832E-01 7.28761E-01 9.69981E-01 3.10121E+00
 6.09537E+01 5.11836E-01 7.28766E-01 9.69988E-01 3.07693E+00
 6.16595E+01 5.11839E-01 7.28771E-01 9.69995E-01 3.05254E+00
 6.23735E+01 5.11843E-01 7.28777E-01 9.70002E-01 3.02807E+00
 6.30957E+01 5.11847E-01 7.28782E-01 9.70008E-01 3.00351E+00
 6.38263E+01 5.11850E-01 7.28787E-01 9.70015E-01 2.97887E+00
 6.45654E+01 5.11854E-01 7.28792E-01 9.70022E-01 2.95418E+00
 6.53131E+01 5.11857E-01 7.28796E-01 9.70028E-01 2.92941E+00
 6.60693E+01 5.11860E-01 7.28801E-01 9.70034E-01 2.90459E+00
 6.68344E+01 5.11863E-01 7.28805E-01 9.70040E-01 2.87973E+00
 6.76083E+01 5.11866E-01 7.28810E-01 9.70046E-01 2.85483E+00
 6.83912E+01 5.11869E-01 7.28814E-01 9.70052E-01 2.82989E+00
 6.91831E+01 5.11872E-01 7.28818E-01 9.70057E-01 2.80492E+00
 6.99842E+01 5.11875E-01 7.28822E-01 9.70063E-01 2.77993E+00
 7.07946E+01 5.11878E-01 7.28826E-01 9.70068E-01 2.75494E+00
 7.16143E+01 5.11881E-01 7.28830E-01 9.70073E-01 2.72993E+00
 7.24436E+01 5.11884E-01 7.28834E-01 9.70078E-01 2.70492E+00
 7.32825E+01 5.11886E-01 7.28838E-01 9.70083E-01 2.67991E+00
 7.41310E+01 5.11889E-01 7.28842E-01 9.70088E-01 2.65492E+00
 7.49894E+01 5.11891E-01 7.28845E-01 9.70093E-01 2.62995E+00
 7.58578E+01 5.11894E-01 7.28849E-01 9.70098E-01 2.60499E+00
 7.67361E+01 5.11896E-01 7.28852E-01 9.70102E-01 2.58006E+00
 7.76247E+01 5.11899E-01 7.28856E-01 9.70107E-01 2.55516E+00
 7.85236E+01 5.11901E-01 7.28859E-01 9.70111E-01 2.53030E+00
 7.94328E+01 5.11903E-01 7.28862E-01 9.70115E-01 2.50548E+00
 8.03526E+01 5.11905E-01 7.28865E-01 9.70120E-01 2.48072E+00
 8.12831E+01 5.11907E-01 7.28868E-01 9.70124E-01 2.45600E+00
 8.22243E+01 5.11910E-01 7.28871E-01 9.70128E-01 2.43134E+00
 8.31764E+01 5.11912E-01 7.28874E-01 9.70132E-01 2.40675E+00
 8.41395E+01 5.11914E-01 7.28877E-01 9.70135E-01 2.38221E+00
 8.51138E+01 5.11916E-01 7.28880E-01 9.70139E-01 2.35775E+00
 8.60994E+01 5.11918E-01 7.28883E-01 9.70143E-01 2.33336E+00
 8.70964E+01 5.11919E-01 7.28885E-01 9.70146E-01 2.30905E+00
 8.81049E+01 5.11921E-01 7.28888E-01 9.70150E-01 2.28483E+00
 8.91251E+01 5.11923E-01 7.28890E-01 9.70153E-01 2.26069E+00
 9.01571E+01 5.11925E-01 7.28893E-01 9.70156E-01 2.23664E+00
 9.12011E+01 5.11926E-01 7.28895E-01 9.70160E-01 2.21268E+00
 9.22571E+01 5.11928E-01 7.28898E-01 9.70163E-01 2.18882E+00
 9.33254E+01 5.11930E-01 7.28900E-01 9.70166E-01 2.16506E+00
 9.44061E+01 5.11931E-01 7.28902E-01 9.70169E-01 2.14140E+00
 9.54993E+01 5.11933E-01 7.28904E-01 9.70172E-01 2.11785E+00
 9.66051E+01 5.11934E-01 7.28907E-01 9.70175E-01 2.09441E+00
 9.77237E+01 5.11936E-01 7.28909E-01 9.70178E-01 2.07108E+00
 9.88553E+01 5.11937E-01 7.28911E-01 9.70180E-01 2.04787E+00
 1.00000E+02 5.11939E-01 7.28913E-01 9.70183E-01 2.02477E+00
