 1.00000E-02 6.77753E-02 9.31662E-02 1.23970E-01 1.27983E-01
 2.00000E-02 6.78490E-02 9.32461E-02 1.24046E-01 1.28096E-01
 3.00000E-02 6.79817E-02 9.33792E-02 1.24171E-01 1.28263E-01
 4.00000E-02 6.81613E-02 9.35655E-02 1.24348E-01 1.28436E-01
 5.00000E-02 6.83834E-02 9.38049E-02 1.24582E-01 1.28651E-01
 6.00000E-02 6.86523E-02 9.40973E-02 1.24860E-01 1.28919E-01
 7.00000E-02 6.89691E-02 9.44425E-02 1.25187E-01 1.29241E-01
 8.00000E-02 6.93366E-02 9.48404E-02 1.25563E-01 1.29609E-01
 9.00000E-02 6.97515E-02 9.52906E-02 1.25988E-01 1.30026E-01
 1.00000E-01 7.02129E-02 9.57930E-02 1.26464E-01 1.30493E-01
 1.10000E-01 7.07208E-02 9.63472E-02 1.26991E-01 1.31009E-01
 1.20000E-01 7.12763E-02 9.69527E-02 1.27570E-01 1.31574E-01
 1.30000E-01 7.18773E-02 9.76090E-02 1.28198E-01 1.32190E-01
 1.40000E-01 7.25228E-02 9.83157E-02 1.28876E-01 1.32855E-01
 1.50000E-01 7.32133E-02 9.90721E-02 1.29603E-01 1.33569E-01
 1.60000E-01 7.39474E-02 9.98776E-02 1.30382E-01 1.34335E-01
 1.70000E-01 7.47238E-02 1.00731E-01 1.31209E-01 1.35149E-01
 1.80000E-01 7.55426E-02 1.01632E-01 1.32086E-01 1.36010E-01
 1.90000E-01 7.64018E-02 1.02580E-01 1.33011E-01 1.36922E-01
 2.00000E-01 7.73012E-02 1.03574E-01 1.33984E-01 1.37881E-01
 2.10000E-01 7.82393E-02 1.04612E-01 1.35004E-01 1.38888E-01
 2.20000E-01 7.92150E-02 1.05693E-01 1.36072E-01 1.39941E-01
 2.30000E-01 8.02275E-02 1.06818E-01 1.37185E-01 1.41040E-01
 2.40000E-01 8.12756E-02 1.07983E-01 1.38342E-01 1.42185E-01
 2.50000E-01 8.23580E-02 1.09189E-01 1.39544E-01 1.43374E-01
 2.60000E-01 8.34735E-02 1.10433E-01 1.40789E-01 1.44605E-01
 2.70000E-01 8.46211E-02 1.11715E-01 1.42075E-01 1.45880E-01
 2.80000E-01 8.57995E-02 1.13034E-01 1.43403E-01 1.47195E-01
 2.90000E-01 8.70078E-02 1.14387E-01 1.44769E-01 1.48551E-01
 3.00000E-01 8.82446E-02 1.15775E-01 1.46174E-01 1.49945E-01
 3.10000E-01 8.95088E-02 1.17195E-01 1.47616E-01 1.51377E-01
 3.20000E-01 9.07991E-02 1.18646E-01 1.49094E-01 1.52845E-01
 3.30000E-01 9.21148E-02 1.20127E-01 1.50605E-01 1.54347E-01
 3.40000E-01 9.34546E-02 1.21637E-01 1.52150E-01 1.55884E-01
 3.50000E-01 9.48172E-02 1.23174E-01 1.53726E-01 1.57452E-01
 3.60000E-01 9.62018E-02 1.24737E-01 1.55332E-01 1.59051E-01
 3.70000E-01 9.76072E-02 1.26325E-01 1.56968E-01 1.60679E-01
 3.80000E-01 9.90327E-02 1.27936E-01 1.58630E-01 1.62335E-01
 3.90000E-01 1.00477E-01 1.29570E-01 1.60318E-01 1.64018E-01
 4.00000E-01 1.01939E-01 1.31226E-01 1.62031E-01 1.65725E-01
 4.10000E-01 1.03418E-01 1.32901E-01 1.63767E-01 1.67457E-01
 4.20000E-01 1.04914E-01 1.34595E-01 1.65525E-01 1.69210E-01
 4.30000E-01 1.06424E-01 1.36307E-01 1.67303E-01 1.70985E-01
 4.40000E-01 1.07949E-01 1.38037E-01 1.69101E-01 1.72778E-01
 4.50000E-01 1.09488E-01 1.39782E-01 1.70916E-01 1.74591E-01
 4.60000E-01 1.11039E-01 1.41541E-01 1.72749E-01 1.76420E-01
 4.70000E-01 1.12602E-01 1.43315E-01 1.74597E-01 1.78265E-01
 4.80000E-01 1.14177E-01 1.45101E-01 1.76459E-01 1.80125E-01
 4.90000E-01 1.15762E-01 1.46900E-01 1.78334E-01 1.81998E-01
 5.00000E-01 1.17356E-01 1.48710E-01 1.80222E-01 1.83883E-01
 5.10000E-01 1.18960E-01 1.50530E-01 1.82120E-01 1.85779E-01
 5.20000E-01 1.20573E-01 1.52360E-01 1.84029E-01 1.87686E-01
 5.30000E-01 1.22193E-01 1.54198E-01 1.85946E-01 1.89602E-01
 5.40000E-01 1.23821E-01 1.56045E-01 1.87872E-01 1.91526E-01
 5.50000E-01 1.25456E-01 1.57898E-01 1.89805E-01 1.93457E-01
 5.60000E-01 1.27096E-01 1.59759E-01 1.91745E-01 1.95394E-01
 5.70000E-01 1.28742E-01 1.61625E-01 1.93689E-01 1.97337E-01
 5.80000E-01 1.30394E-01 1.63497E-01 1.95639E-01 1.99285E-01
 5.90000E-01 1.32050E-01 1.65374E-01 1.97593E-01 2.01236E-01
 6.00000E-01 1.33710E-01 1.67255E-01 1.99549E-01 2.03191E-01
 6.10000E-01 1.35374E-01 1.69139E-01 2.01509E-01 2.05148E-01
 6.20000E-01 1.37041E-01 1.71027E-01 2.03470E-01 2.07106E-01
 6.30000E-01 1.38712E-01 1.72917E-01 2.05433E-01 2.09066E-01
 6.40000E-01 1.40384E-01 1.74810E-01 2.07396E-01 2.11026E-01
 6.50000E-01 1.42059E-01 1.76704E-01 2.09360E-01 2.12987E-01
 6.60000E-01 1.43735E-01 1.78600E-01 2.11323E-01 2.14946E-01
 6.70000E-01 1.45413E-01 1.80497E-01 2.13286E-01 2.16905E-01
 6.80000E-01 1.47092E-01 1.82394E-01 2.15247E-01 2.18862E-01
 6.90000E-01 1.48772E-01 1.84291E-01 2.17206E-01 2.20816E-01
 7.00000E-01 1.50452E-01 1.86188E-01 2.19163E-01 2.22769E-01
 7.10000E-01 1.52133E-01 1.88085E-01 2.21118E-01 2.24718E-01
 7.20000E-01 1.53813E-01 1.89981E-01 2.23069E-01 2.26664E-01
 7.30000E-01 1.55493E-01 1.91876E-01 2.25018E-01 2.28606E-01
 7.40000E-01 1.57172E-01 1.93769E-01 2.26962E-01 2.30545E-01
 7.50000E-01 1.58850E-01 1.95661E-01 2.28903E-01 2.32479E-01
 7.60000E-01 1.60527E-01 1.97551E-01 2.30840E-01 2.34409E-01
 7.70000E-01 1.62202E-01 1.99439E-01 2.32772E-01 2.36334E-01
 7.80000E-01 1.63876E-01 2.01324E-01 2.34700E-01 2.38253E-01
 7.90000E-01 1.65548E-01 2.03207E-01 2.36622E-01 2.40168E-01
 8.00000E-01 1.67218E-01 2.05087E-01 2.38539E-01 2.42077E-01
 8.10000E-01 1.68886E-01 2.06964E-01 2.40452E-01 2.43980E-01
 8.20000E-01 1.70552E-01 2.08838E-01 2.42358E-01 2.45877E-01
 8.30000E-01 1.72215E-01 2.10709E-01 2.44259E-01 2.47768E-01
 8.40000E-01 1.73875E-01 2.12577E-01 2.46154E-01 2.49653E-01
 8.50000E-01 1.75532E-01 2.14440E-01 2.48043E-01 2.51830E-01
 8.60000E-01 1.77187E-01 2.16300E-01 2.50548E-01 2.55584E-01
 8.70000E-01 1.78838E-01 2.18156E-01 2.54215E-01 2.59324E-01
 8.80000E-01 1.80485E-01 2.20008E-01 2.57868E-01 2.63051E-01
 8.90000E-01 1.82129E-01 2.21856E-01 2.61508E-01 2.66764E-01
 9.00000E-01 1.83770E-01 2.23700E-01 2.65133E-01 2.70462E-01
 9.10000E-01 1.85407E-01 2.25539E-01 2.68744E-01 2.74146E-01
 9.20000E-01 1.87039E-01 2.27374E-01 2.72339E-01 2.77813E-01
 9.30000E-01 1.88668E-01 2.29205E-01 2.75920E-01 2.81466E-01
 9.40000E-01 1.90293E-01 2.31030E-01 2.79484E-01 2.85102E-01
 9.50000E-01 1.91914E-01 2.33912E-01 2.83033E-01 2.88722E-01
 9.60000E-01 1.93530E-01 2.36831E-01 2.86566E-01 2.92326E-01
 9.70000E-01 1.95142E-01 2.39737E-01 2.90081E-01 2.95912E-01
 9.80000E-01 1.96749E-01 2.42628E-01 2.93580E-01 2.99481E-01
 9.90000E-01 1.98352E-01 2.45506E-01 2.97062E-01 3.03033E-01
 1.00000E+00 1.99950E-01 2.48369E-01 3.00527E-01 3.06567E-01
 1.01158E+00 2.01794E-01 2.51667E-01 3.04517E-01 3.10637E-01
 1.02329E+00 2.03653E-01 2.54982E-01 3.08528E-01 3.14730E-01
 1.03514E+00 2.05527E-01 2.58315E-01 3.12562E-01 3.18844E-01
 1.04713E+00 2.07415E-01 2.61665E-01 3.16615E-01 3.22979E-01
 1.05925E+00 2.09408E-01 2.65032E-01 3.20689E-01 3.27135E-01
 1.07152E+00 2.12081E-01 2.68415E-01 3.24782E-01 3.31310E-01
 1.08393E+00 2.14766E-01 2.71813E-01 3.28894E-01 3.35504E-01
 1.09648E+00 2.17462E-01 2.75226E-01 3.33023E-01 3.39717E-01
 1.10917E+00 2.20170E-01 2.78653E-01 3.37170E-01 3.43947E-01
 1.12202E+00 2.22889E-01 2.82094E-01 3.41334E-01 3.48194E-01
 1.13501E+00 2.25618E-01 2.85548E-01 3.45513E-01 3.52458E-01
 1.14815E+00 2.28357E-01 2.89014E-01 3.49707E-01 3.56736E-01
 1.16145E+00 2.31105E-01 2.92492E-01 3.53916E-01 3.61029E-01
 1.17490E+00 2.33862E-01 2.95982E-01 3.58138E-01 3.65336E-01
 1.18850E+00 2.36627E-01 2.99482E-01 3.62373E-01 3.69656E-01
 1.20226E+00 2.39401E-01 3.02991E-01 3.66620E-01 3.73989E-01
 1.21619E+00 2.42181E-01 3.06511E-01 3.70878E-01 3.78332E-01
 1.23027E+00 2.44969E-01 3.10038E-01 3.75146E-01 3.82687E-01
 1.24451E+00 2.47762E-01 3.13574E-01 3.79425E-01 3.87051E-01
 1.25893E+00 2.50562E-01 3.17117E-01 3.83712E-01 3.91424E-01
 1.27350E+00 2.53366E-01 3.20667E-01 3.88007E-01 3.95806E-01
 1.28825E+00 2.56176E-01 3.24222E-01 3.92309E-01 4.00194E-01
 1.30317E+00 2.58989E-01 3.27783E-01 3.96618E-01 4.04590E-01
 1.31826E+00 2.61807E-01 3.31349E-01 4.00932E-01 4.08991E-01
 1.33352E+00 2.64627E-01 3.34919E-01 4.05251E-01 4.13397E-01
 1.34896E+00 2.67450E-01 3.38491E-01 4.09575E-01 4.17807E-01
 1.36458E+00 2.70275E-01 3.42067E-01 4.13901E-01 4.22220E-01
 1.38038E+00 2.73102E-01 3.45644E-01 4.18230E-01 4.26636E-01
 1.39637E+00 2.75929E-01 3.49223E-01 4.22560E-01 4.31053E-01
 1.41254E+00 2.78757E-01 3.52802E-01 4.26891E-01 4.35471E-01
 1.42889E+00 2.81585E-01 3.56381E-01 4.31222E-01 4.39889E-01
 1.44544E+00 2.84413E-01 3.59960E-01 4.35552E-01 4.44306E-01
 1.46218E+00 2.87239E-01 3.63537E-01 4.39880E-01 4.48721E-01
 1.47911E+00 2.90064E-01 3.67112E-01 4.44206E-01 4.53134E-01
 1.49624E+00 2.92886E-01 3.70684E-01 4.48528E-01 4.57543E-01
 1.51356E+00 2.95706E-01 3.74253E-01 4.52846E-01 4.61949E-01
 1.53109E+00 2.98523E-01 3.77818E-01 4.57160E-01 4.66349E-01
 1.54882E+00 3.01336E-01 3.81378E-01 4.61468E-01 4.70743E-01
 1.56675E+00 3.04145E-01 3.84933E-01 4.65770E-01 4.75131E-01
 1.58489E+00 3.06949E-01 3.88483E-01 4.70064E-01 4.79512E-01
 1.60325E+00 3.09748E-01 3.92025E-01 4.74350E-01 4.83885E-01
 1.62181E+00 3.12542E-01 3.95561E-01 4.78628E-01 4.88249E-01
 1.64059E+00 3.15329E-01 3.99088E-01 4.82897E-01 4.92603E-01
 1.65959E+00 3.18110E-01 4.02608E-01 4.87155E-01 4.96947E-01
 1.67880E+00 3.20883E-01 4.06118E-01 4.91403E-01 5.01280E-01
 1.69824E+00 3.23650E-01 4.09619E-01 4.95639E-01 5.05602E-01
 1.71791E+00 3.26408E-01 4.13110E-01 4.99863E-01 5.09910E-01
 1.73780E+00 3.29158E-01 4.16590E-01 5.04074E-01 5.14206E-01
 1.75792E+00 3.31899E-01 4.20060E-01 5.08272E-01 5.18489E-01
 1.77828E+00 3.34631E-01 4.23517E-01 5.12456E-01 5.22756E-01
 1.79887E+00 3.37353E-01 4.26963E-01 5.16625E-01 5.31605E-01
 1.81970E+00 3.40066E-01 4.30395E-01 5.20779E-01 5.41706E-01
 1.84077E+00 3.42767E-01 4.33815E-01 5.24916E-01 5.51972E-01
 1.86209E+00 3.45459E-01 4.37221E-01 5.29037E-01 5.62411E-01
 1.88365E+00 3.48138E-01 4.40613E-01 5.33141E-01 5.73018E-01
 1.90546E+00 3.50807E-01 4.43990E-01 5.37228E-01 5.83795E-01
 1.92752E+00 3.53463E-01 4.47352E-01 5.41296E-01 5.94745E-01
 1.94984E+00 3.56108E-01 4.50699E-01 5.45346E-01 6.05872E-01
 1.97242E+00 3.58740E-01 4.54030E-01 5.49376E-01 6.17179E-01
 1.99526E+00 3.61359E-01 4.57344E-01 5.53387E-01 6.28663E-01
 2.01837E+00 3.63964E-01 4.60642E-01 5.57377E-01 6.40328E-01
 2.04174E+00 3.66557E-01 4.63923E-01 5.61347E-01 6.52175E-01
 2.06538E+00 3.69135E-01 4.67187E-01 5.65296E-01 6.64211E-01
 2.08930E+00 3.71700E-01 4.70433E-01 5.69224E-01 6.76435E-01
 2.11349E+00 3.74250E-01 4.73660E-01 5.73129E-01 6.88846E-01
 2.13796E+00 3.76786E-01 4.76870E-01 5.77012E-01 7.01447E-01
 2.16272E+00 3.79307E-01 4.80060E-01 5.80873E-01 7.14240E-01
 2.18776E+00 3.81813E-01 4.83232E-01 5.84711E-01 7.27230E-01
 2.21309E+00 3.84304E-01 4.86385E-01 5.88525E-01 7.40418E-01
 2.23872E+00 3.86779E-01 4.89517E-01 5.92316E-01 7.53804E-01
 2.26464E+00 3.89239E-01 4.92631E-01 5.96083E-01 7.67389E-01
 2.29087E+00 3.91683E-01 4.95724E-01 5.99826E-01 7.81176E-01
 2.31739E+00 3.94111E-01 4.98797E-01 6.03544E-01 7.95165E-01
 2.34423E+00 3.96523E-01 5.01849E-01 6.07237E-01 8.09364E-01
 2.37137E+00 3.98918E-01 5.04881E-01 6.10906E-01 8.23771E-01
 2.39883E+00 4.01297E-01 5.07892E-01 6.14549E-01 8.38386E-01
 2.42661E+00 4.03659E-01 5.10882E-01 6.18167E-01 8.53212E-01
 2.45471E+00 4.06005E-01 5.13850E-01 6.21759E-01 8.68250E-01
 2.48313E+00 4.08334E-01 5.16798E-01 6.25325E-01 8.83501E-01
 2.51189E+00 4.10646E-01 5.19724E-01 6.28866E-01 8.98970E-01
 2.54097E+00 4.12941E-01 5.22628E-01 6.32380E-01 9.14659E-01
 2.57040E+00 4.15218E-01 5.25511E-01 6.35868E-01 9.30567E-01
 2.60016E+00 4.17479E-01 5.28372E-01 6.39330E-01 9.46696E-01
 2.63027E+00 4.19722E-01 5.31211E-01 6.42765E-01 9.63047E-01
 2.66073E+00 4.21948E-01 5.34028E-01 6.46174E-01 9.79622E-01
 2.69153E+00 4.24156E-01 5.36823E-01 6.49556E-01 9.96421E-01
 2.72270E+00 4.26347E-01 5.39596E-01 6.52911E-01 1.01345E+00
 2.75423E+00 4.28521E-01 5.42346E-01 6.56239E-01 1.03071E+00
 2.78612E+00 4.30677E-01 5.45075E-01 6.59541E-01 1.04820E+00
 2.81838E+00 4.32815E-01 5.47781E-01 6.62816E-01 1.06592E+00
 2.85102E+00 4.34936E-01 5.50466E-01 6.66063E-01 1.08387E+00
 2.88403E+00 4.37039E-01 5.53127E-01 6.69284E-01 1.10206E+00
 2.91743E+00 4.39125E-01 5.55767E-01 6.72478E-01 1.12048E+00
 2.95121E+00 4.41193E-01 5.58384E-01 6.75645E-01 1.13914E+00
 2.98538E+00 4.43243E-01 5.60980E-01 6.78785E-01 1.15804E+00
 3.01995E+00 4.45276E-01 5.63553E-01 6.81899E-01 1.17717E+00
 3.05492E+00 4.47291E-01 5.66103E-01 6.84985E-01 1.19655E+00
 3.09030E+00 4.49289E-01 5.68632E-01 6.88045E-01 1.21617E+00
 3.12608E+00 4.51270E-01 5.71138E-01 6.91077E-01 1.23603E+00
 3.16228E+00 4.53233E-01 5.73623E-01 6.94083E-01 1.25614E+00
 3.19890E+00 4.55178E-01 5.76085E-01 6.97063E-01 1.27650E+00
 3.23594E+00 4.57107E-01 5.78526E-01 7.00016E-01 1.29710E+00
 3.27341E+00 4.59018E-01 5.80944E-01 7.02942E-01 1.31794E+00
 3.31131E+00 4.60911E-01 5.83341E-01 7.05842E-01 1.33904E+00
 3.34965E+00 4.62788E-01 5.85716E-01 7.08716E-01 1.36038E+00
 3.38844E+00 4.64647E-01 5.88069E-01 7.11564E-01 1.38197E+00
 3.42768E+00 4.66490E-01 5.90401E-01 7.14385E-01 1.40381E+00
 3.46737E+00 4.68315E-01 5.92711E-01 7.17181E-01 1.42591E+00
 3.50752E+00 4.70124E-01 5.95000E-01 7.19950E-01 1.44825E+00
 3.54813E+00 4.71915E-01 5.97268E-01 7.22694E-01 1.47085E+00
 3.58922E+00 4.73690E-01 5.99514E-01 7.25412E-01 1.49370E+00
 3.63078E+00 4.75449E-01 6.01740E-01 7.28105E-01 1.51680E+00
 3.67282E+00 4.77190E-01 6.03944E-01 7.30772E-01 1.54016E+00
 3.71535E+00 4.78916E-01 6.06128E-01 7.33414E-01 1.56378E+00
 3.75837E+00 4.80625E-01 6.08291E-01 7.36032E-01 1.58764E+00
 3.80189E+00 4.82317E-01 6.10433E-01 7.38624E-01 1.61177E+00
 3.84592E+00 4.83994E-01 6.12555E-01 7.41191E-01 1.63615E+00
 3.89045E+00 4.85654E-01 6.14656E-01 7.43734E-01 1.66079E+00
 3.93550E+00 4.87298E-01 6.16737E-01 7.46252E-01 1.68568E+00
 3.98107E+00 4.88927E-01 6.18798E-01 7.48746E-01 1.71083E+00
 4.02717E+00 4.90540E-01 6.20839E-01 7.51215E-01 1.73623E+00
 4.07380E+00 4.92137E-01 6.22860E-01 7.53661E-01 1.76190E+00
 4.12098E+00 4.93718E-01 6.24862E-01 7.56083E-01 1.78782E+00
 4.16869E+00 4.95284E-01 6.26844E-01 7.58481E-01 1.81399E+00
 4.21697E+00 4.96835E-01 6.28806E-01 7.60856E-01 1.84043E+00
 4.26580E+00 4.98370E-01 6.30749E-01 7.63207E-01 1.86712E+00
 4.31519E+00 4.99890E-01 6.32673E-01 7.65535E-01 1.89407E+00
 4.36516E+00 5.01395E-01 6.34578E-01 7.67840E-01 1.92127E+00
 4.41570E+00 5.02886E-01 6.36464E-01 7.70122E-01 1.94873E+00
 4.46684E+00 5.04361E-01 6.38332E-01 7.72382E-01 1.97645E+00
 4.51856E+00 5.05822E-01 6.40181E-01 7.74619E-01 2.00443E+00
 4.57088E+00 5.07268E-01 6.42011E-01 7.76833E-01 2.03265E+00
 4.62381E+00 5.08700E-01 6.43823E-01 7.79026E-01 2.06114E+00
 4.67735E+00 5.10117E-01 6.45617E-01 7.81196E-01 2.08987E+00
 4.73151E+00 5.11520E-01 6.47393E-01 7.83345E-01 2.11887E+00
 4.78630E+00 5.12909E-01 6.49151E-01 7.85472E-01 2.14811E+00
 4.84172E+00 5.14284E-01 6.50891E-01 7.87578E-01 2.17761E+00
 4.89779E+00 5.15645E-01 6.52613E-01 7.89662E-01 2.20736E+00
 4.95450E+00 5.16992E-01 6.54319E-01 7.91726E-01 2.23736E+00
 5.01187E+00 5.18326E-01 6.56007E-01 7.93768E-01 2.26761E+00
 5.06991E+00 5.19646E-01 6.57677E-01 7.95789E-01 2.29811E+00
 5.12861E+00 5.20953E-01 6.59331E-01 7.97790E-01 2.32886E+00
 5.18800E+00 5.22246E-01 6.60968E-01 7.99771E-01 2.35986E+00
 5.24807E+00 5.23526E-01 6.62588E-01 8.01731E-01 2.39111E+00
 5.30884E+00 5.24793E-01 6.64192E-01 8.03672E-01 2.42260E+00
 5.37032E+00 5.26047E-01 6.65779E-01 8.05592E-01 2.45434E+00
 5.43250E+00 5.27289E-01 6.67350E-01 8.07493E-01 2.48633E+00
 5.49541E+00 5.28517E-01 6.68904E-01 8.09374E-01 2.51855E+00
 5.55904E+00 5.29733E-01 6.70443E-01 8.11236E-01 2.55102E+00
 5.62341E+00 5.30936E-01 6.71966E-01 8.13079E-01 2.58373E+00
 5.68853E+00 5.32127E-01 6.73473E-01 8.14902E-01 2.61668E+00
 5.75440E+00 5.33305E-01 6.74964E-01 8.16707E-01 2.64986E+00
 5.82103E+00 5.34471E-01 6.76440E-01 8.18493E-01 2.68328E+00
 5.88844E+00 5.35626E-01 6.77901E-01 8.20260E-01 2.71693E+00
 5.95662E+00 5.36768E-01 6.79347E-01 8.22010E-01 2.75083E+00
 6.02560E+00 5.37898E-01 6.80777E-01 8.23741E-01 2.78495E+00
 6.09537E+00 5.39017E-01 6.82193E-01 8.25454E-01 2.81931E+00
 6.16595E+00 5.40124E-01 6.83594E-01 8.27149E-01 2.85389E+00
 6.23735E+00 5.41219E-01 6.84980E-01 8.28826E-01 2.88870E+00
 6.30957E+00 5.42303E-01 6.86352E-01 8.30486E-01 2.92373E+00
 6.38263E+00 5.43375E-01 6.87710E-01 8.32129E-01 2.95898E+00
 6.45654E+00 5.44437E-01 6.89053E-01 8.33754E-01 2.99446E+00
 6.53131E+00 5.45487E-01 6.90382E-01 8.35362E-01 3.03016E+00
 6.60693E+00 5.46526E-01 6.91697E-01 8.36954E-01 3.06608E+00
 6.68344E+00 5.47554E-01 6.92999E-01 8.38528E-01 3.10221E+00
 6.76083E+00 5.48572E-01 6.94286E-01 8.40086E-01 3.13855E+00
 6.83912E+00 5.49579E-01 6.95560E-01 8.41628E-01 3.17510E+00
 6.91831E+00 5.50575E-01 6.96821E-01 8.43153E-01 3.21187E+00
 6.99842E+00 5.51560E-01 6.98068E-01 8.44663E-01 3.24884E+00
 7.07946E+00 5.52535E-01 6.99303E-01 8.46156E-01 3.28602E+00
 7.16143E+00 5.53500E-01 7.00524E-01 8.47634E-01 3.32339E+00
 7.24436E+00 5.54455E-01 7.01732E-01 8.49096E-01 3.36096E+00
 7.32825E+00 5.55399E-01 7.02927E-01 8.50542E-01 3.39873E+00
 7.41310E+00 5.56334E-01 7.04110E-01 8.51973E-01 3.43670E+00
 7.49894E+00 5.57258E-01 7.05280E-01 8.53389E-01 3.47485E+00
 7.58578E+00 5.58173E-01 7.06438E-01 8.54790E-01 3.51319E+00
 7.67361E+00 5.59078E-01 7.07583E-01 8.56176E-01 3.55171E+00
 7.76247E+00 5.59974E-01 7.08717E-01 8.57547E-01 3.59042E+00
 7.85236E+00 5.60859E-01 7.09838E-01 8.58904E-01 3.62931E+00
 7.94328E+00 5.61736E-01 7.10947E-01 8.60246E-01 3.66837E+00
 8.03526E+00 5.62603E-01 7.12044E-01 8.61573E-01 3.70759E+00
 8.12831E+00 5.63461E-01 7.13130E-01 8.62887E-01 3.74699E+00
 8.22243E+00 5.64309E-01 7.14204E-01 8.64187E-01 3.78656E+00
 8.31764E+00 5.65149E-01 7.15266E-01 8.65472E-01 3.82629E+00
 8.41395E+00 5.65979E-01 7.16317E-01 8.66744E-01 3.86617E+00
 8.51138E+00 5.66801E-01 7.17357E-01 8.68002E-01 3.90619E+00
 8.60994E+00 5.67613E-01 7.18386E-01 8.69247E-01 3.94639E+00
 8.70964E+00 5.68417E-01 7.19403E-01 8.70478E-01 3.98672E+00
 8.81049E+00 5.69213E-01 7.20410E-01 8.71696E-01 4.02719E+00
 8.91251E+00 5.70000E-01 7.21406E-01 8.72901E-01 4.06779E+00
 9.01571E+00 5.70778E-01 7.22391E-01 8.74093E-01 4.10854E+00
 9.12011E+00 5.71548E-01 7.23365E-01 8.75272E-01 4.14942E+00
 9.22571E+00 5.72310E-01 7.24329E-01 8.76439E-01 4.19041E+00
 9.33254E+00 5.73063E-01 7.25283E-01 8.77592E-01 4.23152E+00
 9.44061E+00 5.73808E-01 7.26226E-01 8.78734E-01 4.27276E+00
 9.54993E+00 5.74546E-01 7.27159E-01 8.79863E-01 4.31410E+00
 9.66051E+00 5.75275E-01 7.28082E-01 8.80980E-01 4.35553E+00
 9.77237E+00 5.75996E-01 7.28995E-01 8.82084E-01 4.39708E+00
 9.88553E+00 5.76710E-01 7.29898E-01 8.83177E-01 4.43872E+00
 1.00000E+01 5.77416E-01 7.30792E-01 8.84258E-01 4.48044E+00
 1.01158E+01 5.78114E-01 7.31675E-01 8.85327E-01 4.52225E+00
 1.02329E+01 5.78805E-01 7.32549E-01 8.86385E-01 4.56415E+00
 1.03514E+01 5.79488E-01 7.33414E-01 8.87431E-01 4.60610E+00
 1.04713E+01 5.80163E-01 7.34269E-01 8.88466E-01 4.64813E+00
 1.05925E+01 5.80832E-01 7.35115E-01 8.89489E-01 4.69022E+00
 1.07152E+01 5.81493E-01 7.35952E-01 8.90502E-01 4.73236E+00
 1.08393E+01 5.82147E-01 7.36779E-01 8.91503E-01 4.77454E+00
 1.09648E+01 5.82793E-01 7.37598E-01 8.92493E-01 4.81678E+00
 1.10917E+01 5.83433E-01 7.38407E-01 8.93473E-01 4.85905E+00
 1.12202E+01 5.84066E-01 7.39208E-01 8.94442E-01 4.90133E+00
 1.13501E+01 5.84691E-01 7.40000E-01 8.95400E-01 4.94366E+00
 1.14815E+01 5.85310E-01 7.40784E-01 8.96348E-01 4.98599E+00
 1.16145E+01 5.85923E-01 7.41558E-01 8.97286E-01 5.02832E+00
 1.17490E+01 5.86528E-01 7.42325E-01 8.98213E-01 5.07067E+00
 1.18850E+01 5.87127E-01 7.43083E-01 8.99130E-01 5.11300E+00
 1.20226E+01 5.87719E-01 7.43832E-01 9.00037E-01 5.15531E+00
 1.21619E+01 5.88305E-01 7.44574E-01 9.00934E-01 5.19762E+00
 1.23027E+01 5.88885E-01 7.45307E-01 9.01822E-01 5.23988E+00
 1.24451E+01 5.89458E-01 7.46032E-01 9.02699E-01 5.28211E+00
 1.25893E+01 5.90025E-01 7.46750E-01 9.03567E-01 5.32430E+00
 1.27350E+01 5.90585E-01 7.47459E-01 9.04426E-01 5.36643E+00
 1.28825E+01 5.91140E-01 7.48161E-01 9.05275E-01 5.40851E+00
 1.30317E+01 5.91688E-01 7.48855E-01 9.06115E-01 5.45051E+00
 1.31826E+01 5.92230E-01 7.49541E-01 9.06945E-01 5.49242E+00
 1.33352E+01 5.92767E-01 7.50220E-01 9.07766E-01 5.53427E+00
 1.34896E+01 5.93297E-01 7.50891E-01 9.08579E-01 5.57601E+00
 1.36458E+01 5.93822E-01 7.51555E-01 9.09382E-01 5.61765E+00
 1.38038E+01 5.94340E-01 7.52212E-01 9.10177E-01 5.65918E+00
 1.39637E+01 5.94853E-01 7.52861E-01 9.10962E-01 5.70057E+00
 1.41254E+01 5.95361E-01 7.53504E-01 9.11739E-01 5.74185E+00
 1.42889E+01 5.95863E-01 7.54139E-01 9.12508E-01 5.78298E+00
 1.44544E+01 5.96359E-01 7.54767E-01 9.13268E-01 5.82396E+00
 1.46218E+01 5.96850E-01 7.55388E-01 9.14020E-01 5.86478E+00
 1.47911E+01 5.97335E-01 7.56003E-01 9.14763E-01 5.90542E+00
 1.49624E+01 5.97815E-01 7.56610E-01 9.15498E-01 5.94590E+00
 1.51356E+01 5.98290E-01 7.57211E-01 9.16225E-01 5.98618E+00
 1.53109E+01 5.98760E-01 7.57805E-01 9.16944E-01 6.02626E+00
 1.54882E+01 5.99224E-01 7.58393E-01 9.17655E-01 6.06614E+00
 1.56675E+01 5.99683E-01 7.58974E-01 9.18358E-01 6.10578E+00
 1.58489E+01 6.00137E-01 7.59549E-01 9.19054E-01 6.14522E+00
 1.60325E+01 6.00586E-01 7.60117E-01 9.19741E-01 6.18440E+00
 1.62181E+01 6.01030E-01 7.60679E-01 9.20422E-01 6.22333E+00
 1.64059E+01 6.01469E-01 7.61235E-01 9.21094E-01 6.26200E+00
 1.65959E+01 6.01904E-01 7.61784E-01 9.21759E-01 6.30039E+00
 1.67880E+01 6.02333E-01 7.62328E-01 9.22417E-01 6.33852E+00
 1.69824E+01 6.02758E-01 7.62865E-01 9.23067E-01 6.37633E+00
 1.71791E+01 6.03178E-01 7.63397E-01 9.23710E-01 6.41385E+00
 1.73780E+01 6.03593E-01 7.63923E-01 9.24346E-01 6.45105E+00
 1.75792E+01 6.04004E-01 7.64443E-01 9.24975E-01 6.48792E+00
 1.77828E+01 6.04410E-01 7.64957E-01 9.25597E-01 6.52446E+00
 1.79887E+01 6.04812E-01 7.65465E-01 9.26212E-01 6.56063E+00
 1.81970E+01 6.05209E-01 7.65968E-01 9.26821E-01 6.59648E+00
 1.84077E+01 6.05602E-01 7.66465E-01 9.27422E-01 6.63193E+00
 1.86209E+01 6.05990E-01 7.66956E-01 9.28017E-01 6.66700E+00
 1.88365E+01 6.06374E-01 7.67442E-01 9.28605E-01 6.70168E+00
 1.90546E+01 6.06754E-01 7.67923E-01 9.29187E-01 6.73595E+00
 1.92752E+01 6.07129E-01 7.68398E-01 9.29762E-01 6.76982E+00
 1.94984E+01 6.07501E-01 7.68868E-01 9.30330E-01 6.80323E+00
 1.97242E+01 6.07868E-01 7.69333E-01 9.30893E-01 6.83623E+00
 1.99526E+01 6.08231E-01 7.69793E-01 9.31449E-01 6.86876E+00
 2.01837E+01 6.08590E-01 7.70247E-01 9.31999E-01 6.90084E+00
 2.04174E+01 6.08945E-01 7.70696E-01 9.32543E-01 6.93245E+00
 2.06538E+01 6.09296E-01 7.71141E-01 9.33080E-01 6.96355E+00
 2.08930E+01 6.09644E-01 7.71580E-01 9.33612E-01 6.99419E+00
 2.11349E+01 6.09987E-01 7.72015E-01 9.34138E-01 7.02429E+00
 2.13796E+01 6.10326E-01 7.72444E-01 9.34658E-01 7.05390E+00
 2.16272E+01 6.10662E-01 7.72869E-01 9.35172E-01 7.08296E+00
 2.18776E+01 6.10994E-01 7.73289E-01 9.35680E-01 7.11148E+00
 2.21309E+01 6.11322E-01 7.73705E-01 9.36183E-01 7.13946E+00
 2.23872E+01 6.11647E-01 7.74115E-01 9.36680E-01 7.16685E+00
 2.26464E+01 6.11968E-01 7.74522E-01 9.37171E-01 7.19371E+00
 2.29087E+01 6.12285E-01 7.74923E-01 9.37657E-01 7.21995E+00
 2.31739E+01 6.12599E-01 7.75320E-01 9.38138E-01 7.24561E+00
 2.34423E+01 6.12909E-01 7.75713E-01 9.38613E-01 7.27066E+00
 2.37137E+01 6.13216E-01 7.76101E-01 9.39083E-01 7.29508E+00
 2.39883E+01 6.13519E-01 7.76485E-01 9.39547E-01 7.31890E+00
 2.42661E+01 6.13819E-01 7.76865E-01 9.40007E-01 7.34206E+00
 2.45471E+01 6.14116E-01 7.77240E-01 9.40461E-01 7.36459E+00
 2.48313E+01 6.14409E-01 7.77611E-01 9.40910E-01 7.38645E+00
 2.51189E+01 6.14699E-01 7.77978E-01 9.41354E-01 7.40764E+00
 2.54097E+01 6.14986E-01 7.78341E-01 9.41793E-01 7.42818E+00
 2.57040E+01 6.15269E-01 7.78700E-01 9.42227E-01 7.44800E+00
 2.60016E+01 6.15550E-01 7.79055E-01 9.42657E-01 7.46715E+00
 2.63027E+01 6.15827E-01 7.79406E-01 9.43081E-01 7.48559E+00
 2.66073E+01 6.16101E-01 7.79753E-01 9.43501E-01 7.50330E+00
 2.69153E+01 6.16372E-01 7.80096E-01 9.43916E-01 7.52032E+00
 2.72270E+01 6.16640E-01 7.80435E-01 9.44326E-01 7.53658E+00
 2.75423E+01 6.16905E-01 7.80770E-01 9.44732E-01 7.55211E+00
 2.78612E+01 6.17167E-01 7.81102E-01 9.45133E-01 7.56691E+00
 2.81838E+01 6.17426E-01 7.81429E-01 9.45530E-01 7.58093E+00
 2.85102E+01 6.17682E-01 7.81754E-01 9.45922E-01 7.59421E+00
 2.88403E+01 6.17935E-01 7.82074E-01 9.46310E-01 7.60672E+00
 2.91743E+01 6.18185E-01 7.82391E-01 9.46693E-01 7.61843E+00
 2.95121E+01 6.18433E-01 7.82704E-01 9.47072E-01 7.62939E+00
 2.98538E+01 6.18678E-01 7.83014E-01 9.47447E-01 7.63955E+00
 3.01995E+01 6.18920E-01 7.83320E-01 9.47818E-01 7.64890E+00
 3.05492E+01 6.19159E-01 7.83623E-01 9.48184E-01 7.65748E+00
 3.09030E+01 6.19396E-01 7.83923E-01 9.48547E-01 7.66524E+00
 3.12608E+01 6.19630E-01 7.84219E-01 9.48905E-01 7.67217E+00
 3.16228E+01 6.19861E-01 7.84512E-01 9.49259E-01 7.67832E+00
 3.19890E+01 6.20090E-01 7.84801E-01 9.49609E-01 7.68363E+00
 3.23594E+01 6.20316E-01 7.85087E-01 9.49956E-01 7.68811E+00
 3.27341E+01 6.20539E-01 7.85370E-01 9.50298E-01 7.69178E+00
 3.31131E+01 6.20761E-01 7.85650E-01 9.50637E-01 7.69461E+00
 3.34965E+01 6.20979E-01 7.85927E-01 9.50971E-01 7.69661E+00
 3.38844E+01 6.21195E-01 7.86200E-01 9.51302E-01 7.69775E+00
 3.42768E+01 6.21409E-01 7.86471E-01 9.51629E-01 7.69809E+00
 3.46737E+01 6.21620E-01 7.86738E-01 9.51953E-01 7.69757E+00
 3.50752E+01 6.21829E-01 7.87002E-01 9.52273E-01 7.69620E+00
 3.54813E+01 6.22036E-01 7.87264E-01 9.52589E-01 7.69399E+00
 3.58922E+01 6.22240E-01 7.87522E-01 9.52902E-01 7.69095E+00
 3.63078E+01 6.22442E-01 7.87778E-01 9.53211E-01 7.68705E+00
 3.67282E+01 6.22641E-01 7.88030E-01 9.53517E-01 7.68231E+00
 3.71535E+01 6.22839E-01 7.88280E-01 9.53819E-01 7.67671E+00
 3.75837E+01 6.23034E-01 7.88527E-01 9.54118E-01 7.67029E+00
 3.80189E+01 6.23227E-01 7.88771E-01 9.54413E-01 7.66303E+00
 3.84592E+01 6.23417E-01 7.89013E-01 9.54705E-01 7.65491E+00
 3.89045E+01 6.23606E-01 7.89251E-01 9.54994E-01 7.64595E+00
 3.93550E+01 6.23792E-01 7.89487E-01 9.55280E-01 7.63615E+00
 3.98107E+01 6.23977E-01 7.89721E-01 9.55562E-01 7.62554E+00
 4.02717E+01 6.24159E-01 7.89951E-01 9.55841E-01 7.61409E+00
 4.07380E+01 6.24339E-01 7.90179E-01 9.56117E-01 7.60181E+00
 4.12098E+01 6.24517E-01 7.90405E-01 9.56390E-01 7.58870E+00
 4.16869E+01 6.24694E-01 7.90628E-01 9.56660E-01 7.57477E+00
 4.21697E+01 6.24868E-01 7.90848E-01 9.56926E-01 7.56003E+00
 4.26580E+01 6.25040E-01 7.91066E-01 9.57190E-01 7.54448E+00
 4.31519E+01 6.25210E-01 7.91282E-01 9.57451E-01 7.52813E+00
 4.36516E+01 6.25378E-01 7.91495E-01 9.57709E-01 7.51099E+00
 4.41570E+01 6.25545E-01 7.91705E-01 9.57963E-01 7.49305E+00
 4.46684E+01 6.25709E-01 7.91914E-01 9.58215E-01 7.47433E+00
 4.51856E+01 6.25872E-01 7.92119E-01 9.58464E-01 7.45482E+00
 4.57088E+01 6.26033E-01 7.92323E-01 9.58711E-01 7.43455E+00
 4.62381E+01 6.26192E-01 7.92524E-01 9.58954E-01 7.41351E+00
 4.67735E+01 6.26349E-01 7.92723E-01 9.59195E-01 7.39172E+00
 4.73151E+01 6.26505E-01 7.92920E-01 9.59433E-01 7.36918E+00
 4.78630E+01 6.26658E-01 7.93114E-01 9.59668E-01 7.34590E+00
 4.84172E+01 6.26810E-01 7.93307E-01 9.59901E-01 7.32190E+00
 4.89779E+01 6.26960E-01 7.93497E-01 9.60131E-01 7.29717E+00
 4.95450E+01 6.27109E-01 7.93685E-01 9.60358E-01 7.27174E+00
 5.01187E+01 6.27256E-01 7.93870E-01 9.60583E-01 7.24561E+00
 5.06991E+01 6.27401E-01 7.94054E-01 9.60806E-01 7.21879E+00
 5.12861E+01 6.27544E-01 7.94236E-01 9.61025E-01 7.19129E+00
 5.18800E+01 6.27686E-01 7.94415E-01 9.61243E-01 7.16312E+00
 5.24807E+01 6.27827E-01 7.94593E-01 9.61457E-01 7.13430E+00
 5.30884E+01 6.27965E-01 7.94768E-01 9.61670E-01 7.10483E+00
 5.37032E+01 6.28102E-01 7.94942E-01 9.61880E-01 7.07472E+00
 5.43250E+01 6.28238E-01 7.95114E-01 9.62087E-01 7.04400E+00
 5.49541E+01 6.28372E-01 7.95283E-01 9.62293E-01 7.01266E+00
 5.55904E+01 6.28504E-01 7.95451E-01 9.62496E-01 6.98072E+00
 5.62341E+01 6.28635E-01 7.95617E-01 9.62696E-01 6.94820E+00
 5.68853E+01 6.28765E-01 7.95781E-01 9.62895E-01 6.91511E+00
 5.75440E+01 6.28893E-01 7.95943E-01 9.63091E-01 6.88147E+00
 5.82103E+01 6.29020E-01 7.96103E-01 9.63284E-01 6.84728E+00
 5.88844E+01 6.29145E-01 7.96261E-01 9.63476E-01 6.81255E+00
 5.95662E+01 6.29268E-01 7.96418E-01 9.63666E-01 6.77730E+00
 6.02560E+01 6.29391E-01 7.96573E-01 9.63853E-01 6.74154E+00
 6.09537E+01 6.29512E-01 7.96726E-01 9.64038E-01 6.70529E+00
 6.16595E+01 6.29631E-01 7.96877E-01 9.64221E-01 6.66857E+00
 6.23735E+01 6.29750E-01 7.97027E-01 9.64402E-01 6.63138E+00
 6.30957E+01 6.29866E-01 7.97175E-01 9.64581E-01 6.59373E+00
 6.38263E+01 6.29982E-01 7.97321E-01 9.64758E-01 6.55564E+00
 6.45654E+01 6.30096E-01 7.97465E-01 9.64933E-01 6.51715E+00
 6.53131E+01 6.30209E-01 7.97608E-01 9.65106E-01 6.47824E+00
 6.60693E+01 6.30321E-01 7.97750E-01 9.65277E-01 6.43892E+00
 6.68344E+01 6.30431E-01 7.97889E-01 9.65446E-01 6.39922E+00
 6.76083E+01 6.30540E-01 7.98027E-01 9.65613E-01 6.35917E+00
 6.83912E+01 6.30648E-01 7.98164E-01 9.65778E-01 6.31876E+00
 6.91831E+01 6.30755E-01 7.98299E-01 9.65942E-01 6.27799E+00
 6.99842E+01 6.30860E-01 7.98432E-01 9.66103E-01 6.23693E+00
 7.07946E+01 6.30964E-01 7.98564E-01 9.66263E-01 6.19554E+00
 7.16143E+01 6.31068E-01 7.98695E-01 9.66421E-01 6.15384E+00
 7.24436E+01 6.31169E-01 7.98824E-01 9.66577E-01 6.11189E+00
 7.32825E+01 6.31270E-01 7.98951E-01 9.66731E-01 6.06964E+00
 7.41310E+01 6.31370E-01 7.99077E-01 9.66884E-01 6.02715E+00
 7.49894E+01 6.31468E-01 7.99202E-01 9.67034E-01 5.98441E+00
 7.58578E+01 6.31566E-01 7.99325E-01 9.67183E-01 5.94144E+00
 7.67361E+01 6.31662E-01 7.99447E-01 9.67331E-01 5.89827E+00
 7.76247E+01 6.31757E-01 7.99567E-01 9.67477E-01 5.85488E+00
 7.85236E+01 6.31851E-01 7.99686E-01 9.67621E-01 5.81132E+00
 7.94328E+01 6.31944E-01 7.99804E-01 9.67763E-01 5.76757E+00
 8.03526E+01 6.32036E-01 7.99920E-01 9.67904E-01 5.72367E+00
 8.12831E+01 6.32127E-01 8.00035E-01 9.68043E-01 5.67961E+00
 8.22243E+01 6.32217E-01 8.00149E-01 9.68180E-01 5.63542E+00
 8.31764E+01 6.32305E-01 8.00262E-01 9.68317E-01 5.59111E+00
 8.41395E+01 6.32393E-01 8.00373E-01 9.68451E-01 5.54669E+00
 8.51138E+01 6.32480E-01 8.00483E-01 9.68584E-01 5.50216E+00
 8.60994E+01 6.32566E-01 8.00591E-01 9.68715E-01 5.45755E+00
 8.70964E+01 6.32651E-01 8.00699E-01 9.68845E-01 5.41286E+00
 8.81049E+01 6.32735E-01 8.00805E-01 9.68974E-01 5.36812E+00
 8.91251E+01 6.32818E-01 8.00910E-01 9.69101E-01 5.32331E+00
 9.01571E+01 6.32900E-01 8.01014E-01 9.69226E-01 5.27849E+00
 9.12011E+01 6.32981E-01 8.01116E-01 9.69350E-01 5.23361E+00
 9.22571E+01 6.33061E-01 8.01218E-01 9.69473E-01 5.18873E+00
 9.33254E+01 6.33140E-01 8.01318E-01 9.69595E-01 5.14384E+00
 9.44061E+01 6.33218E-01 8.01417E-01 9.69714E-01 5.09894E+00
 9.54993E+01 6.33296E-01 8.01515E-01 9.69833E-01 5.05408E+00
 9.66051E+01 6.33372E-01 8.01612E-01 9.69950E-01 5.00922E+00
 9.77237E+01 6.33448E-01 8.01708E-01 9.70066E-01 4.96441E+00
 9.88553E+01 6.33523E-01 8.01802E-01 9.70181E-01 4.91964E+00
 1.00000E+02 6.33597E-01 8.01896E-01 9.70294E-01 4.87492E+00
