 1.00000E-02 1.66480E-01 1.93935E-01 2.21504E-01 2.24769E-01
 2.00000E-02 1.66896E-01 1.94427E-01 2.21948E-01 2.25206E-01
 3.00000E-02 1.67569E-01 1.95128E-01 2.22693E-01 2.25932E-01
 4.00000E-02 1.68493E-01 1.96111E-01 2.23703E-01 2.26946E-01
 5.00000E-02 1.69670E-01 1.97362E-01 2.24991E-01 2.28240E-01
 6.00000E-02 1.71093E-01 1.98874E-01 2.26552E-01 2.29802E-01
 7.00000E-02 1.72753E-01 2.00638E-01 2.28373E-01 2.31627E-01
 8.00000E-02 1.74641E-01 2.02646E-01 2.30447E-01 2.33707E-01
 9.00000E-02 1.76743E-01 2.04886E-01 2.32765E-01 2.36029E-01
 1.00000E-01 1.79050E-01 2.07345E-01 2.35312E-01 2.38581E-01
 1.10000E-01 1.81548E-01 2.10012E-01 2.38077E-01 2.41352E-01
 1.20000E-01 1.84224E-01 2.12873E-01 2.41046E-01 2.44330E-01
 1.30000E-01 1.87067E-01 2.15914E-01 2.44208E-01 2.47500E-01
 1.40000E-01 1.90062E-01 2.19124E-01 2.47548E-01 2.50850E-01
 1.50000E-01 1.93196E-01 2.22487E-01 2.51053E-01 2.54366E-01
 1.60000E-01 1.96457E-01 2.25990E-01 2.54710E-01 2.58035E-01
 1.70000E-01 1.99833E-01 2.29621E-01 2.58506E-01 2.61843E-01
 1.80000E-01 2.03311E-01 2.33368E-01 2.62426E-01 2.65778E-01
 1.90000E-01 2.06880E-01 2.37217E-01 2.66460E-01 2.69827E-01
 2.00000E-01 2.10529E-01 2.41157E-01 2.70595E-01 2.73978E-01
 2.10000E-01 2.14249E-01 2.45177E-01 2.74820E-01 2.78220E-01
 2.20000E-01 2.18029E-01 2.49267E-01 2.79122E-01 2.82541E-01
 2.30000E-01 2.21860E-01 2.53418E-01 2.83494E-01 2.86931E-01
 2.40000E-01 2.25736E-01 2.57620E-01 2.87923E-01 2.91381E-01
 2.50000E-01 2.29647E-01 2.61864E-01 2.92403E-01 2.95881E-01
 2.60000E-01 2.33589E-01 2.66144E-01 2.96923E-01 3.00423E-01
 2.70000E-01 2.37554E-01 2.70452E-01 3.01477E-01 3.04999E-01
 2.80000E-01 2.41536E-01 2.74783E-01 3.06058E-01 3.09603E-01
 2.90000E-01 2.45532E-01 2.79129E-01 3.10659E-01 3.14226E-01
 3.00000E-01 2.49536E-01 2.83487E-01 3.15273E-01 3.18865E-01
 3.10000E-01 2.53545E-01 2.87852E-01 3.19897E-01 3.23512E-01
 3.20000E-01 2.57556E-01 2.92219E-01 3.24525E-01 3.28164E-01
 3.30000E-01 2.61564E-01 2.96585E-01 3.29152E-01 3.32815E-01
 3.40000E-01 2.65567E-01 3.00946E-01 3.33775E-01 3.37463E-01
 3.50000E-01 2.69564E-01 3.05299E-01 3.38390E-01 3.42102E-01
 3.60000E-01 2.73551E-01 3.09643E-01 3.42995E-01 3.46731E-01
 3.70000E-01 2.77526E-01 3.13974E-01 3.47586E-01 3.51346E-01
 3.80000E-01 2.81488E-01 3.18290E-01 3.52160E-01 3.55944E-01
 3.90000E-01 2.85436E-01 3.22590E-01 3.56717E-01 3.60524E-01
 4.00000E-01 2.89367E-01 3.26871E-01 3.61252E-01 3.65083E-01
 4.10000E-01 2.93282E-01 3.31133E-01 3.65766E-01 3.69619E-01
 4.20000E-01 2.97177E-01 3.35374E-01 3.70255E-01 3.74132E-01
 4.30000E-01 3.01054E-01 3.39593E-01 3.74720E-01 3.78618E-01
 4.40000E-01 3.04910E-01 3.43789E-01 3.79158E-01 3.83078E-01
 4.50000E-01 3.08745E-01 3.47960E-01 3.83568E-01 3.87509E-01
 4.60000E-01 3.12558E-01 3.52107E-01 3.87949E-01 3.91911E-01
 4.70000E-01 3.16349E-01 3.56228E-01 3.92301E-01 3.96284E-01
 4.80000E-01 3.20118E-01 3.60323E-01 3.96623E-01 4.00625E-01
 4.90000E-01 3.23863E-01 3.64392E-01 4.00914E-01 4.04935E-01
 5.00000E-01 3.27584E-01 3.68433E-01 4.05173E-01 4.09213E-01
 5.10000E-01 3.31282E-01 3.72447E-01 4.09400E-01 4.13459E-01
 5.20000E-01 3.34955E-01 3.76432E-01 4.13596E-01 4.17671E-01
 5.30000E-01 3.38603E-01 3.80390E-01 4.17758E-01 4.21850E-01
 5.40000E-01 3.42227E-01 3.84319E-01 4.21887E-01 4.25996E-01
 5.50000E-01 3.45826E-01 3.88220E-01 4.25983E-01 4.30108E-01
 5.60000E-01 3.49399E-01 3.92092E-01 4.30876E-01 4.35185E-01
 5.70000E-01 3.52948E-01 3.96879E-01 4.36567E-01 4.40933E-01
 5.80000E-01 3.57330E-01 4.01996E-01 4.42196E-01 4.46618E-01
 5.90000E-01 3.61828E-01 4.07056E-01 4.47762E-01 4.52240E-01
 6.00000E-01 3.66276E-01 4.12061E-01 4.53267E-01 4.57800E-01
 6.10000E-01 3.70676E-01 4.17010E-01 4.58711E-01 4.63298E-01
 6.20000E-01 3.75026E-01 4.21905E-01 4.64095E-01 4.68736E-01
 6.30000E-01 3.79328E-01 4.26745E-01 4.69419E-01 4.74113E-01
 6.40000E-01 3.83583E-01 4.31531E-01 4.74684E-01 4.79431E-01
 6.50000E-01 3.87790E-01 4.36263E-01 4.79890E-01 4.84689E-01
 6.60000E-01 3.91950E-01 4.40943E-01 4.85038E-01 4.89888E-01
 6.70000E-01 3.96063E-01 4.45571E-01 4.90128E-01 4.95029E-01
 6.80000E-01 4.00130E-01 4.50146E-01 4.95161E-01 5.00113E-01
 6.90000E-01 4.04152E-01 4.54670E-01 5.00137E-01 5.05139E-01
 7.00000E-01 4.08128E-01 4.59144E-01 5.05058E-01 5.10109E-01
 7.10000E-01 4.12059E-01 4.63566E-01 5.09923E-01 5.15022E-01
 7.20000E-01 4.15946E-01 4.67939E-01 5.14733E-01 5.19880E-01
 7.30000E-01 4.19789E-01 4.72262E-01 5.19489E-01 5.24683E-01
 7.40000E-01 4.23588E-01 4.76536E-01 5.24190E-01 5.29432E-01
 7.50000E-01 4.27344E-01 4.80762E-01 5.28838E-01 5.34127E-01
 7.60000E-01 4.31058E-01 4.84940E-01 5.33434E-01 5.38768E-01
 7.70000E-01 4.34729E-01 4.89070E-01 5.37977E-01 5.43356E-01
 7.80000E-01 4.38358E-01 4.93153E-01 5.42468E-01 5.47892E-01
 7.90000E-01 4.41946E-01 4.97189E-01 5.46908E-01 5.52377E-01
 8.00000E-01 4.45492E-01 5.01179E-01 5.51297E-01 5.56810E-01
 8.10000E-01 4.48998E-01 5.05123E-01 5.55636E-01 5.61192E-01
 8.20000E-01 4.52464E-01 5.09022E-01 5.59925E-01 5.65524E-01
 8.30000E-01 4.55890E-01 5.12877E-01 5.64164E-01 5.69806E-01
 8.40000E-01 4.59277E-01 5.16687E-01 5.68356E-01 5.74039E-01
 8.50000E-01 4.62625E-01 5.20453E-01 5.72498E-01 5.78223E-01
 8.60000E-01 4.65934E-01 5.24176E-01 5.76594E-01 5.82360E-01
 8.70000E-01 4.69205E-01 5.27856E-01 5.80642E-01 5.86448E-01
 8.80000E-01 4.72439E-01 5.31494E-01 5.84643E-01 5.90489E-01
 8.90000E-01 4.75635E-01 5.35089E-01 5.88598E-01 5.94484E-01
 9.00000E-01 4.78794E-01 5.38643E-01 5.92508E-01 5.98433E-01
 9.10000E-01 4.81917E-01 5.42156E-01 5.96372E-01 6.02336E-01
 9.20000E-01 4.85003E-01 5.45629E-01 6.00192E-01 6.06193E-01
 9.30000E-01 4.88054E-01 5.49061E-01 6.03967E-01 6.10007E-01
 9.40000E-01 4.91070E-01 5.52453E-01 6.07699E-01 6.13776E-01
 9.50000E-01 4.94050E-01 5.55806E-01 6.11387E-01 6.17501E-01
 9.60000E-01 4.96996E-01 5.59121E-01 6.15033E-01 6.21183E-01
 9.70000E-01 4.99908E-01 5.62397E-01 6.18636E-01 6.24823E-01
 9.80000E-01 5.02786E-01 5.65635E-01 6.22198E-01 6.28420E-01
 9.90000E-01 5.05631E-01 5.68835E-01 6.25719E-01 6.31976E-01
 1.00000E+00 5.08443E-01 5.71998E-01 6.29198E-01 6.35490E-01
 1.01158E+00 5.11658E-01 5.75615E-01 6.33177E-01 6.39509E-01
 1.02329E+00 5.14867E-01 5.79225E-01 6.37147E-01 6.43519E-01
 1.03514E+00 5.18068E-01 5.82826E-01 6.41109E-01 6.47520E-01
 1.04713E+00 5.21262E-01 5.86419E-01 6.45061E-01 6.51512E-01
 1.05925E+00 5.24447E-01 5.90003E-01 6.49003E-01 6.55493E-01
 1.07152E+00 5.27624E-01 5.93577E-01 6.52935E-01 6.59464E-01
 1.08393E+00 5.30792E-01 5.97141E-01 6.56855E-01 6.63423E-01
 1.09648E+00 5.33950E-01 6.00694E-01 6.60763E-01 6.67371E-01
 1.10917E+00 5.37098E-01 6.04235E-01 6.64659E-01 6.71305E-01
 1.12202E+00 5.40235E-01 6.07765E-01 6.68541E-01 6.75227E-01
 1.13501E+00 5.43362E-01 6.11282E-01 6.72410E-01 6.79134E-01
 1.14815E+00 5.46477E-01 6.14786E-01 6.76265E-01 6.83027E-01
 1.16145E+00 5.49579E-01 6.18277E-01 6.80105E-01 6.86906E-01
 1.17490E+00 5.52670E-01 6.21753E-01 6.83929E-01 6.90768E-01
 1.18850E+00 5.55747E-01 6.25215E-01 6.87737E-01 6.94614E-01
 1.20226E+00 5.58811E-01 6.28662E-01 6.91529E-01 6.98444E-01
 1.21619E+00 5.61861E-01 6.32094E-01 6.95303E-01 7.02256E-01
 1.23027E+00 5.64897E-01 6.35509E-01 6.99060E-01 7.06050E-01
 1.24451E+00 5.67918E-01 6.38907E-01 7.02798E-01 7.09826E-01
 1.25893E+00 5.70923E-01 6.42289E-01 7.06518E-01 7.13583E-01
 1.27350E+00 5.73914E-01 6.45653E-01 7.10218E-01 7.17320E-01
 1.28825E+00 5.76888E-01 6.48999E-01 7.13898E-01 7.21037E-01
 1.30317E+00 5.79845E-01 6.52326E-01 7.17558E-01 7.24734E-01
 1.31826E+00 5.82786E-01 6.55634E-01 7.21197E-01 7.28409E-01
 1.33352E+00 5.85709E-01 6.58922E-01 7.24815E-01 7.32063E-01
 1.34896E+00 5.88614E-01 6.62191E-01 7.28410E-01 7.35694E-01
 1.36458E+00 5.91502E-01 6.65439E-01 7.31983E-01 7.39303E-01
 1.38038E+00 5.94371E-01 6.68667E-01 7.35534E-01 7.42889E-01
 1.39637E+00 5.97221E-01 6.71873E-01 7.39061E-01 7.46451E-01
 1.41254E+00 6.00051E-01 6.75058E-01 7.42564E-01 7.49989E-01
 1.42889E+00 6.02863E-01 6.78220E-01 7.46042E-01 7.53503E-01
 1.44544E+00 6.05654E-01 6.81360E-01 7.49497E-01 7.56991E-01
 1.46218E+00 6.08425E-01 6.84478E-01 7.52926E-01 7.60455E-01
 1.47911E+00 6.11175E-01 6.87572E-01 7.56329E-01 7.63892E-01
 1.49624E+00 6.13904E-01 6.90642E-01 7.59707E-01 7.67304E-01
 1.51356E+00 6.16612E-01 6.93689E-01 7.63058E-01 7.70688E-01
 1.53109E+00 6.19299E-01 6.96711E-01 7.66382E-01 7.74046E-01
 1.54882E+00 6.21964E-01 6.99709E-01 7.69680E-01 7.77377E-01
 1.56675E+00 6.24606E-01 7.02682E-01 7.72950E-01 7.80680E-01
 1.58489E+00 6.27226E-01 7.05630E-01 7.76193E-01 7.83955E-01
 1.60325E+00 6.29824E-01 7.08552E-01 7.79407E-01 7.87201E-01
 1.62181E+00 6.32399E-01 7.11448E-01 7.82593E-01 7.90419E-01
 1.64059E+00 6.34950E-01 7.14319E-01 7.85751E-01 7.95078E-01
 1.65959E+00 6.37478E-01 7.17163E-01 7.88879E-01 8.05171E-01
 1.67880E+00 6.39983E-01 7.19981E-01 7.91979E-01 8.15392E-01
 1.69824E+00 6.42464E-01 7.22772E-01 7.95049E-01 8.25745E-01
 1.71791E+00 6.44921E-01 7.25536E-01 7.98089E-01 8.36233E-01
 1.73780E+00 6.47354E-01 7.28273E-01 8.01100E-01 8.46854E-01
 1.75792E+00 6.49762E-01 7.30982E-01 8.04081E-01 8.57610E-01
 1.77828E+00 6.52146E-01 7.33664E-01 8.07031E-01 8.68508E-01
 1.79887E+00 6.54506E-01 7.36319E-01 8.09951E-01 8.79542E-01
 1.81970E+00 6.56840E-01 7.38945E-01 8.12840E-01 8.90715E-01
 1.84077E+00 6.59150E-01 7.41544E-01 8.15699E-01 9.02036E-01
 1.86209E+00 6.61435E-01 7.44115E-01 8.18526E-01 9.13498E-01
 1.88365E+00 6.63695E-01 7.46657E-01 8.21323E-01 9.25103E-01
 1.90546E+00 6.65930E-01 7.49171E-01 8.24088E-01 9.36858E-01
 1.92752E+00 6.68140E-01 7.51657E-01 8.26823E-01 9.48762E-01
 1.94984E+00 6.70324E-01 7.54114E-01 8.29526E-01 9.60814E-01
 1.97242E+00 6.72483E-01 7.56543E-01 8.32198E-01 9.73017E-01
 1.99526E+00 6.74616E-01 7.58944E-01 8.34838E-01 9.85377E-01
 2.01837E+00 6.76725E-01 7.61315E-01 8.37447E-01 9.97890E-01
 2.04174E+00 6.78807E-01 7.63658E-01 8.40024E-01 1.01056E+00
 2.06538E+00 6.80865E-01 7.65973E-01 8.42570E-01 1.02338E+00
 2.08930E+00 6.82897E-01 7.68259E-01 8.45085E-01 1.03637E+00
 2.11349E+00 6.84903E-01 7.70516E-01 8.47568E-01 1.04952E+00
 2.13796E+00 6.86884E-01 7.72745E-01 8.50019E-01 1.06283E+00
 2.16272E+00 6.88840E-01 7.74945E-01 8.52440E-01 1.07630E+00
 2.18776E+00 6.90771E-01 7.77117E-01 8.54829E-01 1.08994E+00
 2.21309E+00 6.92676E-01 7.79260E-01 8.57186E-01 1.10375E+00
 2.23872E+00 6.94556E-01 7.81375E-01 8.59513E-01 1.11773E+00
 2.26464E+00 6.96410E-01 7.83462E-01 8.61808E-01 1.13187E+00
 2.29087E+00 6.98240E-01 7.85520E-01 8.64072E-01 1.14619E+00
 2.31739E+00 7.00045E-01 7.87550E-01 8.66305E-01 1.16069E+00
 2.34423E+00 7.01825E-01 7.89553E-01 8.68508E-01 1.17535E+00
 2.37137E+00 7.03580E-01 7.91527E-01 8.70680E-01 1.19020E+00
 2.39883E+00 7.05310E-01 7.93474E-01 8.72821E-01 1.20522E+00
 2.42661E+00 7.07016E-01 7.95393E-01 8.74932E-01 1.22043E+00
 2.45471E+00 7.08697E-01 7.97284E-01 8.77013E-01 1.23581E+00
 2.48313E+00 7.10354E-01 7.99148E-01 8.79063E-01 1.25137E+00
 2.51189E+00 7.11987E-01 8.00985E-01 8.81084E-01 1.26712E+00
 2.54097E+00 7.13596E-01 8.02795E-01 8.83075E-01 1.28306E+00
 2.57040E+00 7.15181E-01 8.04578E-01 8.85036E-01 1.29919E+00
 2.60016E+00 7.16742E-01 8.06335E-01 8.86968E-01 1.31550E+00
 2.63027E+00 7.18280E-01 8.08064E-01 8.88871E-01 1.33200E+00
 2.66073E+00 7.19794E-01 8.09768E-01 8.90745E-01 1.34869E+00
 2.69153E+00 7.21285E-01 8.11446E-01 8.92590E-01 1.36558E+00
 2.72270E+00 7.22753E-01 8.13097E-01 8.94407E-01 1.38267E+00
 2.75423E+00 7.24198E-01 8.14723E-01 8.96195E-01 1.39994E+00
 2.78612E+00 7.25621E-01 8.16323E-01 8.97956E-01 1.41742E+00
 2.81838E+00 7.27021E-01 8.17898E-01 8.99688E-01 1.43509E+00
 2.85102E+00 7.28399E-01 8.19449E-01 9.01393E-01 1.45296E+00
 2.88403E+00 7.29755E-01 8.20974E-01 9.03071E-01 1.47104E+00
 2.91743E+00 7.31088E-01 8.22475E-01 9.04722E-01 1.48932E+00
 2.95121E+00 7.32401E-01 8.23951E-01 9.06346E-01 1.50780E+00
 2.98538E+00 7.33692E-01 8.25403E-01 9.07944E-01 1.52649E+00
 3.01995E+00 7.34961E-01 8.26832E-01 9.09515E-01 1.54538E+00
 3.05492E+00 7.36210E-01 8.28236E-01 9.11060E-01 1.56448E+00
 3.09030E+00 7.37438E-01 8.29618E-01 9.12580E-01 1.58379E+00
 3.12608E+00 7.38646E-01 8.30976E-01 9.14074E-01 1.60331E+00
 3.16228E+00 7.39833E-01 8.32312E-01 9.15543E-01 1.62304E+00
 3.19890E+00 7.41000E-01 8.33625E-01 9.16987E-01 1.64298E+00
 3.23594E+00 7.42147E-01 8.34915E-01 9.18407E-01 1.66314E+00
 3.27341E+00 7.43274E-01 8.36184E-01 9.19802E-01 1.68351E+00
 3.31131E+00 7.44383E-01 8.37430E-01 9.21173E-01 1.70409E+00
 3.34965E+00 7.45472E-01 8.38655E-01 9.22521E-01 1.72489E+00
 3.38844E+00 7.46542E-01 8.39859E-01 9.23845E-01 1.74591E+00
 3.42768E+00 7.47593E-01 8.41042E-01 9.25146E-01 1.76715E+00
 3.46737E+00 7.48626E-01 8.42204E-01 9.26425E-01 1.78861E+00
 3.50752E+00 7.49641E-01 8.43346E-01 9.27680E-01 1.81029E+00
 3.54813E+00 7.50638E-01 8.44467E-01 9.28914E-01 1.83219E+00
 3.58922E+00 7.51617E-01 8.45569E-01 9.30126E-01 1.85431E+00
 3.63078E+00 7.52578E-01 8.46651E-01 9.31316E-01 1.87666E+00
 3.67282E+00 7.53523E-01 8.47713E-01 9.32484E-01 1.89923E+00
 3.71535E+00 7.54450E-01 8.48756E-01 9.33632E-01 1.92202E+00
 3.75837E+00 7.55360E-01 8.49781E-01 9.34759E-01 1.94504E+00
 3.80189E+00 7.56255E-01 8.50786E-01 9.35865E-01 1.96828E+00
 3.84592E+00 7.57132E-01 8.51774E-01 9.36951E-01 1.99175E+00
 3.89045E+00 7.57994E-01 8.52743E-01 9.38017E-01 2.01545E+00
 3.93550E+00 7.58840E-01 8.53695E-01 9.39064E-01 2.03937E+00
 3.98107E+00 7.59670E-01 8.54629E-01 9.40091E-01 2.06352E+00
 4.02717E+00 7.60485E-01 8.55545E-01 9.41100E-01 2.08791E+00
 4.07380E+00 7.61284E-01 8.56445E-01 9.42089E-01 2.11252E+00
 4.12098E+00 7.62069E-01 8.57328E-01 9.43061E-01 2.13736E+00
 4.16869E+00 7.62839E-01 8.58194E-01 9.44014E-01 2.16243E+00
 4.21697E+00 7.63595E-01 8.59044E-01 9.44949E-01 2.18773E+00
 4.26580E+00 7.64336E-01 8.59879E-01 9.45866E-01 2.21327E+00
 4.31519E+00 7.65064E-01 8.60697E-01 9.46767E-01 2.23903E+00
 4.36516E+00 7.65778E-01 8.61500E-01 9.47650E-01 2.26502E+00
 4.41570E+00 7.66478E-01 8.62287E-01 9.48516E-01 2.29125E+00
 4.46684E+00 7.67164E-01 8.63060E-01 9.49366E-01 2.31771E+00
 4.51856E+00 7.67838E-01 8.63818E-01 9.50200E-01 2.34440E+00
 4.57088E+00 7.68499E-01 8.64561E-01 9.51017E-01 2.37132E+00
 4.62381E+00 7.69147E-01 8.65290E-01 9.51819E-01 2.39847E+00
 4.67735E+00 7.69782E-01 8.66005E-01 9.52606E-01 2.42586E+00
 4.73151E+00 7.70406E-01 8.66706E-01 9.53377E-01 2.45348E+00
 4.78630E+00 7.71017E-01 8.67394E-01 9.54134E-01 2.48133E+00
 4.84172E+00 7.71616E-01 8.68068E-01 9.54875E-01 2.50941E+00
 4.89779E+00 7.72204E-01 8.68730E-01 9.55602E-01 2.53772E+00
 4.95450E+00 7.72780E-01 8.69378E-01 9.56316E-01 2.56626E+00
 5.01187E+00 7.73345E-01 8.70013E-01 9.57015E-01 2.59504E+00
 5.06991E+00 7.73899E-01 8.70636E-01 9.57700E-01 2.62404E+00
 5.12861E+00 7.74442E-01 8.71247E-01 9.58372E-01 2.65328E+00
 5.18800E+00 7.74974E-01 8.71846E-01 9.59031E-01 2.68275E+00
 5.24807E+00 7.75496E-01 8.72433E-01 9.59677E-01 2.71245E+00
 5.30884E+00 7.76008E-01 8.73009E-01 9.60310E-01 2.74238E+00
 5.37032E+00 7.76509E-01 8.73573E-01 9.60930E-01 2.77253E+00
 5.43250E+00 7.77000E-01 8.74126E-01 9.61538E-01 2.80292E+00
 5.49541E+00 7.77482E-01 8.74667E-01 9.62134E-01 2.83353E+00
 5.55904E+00 7.77954E-01 8.75198E-01 9.62718E-01 2.86436E+00
 5.62341E+00 7.78417E-01 8.75719E-01 9.63291E-01 2.89543E+00
 5.68853E+00 7.78870E-01 8.76229E-01 9.63852E-01 2.92671E+00
 5.75440E+00 7.79314E-01 8.76729E-01 9.64402E-01 2.95823E+00
 5.82103E+00 7.79750E-01 8.77218E-01 9.64940E-01 2.98996E+00
 5.88844E+00 7.80176E-01 8.77698E-01 9.65468E-01 3.02192E+00
 5.95662E+00 7.80594E-01 8.78169E-01 9.65986E-01 3.05410E+00
 6.02560E+00 7.81004E-01 8.78629E-01 9.66492E-01 3.08650E+00
 6.09537E+00 7.81405E-01 8.79081E-01 9.66989E-01 3.11913E+00
 6.16595E+00 7.81798E-01 8.79523E-01 9.67475E-01 3.15197E+00
 6.23735E+00 7.82184E-01 8.79957E-01 9.67952E-01 3.18502E+00
 6.30957E+00 7.82561E-01 8.80381E-01 9.68419E-01 3.21829E+00
 6.38263E+00 7.82931E-01 8.80797E-01 9.68877E-01 3.25178E+00
 6.45654E+00 7.83293E-01 8.81204E-01 9.69325E-01 3.28547E+00
 6.53131E+00 7.83648E-01 8.81604E-01 9.69764E-01 3.31939E+00
 6.60693E+00 7.83995E-01 8.81995E-01 9.70194E-01 3.35351E+00
 6.68344E+00 7.84336E-01 8.82377E-01 9.70615E-01 3.38784E+00
 6.76083E+00 7.84669E-01 8.82753E-01 9.71028E-01 3.42238E+00
 6.83912E+00 7.84996E-01 8.83120E-01 9.71432E-01 3.45711E+00
 6.91831E+00 7.85316E-01 8.83480E-01 9.71828E-01 3.49205E+00
 6.99842E+00 7.85629E-01 8.83832E-01 9.72216E-01 3.52720E+00
 7.07946E+00 7.85936E-01 8.84178E-01 9.72595E-01 3.56254E+00
 7.16143E+00 7.86236E-01 8.84516E-01 9.72967E-01 3.59809E+00
 7.24436E+00 7.86531E-01 8.84847E-01 9.73332E-01 3.63382E+00
 7.32825E+00 7.86819E-01 8.85171E-01 9.73688E-01 3.66974E+00
 7.41310E+00 7.87101E-01 8.85489E-01 9.74038E-01 3.70586E+00
 7.49894E+00 7.87378E-01 8.85800E-01 9.74380E-01 3.74216E+00
 7.58578E+00 7.87648E-01 8.86104E-01 9.74715E-01 3.77866E+00
 7.67361E+00 7.87913E-01 8.86402E-01 9.75043E-01 3.81533E+00
 7.76247E+00 7.88173E-01 8.86695E-01 9.75364E-01 3.85218E+00
 7.85236E+00 7.88427E-01 8.86980E-01 9.75678E-01 3.88920E+00
 7.94328E+00 7.88676E-01 8.87260E-01 9.75986E-01 3.92641E+00
 8.03526E+00 7.88920E-01 8.87535E-01 9.76288E-01 3.96379E+00
 8.12831E+00 7.89158E-01 8.87803E-01 9.76583E-01 4.00133E+00
 8.22243E+00 7.89392E-01 8.88066E-01 9.76872E-01 4.03904E+00
 8.31764E+00 7.89621E-01 8.88323E-01 9.77155E-01 4.07690E+00
 8.41395E+00 7.89844E-01 8.88575E-01 9.77432E-01 4.11494E+00
 8.51138E+00 7.90064E-01 8.88822E-01 9.77704E-01 4.15313E+00
 8.60994E+00 7.90278E-01 8.89063E-01 9.77969E-01 4.19146E+00
 8.70964E+00 7.90488E-01 8.89299E-01 9.78229E-01 4.22993E+00
 8.81049E+00 7.90694E-01 8.89531E-01 9.78484E-01 4.26857E+00
 8.91251E+00 7.90895E-01 8.89757E-01 9.78733E-01 4.30734E+00
 9.01571E+00 7.91093E-01 8.89979E-01 9.78977E-01 4.34624E+00
 9.12011E+00 7.91286E-01 8.90196E-01 9.79216E-01 4.38526E+00
 9.22571E+00 7.91474E-01 8.90409E-01 9.79450E-01 4.42443E+00
 9.33254E+00 7.91659E-01 8.90617E-01 9.79678E-01 4.46372E+00
 9.44061E+00 7.91840E-01 8.90820E-01 9.79902E-01 4.50312E+00
 9.54993E+00 7.92017E-01 8.91020E-01 9.80122E-01 4.54263E+00
 9.66051E+00 7.92191E-01 8.91215E-01 9.80336E-01 4.58227E+00
 9.77237E+00 7.92361E-01 8.91406E-01 9.80546E-01 4.62200E+00
 9.88553E+00 7.92527E-01 8.91593E-01 9.80752E-01 4.66182E+00
 1.00000E+01 7.92689E-01 8.91776E-01 9.80953E-01 4.70175E+00
 1.01158E+01 7.92849E-01 8.91955E-01 9.81150E-01 4.74177E+00
 1.02329E+01 7.93004E-01 8.92130E-01 9.81343E-01 4.78186E+00
 1.03514E+01 7.93157E-01 8.92301E-01 9.81531E-01 4.82203E+00
 1.04713E+01 7.93306E-01 8.92469E-01 9.81716E-01 4.86229E+00
 1.05925E+01 7.93452E-01 8.92633E-01 9.81897E-01 4.90260E+00
 1.07152E+01 7.93595E-01 8.92794E-01 9.82074E-01 4.94297E+00
 1.08393E+01 7.93735E-01 8.92952E-01 9.82247E-01 4.98341E+00
 1.09648E+01 7.93872E-01 8.93105E-01 9.82416E-01 5.02389E+00
 1.10917E+01 7.94005E-01 8.93256E-01 9.82582E-01 5.06440E+00
 1.12202E+01 7.94137E-01 8.93404E-01 9.82744E-01 5.10497E+00
 1.13501E+01 7.94265E-01 8.93548E-01 9.82903E-01 5.14555E+00
 1.14815E+01 7.94390E-01 8.93689E-01 9.83058E-01 5.18615E+00
 1.16145E+01 7.94513E-01 8.93827E-01 9.83210E-01 5.22678E+00
 1.17490E+01 7.94633E-01 8.93962E-01 9.83359E-01 5.26742E+00
 1.18850E+01 7.94751E-01 8.94095E-01 9.83504E-01 5.30804E+00
 1.20226E+01 7.94866E-01 8.94224E-01 9.83647E-01 5.34868E+00
 1.21619E+01 7.94979E-01 8.94351E-01 9.83786E-01 5.38929E+00
 1.23027E+01 7.95089E-01 8.94475E-01 9.83922E-01 5.42988E+00
 1.24451E+01 7.95197E-01 8.94596E-01 9.84056E-01 5.47046E+00
 1.25893E+01 7.95302E-01 8.94715E-01 9.84186E-01 5.51098E+00
 1.27350E+01 7.95405E-01 8.94831E-01 9.84314E-01 5.55146E+00
 1.28825E+01 7.95506E-01 8.94945E-01 9.84439E-01 5.59190E+00
 1.30317E+01 7.95605E-01 8.95056E-01 9.84561E-01 5.63226E+00
 1.31826E+01 7.95702E-01 8.95164E-01 9.84681E-01 5.67258E+00
 1.33352E+01 7.95796E-01 8.95271E-01 9.84798E-01 5.71280E+00
 1.34896E+01 7.95889E-01 8.95375E-01 9.84912E-01 5.75293E+00
 1.36458E+01 7.95979E-01 8.95477E-01 9.85024E-01 5.79299E+00
 1.38038E+01 7.96068E-01 8.95576E-01 9.85134E-01 5.83292E+00
 1.39637E+01 7.96155E-01 8.95674E-01 9.85241E-01 5.87275E+00
 1.41254E+01 7.96239E-01 8.95769E-01 9.85346E-01 5.91246E+00
 1.42889E+01 7.96322E-01 8.95863E-01 9.85449E-01 5.95202E+00
 1.44544E+01 7.96403E-01 8.95954E-01 9.85549E-01 5.99147E+00
 1.46218E+01 7.96483E-01 8.96043E-01 9.85648E-01 6.03074E+00
 1.47911E+01 7.96560E-01 8.96131E-01 9.85744E-01 6.06986E+00
 1.49624E+01 7.96636E-01 8.96216E-01 9.85838E-01 6.10883E+00
 1.51356E+01 7.96711E-01 8.96300E-01 9.85930E-01 6.14759E+00
 1.53109E+01 7.96783E-01 8.96381E-01 9.86020E-01 6.18618E+00
 1.54882E+01 7.96855E-01 8.96461E-01 9.86108E-01 6.22456E+00
 1.56675E+01 7.96924E-01 8.96540E-01 9.86194E-01 6.26274E+00
 1.58489E+01 7.96992E-01 8.96616E-01 9.86278E-01 6.30070E+00
 1.60325E+01 7.97059E-01 8.96691E-01 9.86360E-01 6.33841E+00
 1.62181E+01 7.97124E-01 8.96764E-01 9.86441E-01 6.37591E+00
 1.64059E+01 7.97188E-01 8.96836E-01 9.86520E-01 6.41313E+00
 1.65959E+01 7.97250E-01 8.96906E-01 9.86597E-01 6.45010E+00
 1.67880E+01 7.97311E-01 8.96975E-01 9.86672E-01 6.48680E+00
 1.69824E+01 7.97370E-01 8.97042E-01 9.86746E-01 6.52320E+00
 1.71791E+01 7.97429E-01 8.97107E-01 9.86818E-01 6.55934E+00
 1.73780E+01 7.97486E-01 8.97171E-01 9.86889E-01 6.59514E+00
 1.75792E+01 7.97541E-01 8.97234E-01 9.86958E-01 6.63064E+00
 1.77828E+01 7.97596E-01 8.97296E-01 9.87025E-01 6.66581E+00
 1.79887E+01 7.97649E-01 8.97356E-01 9.87091E-01 6.70063E+00
 1.81970E+01 7.97702E-01 8.97414E-01 9.87156E-01 6.73512E+00
 1.84077E+01 7.97753E-01 8.97472E-01 9.87219E-01 6.76922E+00
 1.86209E+01 7.97803E-01 8.97528E-01 9.87281E-01 6.80298E+00
 1.88365E+01 7.97851E-01 8.97583E-01 9.87341E-01 6.83633E+00
 1.90546E+01 7.97899E-01 8.97637E-01 9.87400E-01 6.86930E+00
 1.92752E+01 7.97946E-01 8.97689E-01 9.87458E-01 6.90186E+00
 1.94984E+01 7.97992E-01 8.97740E-01 9.87515E-01 6.93400E+00
 1.97242E+01 7.98036E-01 8.97791E-01 9.87570E-01 6.96572E+00
 1.99526E+01 7.98080E-01 8.97840E-01 9.87624E-01 6.99697E+00
 2.01837E+01 7.98123E-01 8.97888E-01 9.87677E-01 7.02781E+00
 2.04174E+01 7.98164E-01 8.97935E-01 9.87729E-01 7.05815E+00
 2.06538E+01 7.98205E-01 8.97981E-01 9.87779E-01 7.08803E+00
 2.08930E+01 7.98245E-01 8.98026E-01 9.87829E-01 7.11743E+00
 2.11349E+01 7.98284E-01 8.98070E-01 9.87877E-01 7.14631E+00
 2.13796E+01 7.98323E-01 8.98113E-01 9.87924E-01 7.17471E+00
 2.16272E+01 7.98360E-01 8.98155E-01 9.87971E-01 7.20257E+00
 2.18776E+01 7.98397E-01 8.98196E-01 9.88016E-01 7.22991E+00
 2.21309E+01 7.98432E-01 8.98236E-01 9.88060E-01 7.25670E+00
 2.23872E+01 7.98467E-01 8.98276E-01 9.88103E-01 7.28294E+00
 2.26464E+01 7.98502E-01 8.98314E-01 9.88146E-01 7.30862E+00
 2.29087E+01 7.98535E-01 8.98352E-01 9.88187E-01 7.33371E+00
 2.31739E+01 7.98568E-01 8.98389E-01 9.88227E-01 7.35824E+00
 2.34423E+01 7.98600E-01 8.98425E-01 9.88267E-01 7.38215E+00
 2.37137E+01 7.98631E-01 8.98460E-01 9.88306E-01 7.40546E+00
 2.39883E+01 7.98661E-01 8.98494E-01 9.88344E-01 7.42816E+00
 2.42661E+01 7.98691E-01 8.98528E-01 9.88381E-01 7.45021E+00
 2.45471E+01 7.98721E-01 8.98561E-01 9.88417E-01 7.47166E+00
 2.48313E+01 7.98749E-01 8.98593E-01 9.88452E-01 7.49243E+00
 2.51189E+01 7.98777E-01 8.98624E-01 9.88487E-01 7.51255E+00
 2.54097E+01 7.98805E-01 8.98655E-01 9.88521E-01 7.53201E+00
 2.57040E+01 7.98831E-01 8.98685E-01 9.88554E-01 7.55077E+00
 2.60016E+01 7.98857E-01 8.98715E-01 9.88586E-01 7.56889E+00
 2.63027E+01 7.98883E-01 8.98743E-01 9.88618E-01 7.58628E+00
 2.66073E+01 7.98908E-01 8.98771E-01 9.88649E-01 7.60297E+00
 2.69153E+01 7.98932E-01 8.98799E-01 9.88679E-01 7.61896E+00
 2.72270E+01 7.98956E-01 8.98826E-01 9.88708E-01 7.63421E+00
 2.75423E+01 7.98980E-01 8.98852E-01 9.88737E-01 7.64875E+00
 2.78612E+01 7.99003E-01 8.98878E-01 9.88766E-01 7.66254E+00
 2.81838E+01 7.99025E-01 8.98903E-01 9.88793E-01 7.67557E+00
 2.85102E+01 7.99047E-01 8.98928E-01 9.88820E-01 7.68789E+00
 2.88403E+01 7.99068E-01 8.98952E-01 9.88847E-01 7.69942E+00
 2.91743E+01 7.99089E-01 8.98975E-01 9.88873E-01 7.71018E+00
 2.95121E+01 7.99109E-01 8.98998E-01 9.88898E-01 7.72019E+00
 2.98538E+01 7.99129E-01 8.99021E-01 9.88923E-01 7.72941E+00
 3.01995E+01 7.99149E-01 8.99042E-01 9.88947E-01 7.73783E+00
 3.05492E+01 7.99168E-01 8.99064E-01 9.88970E-01 7.74548E+00
 3.09030E+01 7.99187E-01 8.99085E-01 9.88993E-01 7.75232E+00
 3.12608E+01 7.99205E-01 8.99105E-01 9.89016E-01 7.75834E+00
 3.16228E+01 7.99223E-01 8.99126E-01 9.89038E-01 7.76359E+00
 3.19890E+01 7.99240E-01 8.99145E-01 9.89060E-01 7.76801E+00
 3.23594E+01 7.99257E-01 8.99164E-01 9.89081E-01 7.77160E+00
 3.27341E+01 7.99274E-01 8.99183E-01 9.89101E-01 7.77440E+00
 3.31131E+01 7.99290E-01 8.99201E-01 9.89122E-01 7.77637E+00
 3.34965E+01 7.99306E-01 8.99219E-01 9.89141E-01 7.77750E+00
 3.38844E+01 7.99322E-01 8.99237E-01 9.89161E-01 7.77780E+00
 3.42768E+01 7.99337E-01 8.99254E-01 9.89179E-01 7.77729E+00
 3.46737E+01 7.99352E-01 8.99271E-01 9.89198E-01 7.77593E+00
 3.50752E+01 7.99366E-01 8.99287E-01 9.89216E-01 7.77373E+00
 3.54813E+01 7.99381E-01 8.99303E-01 9.89234E-01 7.77070E+00
 3.58922E+01 7.99395E-01 8.99319E-01 9.89251E-01 7.76685E+00
 3.63078E+01 7.99408E-01 8.99334E-01 9.89268E-01 7.76215E+00
 3.67282E+01 7.99421E-01 8.99349E-01 9.89284E-01 7.75660E+00
 3.71535E+01 7.99435E-01 8.99364E-01 9.89300E-01 7.75022E+00
 3.75837E+01 7.99447E-01 8.99378E-01 9.89316E-01 7.74302E+00
 3.80189E+01 7.99460E-01 8.99392E-01 9.89331E-01 7.73497E+00
 3.84592E+01 7.99472E-01 8.99406E-01 9.89346E-01 7.72609E+00
 3.89045E+01 7.99484E-01 8.99419E-01 9.89361E-01 7.71636E+00
 3.93550E+01 7.99495E-01 8.99432E-01 9.89375E-01 7.70582E+00
 3.98107E+01 7.99507E-01 8.99445E-01 9.89390E-01 7.69446E+00
 4.02717E+01 7.99518E-01 8.99457E-01 9.89403E-01 7.68227E+00
 4.07380E+01 7.99529E-01 8.99470E-01 9.89417E-01 7.66925E+00
 4.12098E+01 7.99539E-01 8.99482E-01 9.89430E-01 7.65542E+00
 4.16869E+01 7.99550E-01 8.99493E-01 9.89443E-01 7.64077E+00
 4.21697E+01 7.99560E-01 8.99505E-01 9.89455E-01 7.62531E+00
 4.26580E+01 7.99570E-01 8.99516E-01 9.89467E-01 7.60906E+00
 4.31519E+01 7.99579E-01 8.99527E-01 9.89479E-01 7.59202E+00
 4.36516E+01 7.99589E-01 8.99537E-01 9.89491E-01 7.57418E+00
 4.41570E+01 7.99598E-01 8.99548E-01 9.89503E-01 7.55556E+00
 4.46684E+01 7.99607E-01 8.99558E-01 9.89514E-01 7.53615E+00
 4.51856E+01 7.99616E-01 8.99568E-01 9.89525E-01 7.51598E+00
 4.57088E+01 7.99625E-01 8.99578E-01 9.89536E-01 7.49503E+00
 4.62381E+01 7.99633E-01 8.99587E-01 9.89546E-01 7.47334E+00
 4.67735E+01 7.99641E-01 8.99597E-01 9.89556E-01 7.45089E+00
 4.73151E+01 7.99649E-01 8.99606E-01 9.89566E-01 7.42770E+00
 4.78630E+01 7.99657E-01 8.99615E-01 9.89576E-01 7.40379E+00
 4.84172E+01 7.99665E-01 8.99623E-01 9.89586E-01 7.37915E+00
 4.89779E+01 7.99673E-01 8.99632E-01 9.89595E-01 7.35379E+00
 4.95450E+01 7.99680E-01 8.99640E-01 9.89604E-01 7.32774E+00
 5.01187E+01 7.99687E-01 8.99648E-01 9.89613E-01 7.30099E+00
 5.06991E+01 7.99694E-01 8.99656E-01 9.89622E-01 7.27356E+00
 5.12861E+01 7.99701E-01 8.99664E-01 9.89630E-01 7.24546E+00
 5.18800E+01 7.99708E-01 8.99671E-01 9.89639E-01 7.21670E+00
 5.24807E+01 7.99715E-01 8.99679E-01 9.89647E-01 7.18728E+00
 5.30884E+01 7.99721E-01 8.99686E-01 9.89655E-01 7.15723E+00
 5.37032E+01 7.99727E-01 8.99693E-01 9.89663E-01 7.12654E+00
 5.43250E+01 7.99733E-01 8.99700E-01 9.89670E-01 7.09524E+00
 5.49541E+01 7.99739E-01 8.99707E-01 9.89678E-01 7.06334E+00
 5.55904E+01 7.99745E-01 8.99714E-01 9.89685E-01 7.03084E+00
 5.62341E+01 7.99751E-01 8.99720E-01 9.89692E-01 6.99776E+00
 5.68853E+01 7.99757E-01 8.99726E-01 9.89699E-01 6.96411E+00
 5.75440E+01 7.99762E-01 8.99732E-01 9.89706E-01 6.92992E+00
 5.82103E+01 7.99768E-01 8.99739E-01 9.89712E-01 6.89519E+00
 5.88844E+01 7.99773E-01 8.99744E-01 9.89719E-01 6.85993E+00
 5.95662E+01 7.99778E-01 8.99750E-01 9.89725E-01 6.82415E+00
 6.02560E+01 7.99783E-01 8.99756E-01 9.89731E-01 6.78786E+00
 6.09537E+01 7.99788E-01 8.99761E-01 9.89738E-01 6.75109E+00
 6.16595E+01 7.99793E-01 8.99767E-01 9.89743E-01 6.71386E+00
 6.23735E+01 7.99797E-01 8.99772E-01 9.89749E-01 6.67616E+00
 6.30957E+01 7.99802E-01 8.99777E-01 9.89755E-01 6.63800E+00
 6.38263E+01 7.99806E-01 8.99782E-01 9.89760E-01 6.59941E+00
 6.45654E+01 7.99811E-01 8.99787E-01 9.89766E-01 6.56042E+00
 6.53131E+01 7.99815E-01 8.99792E-01 9.89771E-01 6.52102E+00
 6.60693E+01 7.99819E-01 8.99797E-01 9.89776E-01 6.48122E+00
 6.68344E+01 7.99823E-01 8.99801E-01 9.89781E-01 6.44104E+00
 6.76083E+01 7.99827E-01 8.99806E-01 9.89786E-01 6.40052E+00
 6.83912E+01 7.99831E-01 8.99810E-01 9.89791E-01 6.35963E+00
 6.91831E+01 7.99835E-01 8.99814E-01 9.89796E-01 6.31840E+00
 6.99842E+01 7.99839E-01 8.99819E-01 9.89800E-01 6.27688E+00
 7.07946E+01 7.99842E-01 8.99823E-01 9.89805E-01 6.23503E+00
 7.16143E+01 7.99846E-01 8.99827E-01 9.89809E-01 6.19288E+00
 7.24436E+01 7.99849E-01 8.99831E-01 9.89814E-01 6.15048E+00
 7.32825E+01 7.99853E-01 8.99834E-01 9.89818E-01 6.10779E+00
 7.41310E+01 7.99856E-01 8.99838E-01 9.89822E-01 6.06486E+00
 7.49894E+01 7.99859E-01 8.99842E-01 9.89826E-01 6.02169E+00
 7.58578E+01 7.99863E-01 8.99845E-01 9.89830E-01 5.97829E+00
 7.67361E+01 7.99866E-01 8.99849E-01 9.89834E-01 5.93470E+00
 7.76247E+01 7.99869E-01 8.99852E-01 9.89838E-01 5.89089E+00
 7.85236E+01 7.99872E-01 8.99856E-01 9.89841E-01 5.84691E+00
 7.94328E+01 7.99875E-01 8.99859E-01 9.89845E-01 5.80275E+00
 8.03526E+01 7.99877E-01 8.99862E-01 9.89848E-01 5.75844E+00
 8.12831E+01 7.99880E-01 8.99865E-01 9.89852E-01 5.71398E+00
 8.22243E+01 7.99883E-01 8.99868E-01 9.89855E-01 5.66939E+00
 8.31764E+01 7.99886E-01 8.99871E-01 9.89858E-01 5.62468E+00
 8.41395E+01 7.99888E-01 8.99874E-01 9.89862E-01 5.57986E+00
 8.51138E+01 7.99891E-01 8.99877E-01 9.89865E-01 5.53496E+00
 8.60994E+01 7.99893E-01 8.99880E-01 9.89868E-01 5.48996E+00
 8.70964E+01 7.99896E-01 8.99883E-01 9.89871E-01 5.44490E+00
 8.81049E+01 7.99898E-01 8.99885E-01 9.89874E-01 5.39978E+00
 8.91251E+01 7.99900E-01 8.99888E-01 9.89877E-01 5.35460E+00
 9.01571E+01 7.99903E-01 8.99890E-01 9.89879E-01 5.30940E+00
 9.12011E+01 7.99905E-01 8.99893E-01 9.89882E-01 5.26416E+00
 9.22571E+01 7.99907E-01 8.99895E-01 9.89885E-01 5.21893E+00
 9.33254E+01 7.99909E-01 8.99898E-01 9.89887E-01 5.17368E+00
 9.44061E+01 7.99911E-01 8.99900E-01 9.89890E-01 5.12843E+00
 9.54993E+01 7.99913E-01 8.99902E-01 9.89892E-01 5.08322E+00
 9.66051E+01 7.99915E-01 8.99904E-01 9.89895E-01 5.03802E+00
 9.77237E+01 7.99917E-01 8.99907E-01 9.89897E-01 4.99286E+00
 9.88553E+01 7.99919E-01 8.99909E-01 9.89900E-01 4.94776E+00
 1.00000E+02 7.99921E-01 8.99911E-01 9.89902E-01 4.90270E+00
