 1.00000E-02 1.88872E-02 3.54964E-02 6.37269E-02 6.85297E-02
 2.00000E-02 1.89224E-02 3.55703E-02 6.40327E-02 6.85986E-02
 3.00000E-02 1.89810E-02 3.57084E-02 6.41795E-02 6.87785E-02
 4.00000E-02 1.90686E-02 3.58369E-02 6.43145E-02 6.89685E-02
 5.00000E-02 1.91787E-02 3.59925E-02 6.45461E-02 6.91798E-02
 6.00000E-02 1.93094E-02 3.61855E-02 6.47966E-02 6.94300E-02
 7.00000E-02 1.94621E-02 3.64200E-02 6.50909E-02 6.97286E-02
 8.00000E-02 1.96376E-02 3.66857E-02 6.54394E-02 7.00836E-02
 9.00000E-02 1.98375E-02 3.69846E-02 6.58231E-02 7.04786E-02
 1.00000E-01 2.00611E-02 3.73177E-02 6.62603E-02 7.09162E-02
 1.10000E-01 2.03070E-02 3.76888E-02 6.67383E-02 7.14021E-02
 1.20000E-01 2.05753E-02 3.80935E-02 6.72616E-02 7.19360E-02
 1.30000E-01 2.08679E-02 3.85319E-02 6.78311E-02 7.25126E-02
 1.40000E-01 2.11823E-02 3.90042E-02 6.84428E-02 7.31343E-02
 1.50000E-01 2.15197E-02 3.95103E-02 6.91021E-02 7.38043E-02
 1.60000E-01 2.18795E-02 4.00504E-02 6.98024E-02 7.45169E-02
 1.70000E-01 2.22616E-02 4.06248E-02 7.05500E-02 7.52752E-02
 1.80000E-01 2.26659E-02 4.12324E-02 7.13386E-02 7.60790E-02
 1.90000E-01 2.30924E-02 4.18729E-02 7.21734E-02 7.69251E-02
 2.00000E-01 2.35403E-02 4.25462E-02 7.30493E-02 7.78185E-02
 2.10000E-01 2.40105E-02 4.32520E-02 7.39701E-02 7.87537E-02
 2.20000E-01 2.45019E-02 4.39901E-02 7.49323E-02 7.97339E-02
 2.30000E-01 2.50145E-02 4.47602E-02 7.59377E-02 8.07567E-02
 2.40000E-01 2.55481E-02 4.55619E-02 7.69849E-02 8.18232E-02
 2.50000E-01 2.61026E-02 4.63949E-02 7.80737E-02 8.29321E-02
 2.60000E-01 2.66779E-02 4.72589E-02 7.92043E-02 8.40838E-02
 2.70000E-01 2.72735E-02 4.81534E-02 8.03750E-02 8.52771E-02
 2.80000E-01 2.78892E-02 4.90788E-02 8.15876E-02 8.65126E-02
 2.90000E-01 2.85250E-02 5.00340E-02 8.28393E-02 8.77886E-02
 3.00000E-01 2.91804E-02 5.10187E-02 8.41314E-02 8.91064E-02
 3.10000E-01 2.98552E-02 5.20324E-02 8.54624E-02 9.04635E-02
 3.20000E-01 3.05491E-02 5.30751E-02 8.68321E-02 9.18617E-02
 3.30000E-01 3.12617E-02 5.41464E-02 8.82406E-02 9.32984E-02
 3.40000E-01 3.19932E-02 5.52453E-02 8.96861E-02 9.47747E-02
 3.50000E-01 3.27427E-02 5.63722E-02 9.11699E-02 9.62889E-02
 3.60000E-01 3.35105E-02 5.75261E-02 9.26897E-02 9.78412E-02
 3.70000E-01 3.42958E-02 5.87067E-02 9.42463E-02 9.94309E-02
 3.80000E-01 3.50987E-02 5.99137E-02 9.58381E-02 1.01057E-01
 3.90000E-01 3.59187E-02 6.11466E-02 9.74654E-02 1.02720E-01
 4.00000E-01 3.67554E-02 6.24048E-02 9.91269E-02 1.04418E-01
 4.10000E-01 3.76088E-02 6.36883E-02 1.00823E-01 1.06151E-01
 4.20000E-01 3.84783E-02 6.49960E-02 1.02551E-01 1.07919E-01
 4.30000E-01 3.93638E-02 6.63277E-02 1.04313E-01 1.09720E-01
 4.40000E-01 4.02648E-02 6.76833E-02 1.06107E-01 1.11555E-01
 4.50000E-01 4.11810E-02 6.90620E-02 1.07932E-01 1.13422E-01
 4.60000E-01 4.21123E-02 7.04633E-02 1.09788E-01 1.15321E-01
 4.70000E-01 4.30581E-02 7.18868E-02 1.11674E-01 1.17250E-01
 4.80000E-01 4.40182E-02 7.33320E-02 1.13590E-01 1.19211E-01
 4.90000E-01 4.49922E-02 7.47984E-02 1.15535E-01 1.21202E-01
 5.00000E-01 4.59800E-02 7.62855E-02 1.17508E-01 1.23221E-01
 5.10000E-01 4.69810E-02 7.77930E-02 1.19508E-01 1.25269E-01
 5.20000E-01 4.79950E-02 7.93202E-02 1.21536E-01 1.27345E-01
 5.30000E-01 4.90217E-02 8.08666E-02 1.23590E-01 1.29448E-01
 5.40000E-01 5.00607E-02 8.24322E-02 1.25669E-01 1.31577E-01
 5.50000E-01 5.11117E-02 8.40159E-02 1.27773E-01 1.33732E-01
 5.60000E-01 5.21743E-02 8.56174E-02 1.29902E-01 1.35912E-01
 5.70000E-01 5.32484E-02 8.72365E-02 1.32054E-01 1.38117E-01
 5.80000E-01 5.43334E-02 8.88724E-02 1.34229E-01 1.40345E-01
 5.90000E-01 5.54291E-02 9.05248E-02 1.36427E-01 1.42596E-01
 6.00000E-01 5.65353E-02 9.21931E-02 1.38646E-01 1.44869E-01
 6.10000E-01 5.76514E-02 9.38770E-02 1.40886E-01 1.47164E-01
 6.20000E-01 5.87773E-02 9.55757E-02 1.43146E-01 1.49479E-01
 6.30000E-01 5.99126E-02 9.72893E-02 1.45426E-01 1.51815E-01
 6.40000E-01 6.10570E-02 9.90168E-02 1.47725E-01 1.54170E-01
 6.50000E-01 6.22102E-02 1.00758E-01 1.50042E-01 1.56544E-01
 6.60000E-01 6.33718E-02 1.02512E-01 1.52377E-01 1.58937E-01
 6.70000E-01 6.45416E-02 1.04279E-01 1.54729E-01 1.61347E-01
 6.80000E-01 6.57193E-02 1.06059E-01 1.57098E-01 1.63773E-01
 6.90000E-01 6.69045E-02 1.07850E-01 1.59482E-01 1.66217E-01
 7.00000E-01 6.80970E-02 1.09653E-01 1.61882E-01 1.68675E-01
 7.10000E-01 6.92965E-02 1.11466E-01 1.64296E-01 1.71149E-01
 7.20000E-01 7.05026E-02 1.13290E-01 1.66724E-01 1.73636E-01
 7.30000E-01 7.17152E-02 1.15125E-01 1.69166E-01 1.76138E-01
 7.40000E-01 7.29338E-02 1.16969E-01 1.71620E-01 1.78653E-01
 7.50000E-01 7.41583E-02 1.18822E-01 1.74087E-01 1.81180E-01
 7.60000E-01 7.53883E-02 1.20684E-01 1.76566E-01 1.83719E-01
 7.70000E-01 7.66236E-02 1.22555E-01 1.79056E-01 1.86269E-01
 7.80000E-01 7.78638E-02 1.24434E-01 1.81556E-01 1.88831E-01
 7.90000E-01 7.91089E-02 1.26320E-01 1.84067E-01 1.91402E-01
 8.00000E-01 8.03583E-02 1.28214E-01 1.86587E-01 1.93983E-01
 8.10000E-01 8.16120E-02 1.30115E-01 1.89116E-01 1.96573E-01
 8.20000E-01 8.28697E-02 1.32022E-01 1.91654E-01 1.99172E-01
 8.30000E-01 8.41311E-02 1.33936E-01 1.94199E-01 2.01779E-01
 8.40000E-01 8.53959E-02 1.35855E-01 1.96753E-01 2.04393E-01
 8.50000E-01 8.66640E-02 1.37780E-01 1.99313E-01 2.07015E-01
 8.60000E-01 8.79351E-02 1.39710E-01 2.01880E-01 2.09643E-01
 8.70000E-01 8.92089E-02 1.41645E-01 2.04453E-01 2.12277E-01
 8.80000E-01 9.04852E-02 1.43585E-01 2.07032E-01 2.14916E-01
 8.90000E-01 9.17639E-02 1.45528E-01 2.09616E-01 2.17561E-01
 9.00000E-01 9.30447E-02 1.47475E-01 2.12204E-01 2.20210E-01
 9.10000E-01 9.43273E-02 1.49426E-01 2.14797E-01 2.22864E-01
 9.20000E-01 9.56116E-02 1.51381E-01 2.17394E-01 2.25521E-01
 9.30000E-01 9.68973E-02 1.53338E-01 2.19995E-01 2.28182E-01
 9.40000E-01 9.81842E-02 1.55297E-01 2.22598E-01 2.30846E-01
 9.50000E-01 9.94723E-02 1.57259E-01 2.25205E-01 2.33512E-01
 9.60000E-01 1.00761E-01 1.59223E-01 2.27813E-01 2.36180E-01
 9.70000E-01 1.02051E-01 1.61189E-01 2.30424E-01 2.38850E-01
 9.80000E-01 1.03341E-01 1.63156E-01 2.33036E-01 2.41522E-01
 9.90000E-01 1.04631E-01 1.65124E-01 2.35650E-01 2.44194E-01
 1.00000E+00 1.05922E-01 1.67093E-01 2.38265E-01 2.46867E-01
 1.01158E+00 1.07416E-01 1.69374E-01 2.41293E-01 2.49963E-01
 1.02329E+00 1.08927E-01 1.71682E-01 2.44357E-01 2.53094E-01
 1.03514E+00 1.10455E-01 1.74017E-01 2.47455E-01 2.56261E-01
 1.04713E+00 1.12000E-01 1.76379E-01 2.50589E-01 2.59463E-01
 1.05925E+00 1.13561E-01 1.78767E-01 2.53758E-01 2.62701E-01
 1.07152E+00 1.15139E-01 1.81182E-01 2.56962E-01 2.65974E-01
 1.08393E+00 1.16734E-01 1.83624E-01 2.60200E-01 2.69281E-01
 1.09648E+00 1.18345E-01 1.86092E-01 2.63473E-01 2.72624E-01
 1.10917E+00 1.19972E-01 1.88585E-01 2.66780E-01 2.76000E-01
 1.12202E+00 1.21615E-01 1.91105E-01 2.70122E-01 2.79411E-01
 1.13501E+00 1.23274E-01 1.93651E-01 2.73497E-01 2.82856E-01
 1.14815E+00 1.24948E-01 1.96222E-01 2.76906E-01 2.86335E-01
 1.16145E+00 1.26638E-01 1.98819E-01 2.80348E-01 2.89847E-01
 1.17490E+00 1.28344E-01 2.01441E-01 2.83823E-01 2.93391E-01
 1.18850E+00 1.30065E-01 2.04087E-01 2.87331E-01 2.96969E-01
 1.20226E+00 1.31800E-01 2.06759E-01 2.90871E-01 3.00579E-01
 1.21619E+00 1.33551E-01 2.09454E-01 2.94444E-01 3.04222E-01
 1.23027E+00 1.35315E-01 2.12174E-01 2.98048E-01 3.07895E-01
 1.24451E+00 1.37094E-01 2.14918E-01 3.01684E-01 3.11600E-01
 1.25893E+00 1.38888E-01 2.17685E-01 3.05351E-01 3.15336E-01
 1.27350E+00 1.40694E-01 2.20476E-01 3.09048E-01 3.19103E-01
 1.28825E+00 1.42515E-01 2.23289E-01 3.12776E-01 3.22899E-01
 1.30317E+00 1.44348E-01 2.26125E-01 3.16534E-01 3.26725E-01
 1.31826E+00 1.46195E-01 2.28983E-01 3.20322E-01 3.30580E-01
 1.33352E+00 1.48054E-01 2.31863E-01 3.24138E-01 3.34464E-01
 1.34896E+00 1.49926E-01 2.34764E-01 3.27983E-01 3.38376E-01
 1.36458E+00 1.51809E-01 2.37686E-01 3.31857E-01 3.42316E-01
 1.38038E+00 1.53704E-01 2.40629E-01 3.35758E-01 3.46283E-01
 1.39637E+00 1.55611E-01 2.43591E-01 3.39686E-01 3.50276E-01
 1.41254E+00 1.57529E-01 2.46573E-01 3.43641E-01 3.54295E-01
 1.42889E+00 1.59457E-01 2.49575E-01 3.47621E-01 3.58340E-01
 1.44544E+00 1.61396E-01 2.52595E-01 3.51628E-01 3.62410E-01
 1.46218E+00 1.63345E-01 2.55633E-01 3.55660E-01 3.66504E-01
 1.47911E+00 1.65303E-01 2.58689E-01 3.59716E-01 3.70622E-01
 1.49624E+00 1.67271E-01 2.61763E-01 3.63796E-01 3.74763E-01
 1.51356E+00 1.69247E-01 2.64852E-01 3.67900E-01 3.78927E-01
 1.53109E+00 1.71232E-01 2.67958E-01 3.72026E-01 3.83112E-01
 1.54882E+00 1.73225E-01 2.71080E-01 3.76175E-01 3.87319E-01
 1.56675E+00 1.75226E-01 2.74216E-01 3.80345E-01 3.91546E-01
 1.58489E+00 1.77234E-01 2.77367E-01 3.84537E-01 3.95793E-01
 1.60325E+00 1.79249E-01 2.80532E-01 3.88748E-01 4.00060E-01
 1.62181E+00 1.81270E-01 2.83709E-01 3.92980E-01 4.04345E-01
 1.64059E+00 1.83298E-01 2.86900E-01 3.97230E-01 4.08648E-01
 1.65959E+00 1.85331E-01 2.90102E-01 4.01499E-01 4.12968E-01
 1.67880E+00 1.87369E-01 2.93316E-01 4.05786E-01 4.17305E-01
 1.69824E+00 1.89412E-01 2.96540E-01 4.10090E-01 4.21657E-01
 1.71791E+00 1.91459E-01 2.99774E-01 4.14410E-01 4.26025E-01
 1.73780E+00 1.93510E-01 3.03018E-01 4.18746E-01 4.30407E-01
 1.75792E+00 1.95564E-01 3.06270E-01 4.23097E-01 4.34994E-01
 1.77828E+00 1.97622E-01 3.09530E-01 4.27462E-01 4.41414E-01
 1.79887E+00 1.99681E-01 3.12798E-01 4.31841E-01 4.47837E-01
 1.81970E+00 2.01743E-01 3.16072E-01 4.36536E-01 4.54261E-01
 1.84077E+00 2.03807E-01 3.19352E-01 4.42709E-01 4.60685E-01
 1.86209E+00 2.05871E-01 3.22638E-01 4.48880E-01 4.67106E-01
 1.88365E+00 2.07936E-01 3.25928E-01 4.55046E-01 4.73523E-01
 1.90546E+00 2.10002E-01 3.29221E-01 4.61206E-01 4.79933E-01
 1.92752E+00 2.12067E-01 3.32518E-01 4.67358E-01 4.86334E-01
 1.94984E+00 2.14132E-01 3.35817E-01 4.73500E-01 4.92726E-01
 1.97242E+00 2.16195E-01 3.39118E-01 4.79629E-01 4.99104E-01
 1.99526E+00 2.18257E-01 3.42419E-01 4.85745E-01 5.05468E-01
 2.01837E+00 2.20316E-01 3.45721E-01 4.91846E-01 5.11817E-01
 2.04174E+00 2.22374E-01 3.49022E-01 4.97929E-01 5.18147E-01
 2.06538E+00 2.24428E-01 3.52321E-01 5.03993E-01 5.24457E-01
 2.08930E+00 2.26479E-01 3.55619E-01 5.10036E-01 5.30746E-01
 2.11349E+00 2.28526E-01 3.58914E-01 5.16057E-01 5.37011E-01
 2.13796E+00 2.30569E-01 3.62205E-01 5.22054E-01 5.43252E-01
 2.16272E+00 2.32607E-01 3.65492E-01 5.28025E-01 5.49465E-01
 2.18776E+00 2.34640E-01 3.68774E-01 5.33969E-01 5.55650E-01
 2.21309E+00 2.36667E-01 3.72051E-01 5.39884E-01 5.61806E-01
 2.23872E+00 2.38689E-01 3.75321E-01 5.45769E-01 5.67930E-01
 2.26464E+00 2.40704E-01 3.78583E-01 5.51622E-01 5.74020E-01
 2.29087E+00 2.42713E-01 3.81838E-01 5.57442E-01 5.80077E-01
 2.31739E+00 2.44714E-01 3.85085E-01 5.63228E-01 5.86097E-01
 2.34423E+00 2.46708E-01 3.88619E-01 5.68978E-01 5.92080E-01
 2.37137E+00 2.48693E-01 3.92521E-01 5.74690E-01 5.98025E-01
 2.39883E+00 2.50671E-01 3.96397E-01 5.80365E-01 6.03930E-01
 2.42661E+00 2.52640E-01 4.00245E-01 5.85999E-01 6.09793E-01
 2.45471E+00 2.54599E-01 4.04066E-01 5.91593E-01 6.15615E-01
 2.48313E+00 2.56549E-01 4.07859E-01 5.97146E-01 6.21392E-01
 2.51189E+00 2.58490E-01 4.11622E-01 6.02655E-01 6.27125E-01
 2.54097E+00 2.60420E-01 4.15355E-01 6.08121E-01 6.32813E-01
 2.57040E+00 2.62340E-01 4.19057E-01 6.13541E-01 6.38454E-01
 2.60016E+00 2.64250E-01 4.22728E-01 6.18916E-01 6.44047E-01
 2.63027E+00 2.66179E-01 4.26367E-01 6.24245E-01 6.49591E-01
 2.66073E+00 2.68431E-01 4.29974E-01 6.29525E-01 6.55087E-01
 2.69153E+00 2.70662E-01 4.33548E-01 6.34758E-01 6.60532E-01
 2.72270E+00 2.72872E-01 4.37089E-01 6.39942E-01 6.65926E-01
 2.75423E+00 2.75061E-01 4.40595E-01 6.45076E-01 6.71268E-01
 2.78612E+00 2.77229E-01 4.44067E-01 6.50159E-01 6.76558E-01
 2.81838E+00 2.79375E-01 4.47505E-01 6.55192E-01 6.81795E-01
 2.85102E+00 2.81499E-01 4.50907E-01 6.60173E-01 6.86978E-01
 2.88403E+00 2.83601E-01 4.54273E-01 6.65102E-01 6.92107E-01
 2.91743E+00 2.85680E-01 4.57604E-01 6.69978E-01 6.97182E-01
 2.95121E+00 2.87737E-01 4.60899E-01 6.74802E-01 7.02201E-01
 2.98538E+00 2.89771E-01 4.64157E-01 6.79572E-01 7.07165E-01
 3.01995E+00 2.91782E-01 4.67378E-01 6.84288E-01 7.12073E-01
 3.05492E+00 2.93770E-01 4.70562E-01 6.88951E-01 7.16925E-01
 3.09030E+00 2.95735E-01 4.73710E-01 6.93559E-01 7.21720E-01
 3.12608E+00 2.97676E-01 4.76820E-01 6.98112E-01 7.26458E-01
 3.16228E+00 2.99595E-01 4.79893E-01 7.02611E-01 7.31139E-01
 3.19890E+00 3.01489E-01 4.82928E-01 7.07054E-01 7.35764E-01
 3.23594E+00 3.03361E-01 4.85925E-01 7.11443E-01 7.40330E-01
 3.27341E+00 3.05208E-01 4.88885E-01 7.15777E-01 7.44840E-01
 3.31131E+00 3.07033E-01 4.91807E-01 7.20055E-01 7.49292E-01
 3.34965E+00 3.08833E-01 4.94691E-01 7.24278E-01 7.53686E-01
 3.38844E+00 3.10611E-01 4.97538E-01 7.28445E-01 7.58023E-01
 3.42768E+00 3.12364E-01 5.00347E-01 7.32558E-01 7.62303E-01
 3.46737E+00 3.14094E-01 5.03118E-01 7.36615E-01 7.66524E-01
 3.50752E+00 3.15801E-01 5.05851E-01 7.40617E-01 7.70689E-01
 3.54813E+00 3.17484E-01 5.08547E-01 7.44564E-01 7.74796E-01
 3.58922E+00 3.19143E-01 5.11206E-01 7.48456E-01 7.78847E-01
 3.63078E+00 3.20780E-01 5.13827E-01 7.52294E-01 7.82840E-01
 3.67282E+00 3.22393E-01 5.16411E-01 7.56077E-01 7.86777E-01
 3.71535E+00 3.23983E-01 5.18958E-01 7.59806E-01 7.90657E-01
 3.75837E+00 3.25550E-01 5.21467E-01 7.63480E-01 7.94481E-01
 3.80189E+00 3.27093E-01 5.23941E-01 7.67101E-01 7.98249E-01
 3.84592E+00 3.28615E-01 5.26377E-01 7.70669E-01 8.01961E-01
 3.89045E+00 3.30113E-01 5.28777E-01 7.74183E-01 8.05618E-01
 3.93550E+00 3.31589E-01 5.31141E-01 7.77644E-01 8.09220E-01
 3.98107E+00 3.33042E-01 5.33470E-01 7.81053E-01 8.12767E-01
 4.02717E+00 3.34474E-01 5.35762E-01 7.84409E-01 8.16260E-01
 4.07380E+00 3.35883E-01 5.38019E-01 7.87714E-01 8.19698E-01
 4.12098E+00 3.37270E-01 5.40241E-01 7.90967E-01 8.23084E-01
 4.16869E+00 3.38635E-01 5.42428E-01 7.94169E-01 8.26416E-01
 4.21697E+00 3.39979E-01 5.44581E-01 7.97321E-01 8.29695E-01
 4.26580E+00 3.41302E-01 5.46699E-01 8.00422E-01 8.32923E-01
 4.31519E+00 3.42603E-01 5.48783E-01 8.03474E-01 8.36098E-01
 4.36516E+00 3.43883E-01 5.50834E-01 8.06476E-01 8.39222E-01
 4.41570E+00 3.45142E-01 5.52851E-01 8.09429E-01 8.42295E-01
 4.46684E+00 3.46381E-01 5.54835E-01 8.12334E-01 8.45318E-01
 4.51856E+00 3.47599E-01 5.56787E-01 8.15191E-01 8.48291E-01
 4.57088E+00 3.48797E-01 5.58706E-01 8.18001E-01 8.51215E-01
 4.62381E+00 3.49975E-01 5.60593E-01 8.20764E-01 8.54090E-01
 4.67735E+00 3.51133E-01 5.62448E-01 8.23480E-01 8.56916E-01
 4.73151E+00 3.52272E-01 5.64272E-01 8.26150E-01 8.59695E-01
 4.78630E+00 3.53391E-01 5.66064E-01 8.28775E-01 8.62427E-01
 4.84172E+00 3.54491E-01 5.67827E-01 8.31355E-01 8.65111E-01
 4.89779E+00 3.55573E-01 5.69559E-01 8.33891E-01 8.67750E-01
 4.95450E+00 3.56635E-01 5.71260E-01 8.36382E-01 8.70343E-01
 5.01187E+00 3.57679E-01 5.72933E-01 8.38831E-01 8.72891E-01
 5.06991E+00 3.58705E-01 5.74576E-01 8.41237E-01 8.75394E-01
 5.12861E+00 3.59713E-01 5.76190E-01 8.43600E-01 8.77854E-01
 5.18800E+00 3.60703E-01 5.77776E-01 8.45922E-01 8.80270E-01
 5.24807E+00 3.61675E-01 5.79334E-01 8.48203E-01 8.82643E-01
 5.30884E+00 3.62630E-01 5.80864E-01 8.50443E-01 8.84974E-01
 5.37032E+00 3.63568E-01 5.82366E-01 8.52642E-01 8.87263E-01
 5.43250E+00 3.64490E-01 5.83842E-01 8.54803E-01 8.89511E-01
 5.49541E+00 3.65394E-01 5.85291E-01 8.56924E-01 8.94734E-01
 5.55904E+00 3.66282E-01 5.86714E-01 8.59007E-01 9.12517E-01
 5.62341E+00 3.67154E-01 5.88110E-01 8.61052E-01 9.30586E-01
 5.68853E+00 3.68010E-01 5.89482E-01 8.63060E-01 9.48943E-01
 5.75440E+00 3.68851E-01 5.90828E-01 8.65031E-01 9.67599E-01
 5.82103E+00 3.69676E-01 5.92149E-01 8.66965E-01 9.86548E-01
 5.88844E+00 3.70485E-01 5.93446E-01 8.68864E-01 1.00579E+00
 5.95662E+00 3.71280E-01 5.94719E-01 8.70728E-01 1.02534E+00
 6.02560E+00 3.72060E-01 5.95968E-01 8.72557E-01 1.04519E+00
 6.09537E+00 3.72825E-01 5.97194E-01 8.74351E-01 1.06535E+00
 6.16595E+00 3.73576E-01 5.98397E-01 8.76113E-01 1.08581E+00
 6.23735E+00 3.74313E-01 5.99577E-01 8.77840E-01 1.10659E+00
 6.30957E+00 3.75036E-01 6.00735E-01 8.79536E-01 1.12768E+00
 6.38263E+00 3.75745E-01 6.01871E-01 8.81199E-01 1.14908E+00
 6.45654E+00 3.76441E-01 6.02985E-01 8.82831E-01 1.17080E+00
 6.53131E+00 3.77123E-01 6.04078E-01 8.84431E-01 1.19284E+00
 6.60693E+00 3.77793E-01 6.05151E-01 8.86001E-01 1.21519E+00
 6.68344E+00 3.78449E-01 6.06202E-01 8.87541E-01 1.23787E+00
 6.76083E+00 3.79093E-01 6.07234E-01 8.89051E-01 1.26088E+00
 6.83912E+00 3.79725E-01 6.08246E-01 8.90532E-01 1.28421E+00
 6.91831E+00 3.80344E-01 6.09238E-01 8.91985E-01 1.30787E+00
 6.99842E+00 3.80951E-01 6.10211E-01 8.93409E-01 1.33186E+00
 7.07946E+00 3.81547E-01 6.11165E-01 8.94806E-01 1.35617E+00
 7.16143E+00 3.82131E-01 6.12100E-01 8.96175E-01 1.38083E+00
 7.24436E+00 3.82704E-01 6.13017E-01 8.97518E-01 1.40581E+00
 7.32825E+00 3.83265E-01 6.13916E-01 8.98835E-01 1.43112E+00
 7.41310E+00 3.83815E-01 6.14798E-01 9.00125E-01 1.45678E+00
 7.49894E+00 3.84355E-01 6.15662E-01 9.01390E-01 1.48277E+00
 7.58578E+00 3.84883E-01 6.16509E-01 9.02631E-01 1.50909E+00
 7.67361E+00 3.85402E-01 6.17339E-01 9.03846E-01 1.53576E+00
 7.76247E+00 3.85910E-01 6.18153E-01 9.05038E-01 1.56276E+00
 7.85236E+00 3.86408E-01 6.18951E-01 9.06206E-01 1.59011E+00
 7.94328E+00 3.86896E-01 6.19733E-01 9.07351E-01 1.61779E+00
 8.03526E+00 3.87374E-01 6.20499E-01 9.08473E-01 1.64581E+00
 8.12831E+00 3.87843E-01 6.21250E-01 9.09572E-01 1.67417E+00
 8.22243E+00 3.88303E-01 6.21986E-01 9.10650E-01 1.70287E+00
 8.31764E+00 3.88753E-01 6.22707E-01 9.11705E-01 1.73191E+00
 8.41395E+00 3.89194E-01 6.23414E-01 9.12740E-01 1.76129E+00
 8.51138E+00 3.89626E-01 6.24106E-01 9.13754E-01 1.79101E+00
 8.60994E+00 3.90050E-01 6.24785E-01 9.14747E-01 1.82107E+00
 8.70964E+00 3.90465E-01 6.25449E-01 9.15720E-01 1.85146E+00
 8.81049E+00 3.90871E-01 6.26100E-01 9.16674E-01 1.88219E+00
 8.91251E+00 3.91270E-01 6.26739E-01 9.17608E-01 1.91326E+00
 9.01571E+00 3.91660E-01 6.27364E-01 9.18523E-01 1.94466E+00
 9.12011E+00 3.92042E-01 6.27976E-01 9.19420E-01 1.97640E+00
 9.22571E+00 3.92417E-01 6.28576E-01 9.20298E-01 2.00846E+00
 9.33254E+00 3.92784E-01 6.29163E-01 9.21158E-01 2.04086E+00
 9.44061E+00 3.93143E-01 6.29739E-01 9.22001E-01 2.07359E+00
 9.54993E+00 3.93495E-01 6.30303E-01 9.22826E-01 2.10663E+00
 9.66051E+00 3.93840E-01 6.30855E-01 9.23635E-01 2.14001E+00
 9.77237E+00 3.94177E-01 6.31396E-01 9.24426E-01 2.17371E+00
 9.88553E+00 3.94508E-01 6.31925E-01 9.25202E-01 2.20772E+00
 1.00000E+01 3.94832E-01 6.32444E-01 9.25962E-01 2.24206E+00
 1.01158E+01 3.95149E-01 6.32952E-01 9.26705E-01 2.27670E+00
 1.02329E+01 3.95460E-01 6.33450E-01 9.27434E-01 2.31166E+00
 1.03514E+01 3.95764E-01 6.33937E-01 9.28147E-01 2.34692E+00
 1.04713E+01 3.96062E-01 6.34414E-01 9.28846E-01 2.38249E+00
 1.05925E+01 3.96353E-01 6.34881E-01 9.29530E-01 2.41836E+00
 1.07152E+01 3.96639E-01 6.35339E-01 9.30200E-01 2.45452E+00
 1.08393E+01 3.96919E-01 6.35787E-01 9.30855E-01 2.49098E+00
 1.09648E+01 3.97192E-01 6.36225E-01 9.31498E-01 2.52772E+00
 1.10917E+01 3.97461E-01 6.36655E-01 9.32126E-01 2.56476E+00
 1.12202E+01 3.97723E-01 6.37075E-01 9.32742E-01 2.60206E+00
 1.13501E+01 3.97980E-01 6.37487E-01 9.33345E-01 2.63964E+00
 1.14815E+01 3.98232E-01 6.37890E-01 9.33935E-01 2.67749E+00
 1.16145E+01 3.98478E-01 6.38285E-01 9.34513E-01 2.71561E+00
 1.17490E+01 3.98719E-01 6.38671E-01 9.35078E-01 2.75398E+00
 1.18850E+01 3.98955E-01 6.39049E-01 9.35632E-01 2.79261E+00
 1.20226E+01 3.99186E-01 6.39419E-01 9.36174E-01 2.83149E+00
 1.21619E+01 3.99413E-01 6.39782E-01 9.36704E-01 2.87060E+00
 1.23027E+01 3.99634E-01 6.40137E-01 9.37224E-01 2.90995E+00
 1.24451E+01 3.99851E-01 6.40484E-01 9.37732E-01 2.94952E+00
 1.25893E+01 4.00063E-01 6.40824E-01 9.38230E-01 2.98933E+00
 1.27350E+01 4.00271E-01 6.41156E-01 9.38717E-01 3.02934E+00
 1.28825E+01 4.00474E-01 6.41482E-01 9.39194E-01 3.06956E+00
 1.30317E+01 4.00673E-01 6.41801E-01 9.39661E-01 3.10998E+00
 1.31826E+01 4.00868E-01 6.42113E-01 9.40117E-01 3.15060E+00
 1.33352E+01 4.01058E-01 6.42418E-01 9.40564E-01 3.19140E+00
 1.34896E+01 4.01245E-01 6.42717E-01 9.41002E-01 3.23238E+00
 1.36458E+01 4.01428E-01 6.43009E-01 9.41430E-01 3.27352E+00
 1.38038E+01 4.01606E-01 6.43296E-01 9.41849E-01 3.31483E+00
 1.39637E+01 4.01781E-01 6.43576E-01 9.42259E-01 3.35628E+00
 1.41254E+01 4.01952E-01 6.43850E-01 9.42661E-01 3.39788E+00
 1.42889E+01 4.02120E-01 6.44118E-01 9.43054E-01 3.43962E+00
 1.44544E+01 4.02284E-01 6.44381E-01 9.43438E-01 3.48147E+00
 1.46218E+01 4.02444E-01 6.44638E-01 9.43814E-01 3.52345E+00
 1.47911E+01 4.02601E-01 6.44889E-01 9.44182E-01 3.56552E+00
 1.49624E+01 4.02755E-01 6.45135E-01 9.44542E-01 3.60771E+00
 1.51356E+01 4.02905E-01 6.45376E-01 9.44895E-01 3.64996E+00
 1.53109E+01 4.03052E-01 6.45612E-01 9.45240E-01 3.69230E+00
 1.54882E+01 4.03196E-01 6.45842E-01 9.45577E-01 3.73470E+00
 1.56675E+01 4.03337E-01 6.46068E-01 9.45908E-01 3.77716E+00
 1.58489E+01 4.03475E-01 6.46288E-01 9.46231E-01 3.81965E+00
 1.60325E+01 4.03609E-01 6.46504E-01 9.46547E-01 3.86219E+00
 1.62181E+01 4.03741E-01 6.46715E-01 9.46856E-01 3.90474E+00
 1.64059E+01 4.03870E-01 6.46922E-01 9.47159E-01 3.94731E+00
 1.65959E+01 4.03997E-01 6.47124E-01 9.47455E-01 3.98987E+00
 1.67880E+01 4.04120E-01 6.47322E-01 9.47745E-01 4.03242E+00
 1.69824E+01 4.04241E-01 6.47516E-01 9.48028E-01 4.07494E+00
 1.71791E+01 4.04359E-01 6.47705E-01 9.48305E-01 4.11744E+00
 1.73780E+01 4.04475E-01 6.47891E-01 9.48577E-01 4.15987E+00
 1.75792E+01 4.04588E-01 6.48072E-01 9.48842E-01 4.20225E+00
 1.77828E+01 4.04699E-01 6.48249E-01 9.49102E-01 4.24455E+00
 1.79887E+01 4.04807E-01 6.48423E-01 9.49356E-01 4.28678E+00
 1.81970E+01 4.04913E-01 6.48592E-01 9.49604E-01 4.32889E+00
 1.84077E+01 4.05017E-01 6.48758E-01 9.49847E-01 4.37090E+00
 1.86209E+01 4.05118E-01 6.48921E-01 9.50085E-01 4.41278E+00
 1.88365E+01 4.05217E-01 6.49080E-01 9.50318E-01 4.45452E+00
 1.90546E+01 4.05314E-01 6.49235E-01 9.50545E-01 4.49611E+00
 1.92752E+01 4.05409E-01 6.49387E-01 9.50768E-01 4.53754E+00
 1.94984E+01 4.05502E-01 6.49536E-01 9.50986E-01 4.57879E+00
 1.97242E+01 4.05593E-01 6.49681E-01 9.51199E-01 4.61984E+00
 1.99526E+01 4.05682E-01 6.49824E-01 9.51407E-01 4.66069E+00
 2.01837E+01 4.05769E-01 6.49963E-01 9.51611E-01 4.70132E+00
 2.04174E+01 4.05854E-01 6.50099E-01 9.51810E-01 4.74172E+00
 2.06538E+01 4.05937E-01 6.50232E-01 9.52005E-01 4.78187E+00
 2.08930E+01 4.06018E-01 6.50363E-01 9.52196E-01 4.82177E+00
 2.11349E+01 4.06098E-01 6.50490E-01 9.52382E-01 4.86138E+00
 2.13796E+01 4.06176E-01 6.50615E-01 9.52565E-01 4.90071E+00
 2.16272E+01 4.06252E-01 6.50737E-01 9.52743E-01 4.93973E+00
 2.18776E+01 4.06326E-01 6.50856E-01 9.52918E-01 4.97844E+00
 2.21309E+01 4.06399E-01 6.50972E-01 9.53089E-01 5.01681E+00
 2.23872E+01 4.06470E-01 6.51086E-01 9.53256E-01 5.05485E+00
 2.26464E+01 4.06540E-01 6.51198E-01 9.53419E-01 5.09252E+00
 2.29087E+01 4.06608E-01 6.51307E-01 9.53579E-01 5.12982E+00
 2.31739E+01 4.06674E-01 6.51414E-01 9.53735E-01 5.16673E+00
 2.34423E+01 4.06740E-01 6.51518E-01 9.53888E-01 5.20325E+00
 2.37137E+01 4.06803E-01 6.51620E-01 9.54037E-01 5.23934E+00
 2.39883E+01 4.06866E-01 6.51720E-01 9.54183E-01 5.27501E+00
 2.42661E+01 4.06927E-01 6.51818E-01 9.54326E-01 5.31024E+00
 2.45471E+01 4.06986E-01 6.51913E-01 9.54466E-01 5.34500E+00
 2.48313E+01 4.07044E-01 6.52006E-01 9.54603E-01 5.37931E+00
 2.51189E+01 4.07101E-01 6.52098E-01 9.54736E-01 5.41311E+00
 2.54097E+01 4.07157E-01 6.52187E-01 9.54867E-01 5.44644E+00
 2.57040E+01 4.07212E-01 6.52274E-01 9.54995E-01 5.47924E+00
 2.60016E+01 4.07265E-01 6.52360E-01 9.55120E-01 5.51153E+00
 2.63027E+01 4.07317E-01 6.52443E-01 9.55242E-01 5.54328E+00
 2.66073E+01 4.07368E-01 6.52525E-01 9.55362E-01 5.57447E+00
 2.69153E+01 4.07418E-01 6.52605E-01 9.55479E-01 5.60511E+00
 2.72270E+01 4.07467E-01 6.52683E-01 9.55593E-01 5.63516E+00
 2.75423E+01 4.07514E-01 6.52759E-01 9.55705E-01 5.66464E+00
 2.78612E+01 4.07561E-01 6.52834E-01 9.55814E-01 5.69352E+00
 2.81838E+01 4.07607E-01 6.52907E-01 9.55921E-01 5.72177E+00
 2.85102E+01 4.07651E-01 6.52978E-01 9.56026E-01 5.74942E+00
 2.88403E+01 4.07695E-01 6.53048E-01 9.56128E-01 5.77641E+00
 2.91743E+01 4.07737E-01 6.53116E-01 9.56228E-01 5.80277E+00
 2.95121E+01 4.07779E-01 6.53183E-01 9.56326E-01 5.82847E+00
 2.98538E+01 4.07820E-01 6.53249E-01 9.56421E-01 5.85349E+00
 3.01995E+01 4.07860E-01 6.53312E-01 9.56515E-01 5.87785E+00
 3.05492E+01 4.07899E-01 6.53375E-01 9.56606E-01 5.90151E+00
 3.09030E+01 4.07937E-01 6.53436E-01 9.56695E-01 5.92446E+00
 3.12608E+01 4.07974E-01 6.53495E-01 9.56783E-01 5.94673E+00
 3.16228E+01 4.08010E-01 6.53554E-01 9.56868E-01 5.96825E+00
 3.19890E+01 4.08046E-01 6.53611E-01 9.56952E-01 5.98905E+00
 3.23594E+01 4.08081E-01 6.53667E-01 9.57033E-01 6.00913E+00
 3.27341E+01 4.08115E-01 6.53721E-01 9.57113E-01 6.02845E+00
 3.31131E+01 4.08148E-01 6.53775E-01 9.57191E-01 6.04701E+00
 3.34965E+01 4.08181E-01 6.53827E-01 9.57268E-01 6.06483E+00
 3.38844E+01 4.08213E-01 6.53878E-01 9.57342E-01 6.08187E+00
 3.42768E+01 4.08244E-01 6.53928E-01 9.57415E-01 6.09812E+00
 3.46737E+01 4.08274E-01 6.53976E-01 9.57487E-01 6.11362E+00
 3.50752E+01 4.08304E-01 6.54024E-01 9.57557E-01 6.12831E+00
 3.54813E+01 4.08333E-01 6.54071E-01 9.57625E-01 6.14220E+00
 3.58922E+01 4.08362E-01 6.54116E-01 9.57691E-01 6.15530E+00
 3.63078E+01 4.08389E-01 6.54161E-01 9.57757E-01 6.16760E+00
 3.67282E+01 4.08417E-01 6.54204E-01 9.57820E-01 6.17908E+00
 3.71535E+01 4.08443E-01 6.54247E-01 9.57883E-01 6.18974E+00
 3.75837E+01 4.08469E-01 6.54288E-01 9.57944E-01 6.19959E+00
 3.80189E+01 4.08494E-01 6.54329E-01 9.58003E-01 6.20863E+00
 3.84592E+01 4.08519E-01 6.54369E-01 9.58062E-01 6.21683E+00
 3.89045E+01 4.08544E-01 6.54408E-01 9.58119E-01 6.22420E+00
 3.93550E+01 4.08567E-01 6.54446E-01 9.58174E-01 6.23073E+00
 3.98107E+01 4.08591E-01 6.54483E-01 9.58229E-01 6.23646E+00
 4.02717E+01 4.08613E-01 6.54519E-01 9.58282E-01 6.24134E+00
 4.07380E+01 4.08635E-01 6.54555E-01 9.58334E-01 6.24539E+00
 4.12098E+01 4.08657E-01 6.54590E-01 9.58385E-01 6.24860E+00
 4.16869E+01 4.08678E-01 6.54624E-01 9.58435E-01 6.25097E+00
 4.21697E+01 4.08699E-01 6.54657E-01 9.58483E-01 6.25251E+00
 4.26580E+01 4.08719E-01 6.54689E-01 9.58531E-01 6.25322E+00
 4.31519E+01 4.08739E-01 6.54721E-01 9.58577E-01 6.25310E+00
 4.36516E+01 4.08759E-01 6.54752E-01 9.58623E-01 6.25215E+00
 4.41570E+01 4.08778E-01 6.54783E-01 9.58667E-01 6.25037E+00
 4.46684E+01 4.08796E-01 6.54812E-01 9.58711E-01 6.24776E+00
 4.51856E+01 4.08814E-01 6.54841E-01 9.58753E-01 6.24433E+00
 4.57088E+01 4.08832E-01 6.54870E-01 9.58795E-01 6.24008E+00
 4.62381E+01 4.08849E-01 6.54897E-01 9.58835E-01 6.23501E+00
 4.67735E+01 4.08866E-01 6.54924E-01 9.58875E-01 6.22913E+00
 4.73151E+01 4.08883E-01 6.54951E-01 9.58914E-01 6.22244E+00
 4.78630E+01 4.08899E-01 6.54977E-01 9.58951E-01 6.21496E+00
 4.84172E+01 4.08915E-01 6.55002E-01 9.58989E-01 6.20668E+00
 4.89779E+01 4.08930E-01 6.55027E-01 9.59025E-01 6.19760E+00
 4.95450E+01 4.08945E-01 6.55051E-01 9.59060E-01 6.18775E+00
 5.01187E+01 4.08960E-01 6.55075E-01 9.59095E-01 6.17711E+00
 5.06991E+01 4.08974E-01 6.55098E-01 9.59129E-01 6.16571E+00
 5.12861E+01 4.08988E-01 6.55120E-01 9.59162E-01 6.15354E+00
 5.18800E+01 4.09002E-01 6.55142E-01 9.59194E-01 6.14061E+00
 5.24807E+01 4.09016E-01 6.55164E-01 9.59226E-01 6.12693E+00
 5.30884E+01 4.09029E-01 6.55185E-01 9.59257E-01 6.11252E+00
 5.37032E+01 4.09042E-01 6.55206E-01 9.59287E-01 6.09738E+00
 5.43250E+01 4.09054E-01 6.55226E-01 9.59316E-01 6.08152E+00
 5.49541E+01 4.09067E-01 6.55246E-01 9.59345E-01 6.06495E+00
 5.55904E+01 4.09079E-01 6.55265E-01 9.59373E-01 6.04767E+00
 5.62341E+01 4.09090E-01 6.55284E-01 9.59401E-01 6.02970E+00
 5.68853E+01 4.09102E-01 6.55302E-01 9.59428E-01 6.01105E+00
 5.75440E+01 4.09113E-01 6.55320E-01 9.59454E-01 5.99172E+00
 5.82103E+01 4.09124E-01 6.55338E-01 9.59480E-01 5.97173E+00
 5.88844E+01 4.09135E-01 6.55355E-01 9.59505E-01 5.95109E+00
 5.95662E+01 4.09145E-01 6.55372E-01 9.59530E-01 5.92982E+00
 6.02560E+01 4.09156E-01 6.55388E-01 9.59554E-01 5.90792E+00
 6.09537E+01 4.09166E-01 6.55404E-01 9.59578E-01 5.88540E+00
 6.16595E+01 4.09176E-01 6.55420E-01 9.59601E-01 5.86227E+00
 6.23735E+01 4.09185E-01 6.55435E-01 9.59623E-01 5.83855E+00
 6.30957E+01 4.09195E-01 6.55450E-01 9.59645E-01 5.81426E+00
 6.38263E+01 4.09204E-01 6.55465E-01 9.59667E-01 5.78940E+00
 6.45654E+01 4.09213E-01 6.55480E-01 9.59688E-01 5.76398E+00
 6.53131E+01 4.09221E-01 6.55494E-01 9.59708E-01 5.73801E+00
 6.60693E+01 4.09230E-01 6.55507E-01 9.59728E-01 5.71153E+00
 6.68344E+01 4.09238E-01 6.55521E-01 9.59748E-01 5.68453E+00
 6.76083E+01 4.09246E-01 6.55534E-01 9.59767E-01 5.65701E+00
 6.83912E+01 4.09254E-01 6.55547E-01 9.59786E-01 5.62900E+00
 6.91831E+01 4.09262E-01 6.55559E-01 9.59804E-01 5.60053E+00
 6.99842E+01 4.09270E-01 6.55571E-01 9.59822E-01 5.57159E+00
 7.07946E+01 4.09277E-01 6.55583E-01 9.59839E-01 5.54218E+00
 7.16143E+01 4.09285E-01 6.55595E-01 9.59857E-01 5.51236E+00
 7.24436E+01 4.09292E-01 6.55606E-01 9.59873E-01 5.48210E+00
 7.32825E+01 4.09299E-01 6.55618E-01 9.59890E-01 5.45143E+00
 7.41310E+01 4.09306E-01 6.55628E-01 9.59906E-01 5.42037E+00
 7.49894E+01 4.09312E-01 6.55639E-01 9.59921E-01 5.38891E+00
 7.58578E+01 4.09319E-01 6.55650E-01 9.59936E-01 5.35710E+00
 7.67361E+01 4.09325E-01 6.55660E-01 9.59951E-01 5.32492E+00
 7.76247E+01 4.09331E-01 6.55670E-01 9.59966E-01 5.29239E+00
 7.85236E+01 4.09337E-01 6.55679E-01 9.59980E-01 5.25954E+00
 7.94328E+01 4.09343E-01 6.55689E-01 9.59994E-01 5.22636E+00
 8.03526E+01 4.09349E-01 6.55698E-01 9.60008E-01 5.19289E+00
 8.12831E+01 4.09355E-01 6.55707E-01 9.60021E-01 5.15911E+00
 8.22243E+01 4.09360E-01 6.55716E-01 9.60034E-01 5.12507E+00
 8.31764E+01 4.09366E-01 6.55725E-01 9.60047E-01 5.09075E+00
 8.41395E+01 4.09371E-01 6.55733E-01 9.60059E-01 5.05619E+00
 8.51138E+01 4.09376E-01 6.55742E-01 9.60071E-01 5.02137E+00
 8.60994E+01 4.09381E-01 6.55750E-01 9.60083E-01 4.98634E+00
 8.70964E+01 4.09386E-01 6.55758E-01 9.60095E-01 4.95107E+00
 8.81049E+01 4.09391E-01 6.55765E-01 9.60106E-01 4.91563E+00
 8.91251E+01 4.09396E-01 6.55773E-01 9.60117E-01 4.87997E+00
 9.01571E+01 4.09401E-01 6.55780E-01 9.60128E-01 4.84415E+00
 9.12011E+01 4.09405E-01 6.55788E-01 9.60139E-01 4.80816E+00
 9.22571E+01 4.09409E-01 6.55795E-01 9.60149E-01 4.77201E+00
 9.33254E+01 4.09414E-01 6.55802E-01 9.60159E-01 4.73572E+00
 9.44061E+01 4.09418E-01 6.55808E-01 9.60169E-01 4.69928E+00
 9.54993E+01 4.09422E-01 6.55815E-01 9.60179E-01 4.66274E+00
 9.66051E+01 4.09426E-01 6.55821E-01 9.60188E-01 4.62609E+00
 9.77237E+01 4.09430E-01 6.55828E-01 9.60197E-01 4.58932E+00
 9.88553E+01 4.09434E-01 6.55834E-01 9.60207E-01 4.55249E+00
 1.00000E+02 4.09438E-01 6.55840E-01 9.60215E-01 4.51556E+00
