 1.00000E-02 3.39614E-02 5.47768E-02 8.48378E-02 8.93638E-02
 2.00000E-02 3.39736E-02 5.47874E-02 8.49254E-02 8.93638E-02
 3.00000E-02 3.39939E-02 5.48072E-02 8.49394E-02 8.93640E-02
 4.00000E-02 3.40238E-02 5.48414E-02 8.49355E-02 8.93703E-02
 5.00000E-02 3.40640E-02 5.48771E-02 8.49520E-02 8.93779E-02
 6.00000E-02 3.41118E-02 5.49195E-02 8.49629E-02 8.93840E-02
 7.00000E-02 3.41690E-02 5.49711E-02 8.49775E-02 8.93932E-02
 8.00000E-02 3.42373E-02 5.50366E-02 8.50054E-02 8.94094E-02
 9.00000E-02 3.43206E-02 5.51172E-02 8.50429E-02 8.94374E-02
 1.00000E-01 3.44185E-02 5.52148E-02 8.50971E-02 8.94824E-02
 1.10000E-01 3.45349E-02 5.53352E-02 8.51769E-02 8.95506E-02
 1.20000E-01 3.46723E-02 5.54821E-02 8.52856E-02 8.96492E-02
 1.30000E-01 3.48348E-02 5.56606E-02 8.54309E-02 8.97854E-02
 1.40000E-01 3.50252E-02 5.58754E-02 8.56210E-02 8.99675E-02
 1.50000E-01 3.52476E-02 5.61334E-02 8.58643E-02 9.02038E-02
 1.60000E-01 3.55058E-02 5.64394E-02 8.61689E-02 9.05025E-02
 1.70000E-01 3.58039E-02 5.67994E-02 8.65433E-02 9.08742E-02
 1.80000E-01 3.61462E-02 5.72200E-02 8.69965E-02 9.13265E-02
 1.90000E-01 3.65363E-02 5.77066E-02 8.75371E-02 9.18697E-02
 2.00000E-01 3.69783E-02 5.82654E-02 8.81741E-02 9.25125E-02
 2.10000E-01 3.74760E-02 5.89021E-02 8.89156E-02 9.32643E-02
 2.20000E-01 3.80333E-02 5.96223E-02 8.97704E-02 9.41328E-02
 2.30000E-01 3.86532E-02 6.04313E-02 9.07456E-02 9.51272E-02
 2.40000E-01 3.93391E-02 6.13338E-02 9.18492E-02 9.62551E-02
 2.50000E-01 4.00935E-02 6.23343E-02 9.30878E-02 9.75233E-02
 2.60000E-01 4.09190E-02 6.34365E-02 9.44668E-02 9.89382E-02
 2.70000E-01 4.18174E-02 6.46434E-02 9.59918E-02 1.00505E-01
 2.80000E-01 4.27901E-02 6.59577E-02 9.76666E-02 1.02228E-01
 2.90000E-01 4.38385E-02 6.73812E-02 9.94942E-02 1.04111E-01
 3.00000E-01 4.49630E-02 6.89149E-02 1.01477E-01 1.06156E-01
 3.10000E-01 4.61641E-02 7.05594E-02 1.03615E-01 1.08364E-01
 3.20000E-01 4.74418E-02 7.23148E-02 1.05909E-01 1.10736E-01
 3.30000E-01 4.87958E-02 7.41803E-02 1.08358E-01 1.13269E-01
 3.40000E-01 5.02256E-02 7.61553E-02 1.10959E-01 1.15963E-01
 3.50000E-01 5.17305E-02 7.82380E-02 1.13712E-01 1.18814E-01
 3.60000E-01 5.33098E-02 8.04271E-02 1.16612E-01 1.21820E-01
 3.70000E-01 5.49625E-02 8.27206E-02 1.19655E-01 1.24976E-01
 3.80000E-01 5.66876E-02 8.51166E-02 1.22839E-01 1.28279E-01
 3.90000E-01 5.84843E-02 8.76128E-02 1.26158E-01 1.31724E-01
 4.00000E-01 6.03514E-02 9.02073E-02 1.29607E-01 1.35305E-01
 4.10000E-01 6.22880E-02 9.28978E-02 1.33184E-01 1.39018E-01
 4.20000E-01 6.42933E-02 9.56823E-02 1.36882E-01 1.42858E-01
 4.30000E-01 6.63663E-02 9.85586E-02 1.40696E-01 1.46818E-01
 4.40000E-01 6.85061E-02 1.01525E-01 1.44623E-01 1.50895E-01
 4.50000E-01 7.07120E-02 1.04579E-01 1.48658E-01 1.55082E-01
 4.60000E-01 7.29831E-02 1.07719E-01 1.52797E-01 1.59376E-01
 4.70000E-01 7.53189E-02 1.10943E-01 1.57034E-01 1.63770E-01
 4.80000E-01 7.77186E-02 1.14250E-01 1.61367E-01 1.68260E-01
 4.90000E-01 8.01817E-02 1.17638E-01 1.65790E-01 1.72842E-01
 5.00000E-01 8.27076E-02 1.21106E-01 1.70301E-01 1.77510E-01
 5.10000E-01 8.52958E-02 1.24651E-01 1.74895E-01 1.82262E-01
 5.20000E-01 8.79460E-02 1.28274E-01 1.79570E-01 1.87092E-01
 5.30000E-01 9.06575E-02 1.31972E-01 1.84322E-01 1.91997E-01
 5.40000E-01 9.34302E-02 1.35745E-01 1.89148E-01 1.96973E-01
 5.50000E-01 9.62635E-02 1.39590E-01 1.94045E-01 2.02017E-01
 5.60000E-01 9.91572E-02 1.43508E-01 1.99010E-01 2.07126E-01
 5.70000E-01 1.02111E-01 1.47498E-01 2.04042E-01 2.12295E-01
 5.80000E-01 1.05125E-01 1.51557E-01 2.09137E-01 2.17524E-01
 5.90000E-01 1.08198E-01 1.55686E-01 2.14293E-01 2.22808E-01
 6.00000E-01 1.11330E-01 1.59883E-01 2.19509E-01 2.28146E-01
 6.10000E-01 1.14521E-01 1.64148E-01 2.24782E-01 2.33535E-01
 6.20000E-01 1.17771E-01 1.68480E-01 2.30111E-01 2.38974E-01
 6.30000E-01 1.21061E-01 1.72878E-01 2.35494E-01 2.44460E-01
 6.40000E-01 1.24353E-01 1.77342E-01 2.40930E-01 2.49991E-01
 6.50000E-01 1.27646E-01 1.81870E-01 2.46417E-01 2.55567E-01
 6.60000E-01 1.30938E-01 1.86461E-01 2.51953E-01 2.61186E-01
 6.70000E-01 1.34227E-01 1.91116E-01 2.57539E-01 2.66847E-01
 6.80000E-01 1.37512E-01 1.95794E-01 2.63172E-01 2.72549E-01
 6.90000E-01 1.40792E-01 2.00464E-01 2.68852E-01 2.78291E-01
 7.00000E-01 1.44065E-01 2.05124E-01 2.74578E-01 2.84073E-01
 7.10000E-01 1.47330E-01 2.09773E-01 2.80350E-01 2.89894E-01
 7.20000E-01 1.50587E-01 2.14409E-01 2.86166E-01 2.95754E-01
 7.30000E-01 1.53832E-01 2.19031E-01 2.92027E-01 3.01653E-01
 7.40000E-01 1.57067E-01 2.23636E-01 2.97931E-01 3.07590E-01
 7.50000E-01 1.60289E-01 2.28224E-01 3.03878E-01 3.13565E-01
 7.60000E-01 1.63498E-01 2.32793E-01 3.09869E-01 3.19580E-01
 7.70000E-01 1.66693E-01 2.37342E-01 3.15902E-01 3.25633E-01
 7.80000E-01 1.69872E-01 2.41868E-01 3.21927E-01 3.31726E-01
 7.90000E-01 1.73035E-01 2.46373E-01 3.27922E-01 3.37859E-01
 8.00000E-01 1.76182E-01 2.50853E-01 3.33885E-01 3.44339E-01
 8.10000E-01 1.79311E-01 2.55308E-01 3.39816E-01 3.51619E-01
 8.20000E-01 1.82422E-01 2.59738E-01 3.45711E-01 3.58950E-01
 8.30000E-01 1.85514E-01 2.64141E-01 3.51571E-01 3.66332E-01
 8.40000E-01 1.88587E-01 2.68515E-01 3.57394E-01 3.73764E-01
 8.50000E-01 1.91640E-01 2.72862E-01 3.63179E-01 3.81247E-01
 8.60000E-01 1.94671E-01 2.77179E-01 3.68925E-01 3.88779E-01
 8.70000E-01 1.97682E-01 2.81466E-01 3.74631E-01 3.96360E-01
 8.80000E-01 2.00672E-01 2.85722E-01 3.80296E-01 4.03990E-01
 8.90000E-01 2.03639E-01 2.89947E-01 3.85919E-01 4.11668E-01
 9.00000E-01 2.06584E-01 2.94140E-01 3.91500E-01 4.19394E-01
 9.10000E-01 2.09506E-01 2.98301E-01 3.97038E-01 4.27167E-01
 9.20000E-01 2.12405E-01 3.02428E-01 4.02532E-01 4.34987E-01
 9.30000E-01 2.15281E-01 3.06523E-01 4.07982E-01 4.42854E-01
 9.40000E-01 2.18133E-01 3.10584E-01 4.13387E-01 4.50766E-01
 9.50000E-01 2.20961E-01 3.14610E-01 4.18746E-01 4.58725E-01
 9.60000E-01 2.23765E-01 3.18603E-01 4.24060E-01 4.66728E-01
 9.70000E-01 2.26544E-01 3.22560E-01 4.29328E-01 4.74777E-01
 9.80000E-01 2.29299E-01 3.26483E-01 4.34549E-01 4.82870E-01
 9.90000E-01 2.32030E-01 3.30371E-01 4.39723E-01 4.91008E-01
 1.00000E+00 2.34735E-01 3.34223E-01 4.44851E-01 4.99189E-01
 1.01158E+00 2.37837E-01 3.38639E-01 4.50729E-01 5.08717E-01
 1.02329E+00 2.40941E-01 3.43059E-01 4.56611E-01 5.18414E-01
 1.03514E+00 2.44046E-01 3.47479E-01 4.62494E-01 5.28282E-01
 1.04713E+00 2.47150E-01 3.51899E-01 4.68378E-01 5.38326E-01
 1.05925E+00 2.50254E-01 3.56319E-01 4.74260E-01 5.48546E-01
 1.07152E+00 2.53356E-01 3.60736E-01 4.80139E-01 5.58947E-01
 1.08393E+00 2.56456E-01 3.65149E-01 4.86013E-01 5.69532E-01
 1.09648E+00 2.59552E-01 3.69557E-01 4.91881E-01 5.80302E-01
 1.10917E+00 2.62644E-01 3.73959E-01 4.97740E-01 5.91262E-01
 1.12202E+00 2.65730E-01 3.78354E-01 5.03590E-01 6.02413E-01
 1.13501E+00 2.68811E-01 3.82741E-01 5.09428E-01 6.13761E-01
 1.14815E+00 2.71885E-01 3.87118E-01 5.15254E-01 6.25306E-01
 1.16145E+00 2.74951E-01 3.91484E-01 5.21916E-01 6.37054E-01
 1.17490E+00 2.78009E-01 3.95837E-01 5.32374E-01 6.49006E-01
 1.18850E+00 2.81058E-01 4.00178E-01 5.43033E-01 6.61166E-01
 1.20226E+00 2.84096E-01 4.04504E-01 5.53895E-01 6.73538E-01
 1.21619E+00 2.87124E-01 4.08815E-01 5.64966E-01 6.86125E-01
 1.23027E+00 2.90140E-01 4.13110E-01 5.76248E-01 6.98930E-01
 1.24451E+00 2.93144E-01 4.17386E-01 5.87745E-01 7.11957E-01
 1.25893E+00 2.96134E-01 4.21645E-01 5.99462E-01 7.25209E-01
 1.27350E+00 2.99111E-01 4.25883E-01 6.11383E-01 7.38690E-01
 1.28825E+00 3.02073E-01 4.30101E-01 6.23426E-01 7.52404E-01
 1.30317E+00 3.05020E-01 4.34297E-01 6.35583E-01 7.66354E-01
 1.31826E+00 3.07951E-01 4.38470E-01 6.47853E-01 7.80544E-01
 1.33352E+00 3.10866E-01 4.42620E-01 6.60234E-01 7.94978E-01
 1.34896E+00 3.13763E-01 4.46745E-01 6.72727E-01 8.09659E-01
 1.36458E+00 3.16643E-01 4.50845E-01 6.85329E-01 8.24593E-01
 1.38038E+00 3.19503E-01 4.54918E-01 6.98041E-01 8.39782E-01
 1.39637E+00 3.22345E-01 4.58964E-01 7.10860E-01 8.55230E-01
 1.41254E+00 3.25168E-01 4.62983E-01 7.23787E-01 8.70942E-01
 1.42889E+00 3.27970E-01 4.66972E-01 7.36821E-01 8.86923E-01
 1.44544E+00 3.30751E-01 4.70932E-01 7.49959E-01 9.03175E-01
 1.46218E+00 3.33511E-01 4.74862E-01 7.63203E-01 9.19705E-01
 1.47911E+00 3.36249E-01 4.78761E-01 7.76549E-01 9.36515E-01
 1.49624E+00 3.38966E-01 4.82629E-01 7.89998E-01 9.53610E-01
 1.51356E+00 3.41659E-01 4.86464E-01 8.03548E-01 9.70996E-01
 1.53109E+00 3.44330E-01 4.90266E-01 8.17199E-01 9.88676E-01
 1.54882E+00 3.46977E-01 4.94035E-01 8.30949E-01 1.00666E+00
 1.56675E+00 3.49600E-01 4.97770E-01 8.44797E-01 1.02494E+00
 1.58489E+00 3.52199E-01 5.01471E-01 8.58742E-01 1.04353E+00
 1.60325E+00 3.54773E-01 5.05136E-01 8.72783E-01 1.06244E+00
 1.62181E+00 3.57323E-01 5.08766E-01 8.86919E-01 1.08166E+00
 1.64059E+00 3.59847E-01 5.12360E-01 9.01147E-01 1.10121E+00
 1.65959E+00 3.62345E-01 5.15917E-01 9.15468E-01 1.12109E+00
 1.67880E+00 3.64818E-01 5.19438E-01 9.29880E-01 1.14130E+00
 1.69824E+00 3.67265E-01 5.22922E-01 9.44381E-01 1.16185E+00
 1.71791E+00 3.69685E-01 5.26369E-01 9.58970E-01 1.18275E+00
 1.73780E+00 3.72079E-01 5.29777E-01 9.73645E-01 1.20400E+00
 1.75792E+00 3.74447E-01 5.33148E-01 9.88406E-01 1.22560E+00
 1.77828E+00 3.76787E-01 5.36480E-01 1.00325E+00 1.24757E+00
 1.79887E+00 3.79101E-01 5.39774E-01 1.01818E+00 1.26990E+00
 1.81970E+00 3.81387E-01 5.43030E-01 1.03318E+00 1.29261E+00
 1.84077E+00 3.83646E-01 5.46246E-01 1.04826E+00 1.31570E+00
 1.86209E+00 3.85878E-01 5.49423E-01 1.06343E+00 1.33917E+00
 1.88365E+00 3.88082E-01 5.52562E-01 1.07866E+00 1.36304E+00
 1.90546E+00 3.90259E-01 5.55661E-01 1.09397E+00 1.38731E+00
 1.92752E+00 3.92408E-01 5.58721E-01 1.10935E+00 1.41198E+00
 1.94984E+00 3.94529E-01 5.61742E-01 1.12479E+00 1.43706E+00
 1.97242E+00 3.96623E-01 5.64723E-01 1.14030E+00 1.46256E+00
 1.99526E+00 3.98689E-01 5.67665E-01 1.15588E+00 1.48849E+00
 2.01837E+00 4.00728E-01 5.70567E-01 1.17152E+00 1.51485E+00
 2.04174E+00 4.02739E-01 5.73431E-01 1.18721E+00 1.54165E+00
 2.06538E+00 4.04722E-01 5.76255E-01 1.20297E+00 1.56890E+00
 2.08930E+00 4.06678E-01 5.79039E-01 1.21877E+00 1.59660E+00
 2.11349E+00 4.08606E-01 5.81785E-01 1.23463E+00 1.62476E+00
 2.13796E+00 4.10507E-01 5.84492E-01 1.25054E+00 1.65339E+00
 2.16272E+00 4.12381E-01 5.87160E-01 1.26649E+00 1.68250E+00
 2.18776E+00 4.14228E-01 5.89789E-01 1.28248E+00 1.71210E+00
 2.21309E+00 4.16047E-01 5.92380E-01 1.29851E+00 1.74219E+00
 2.23872E+00 4.17840E-01 5.94932E-01 1.31458E+00 1.77278E+00
 2.26464E+00 4.19606E-01 5.97446E-01 1.33068E+00 1.80388E+00
 2.29087E+00 4.21345E-01 5.99922E-01 1.34681E+00 1.83548E+00
 2.31739E+00 4.23057E-01 6.02361E-01 1.36296E+00 1.86759E+00
 2.34423E+00 4.24743E-01 6.04762E-01 1.37914E+00 1.90020E+00
 2.37137E+00 4.26404E-01 6.07125E-01 1.39533E+00 1.93332E+00
 2.39883E+00 4.28038E-01 6.09452E-01 1.41154E+00 1.96697E+00
 2.42661E+00 4.29646E-01 6.11742E-01 1.42776E+00 2.00115E+00
 2.45471E+00 4.31229E-01 6.13995E-01 1.44398E+00 2.03588E+00
 2.48313E+00 4.32786E-01 6.16213E-01 1.46020E+00 2.07115E+00
 2.51189E+00 4.34318E-01 6.18394E-01 1.47643E+00 2.10699E+00
 2.54097E+00 4.35825E-01 6.20540E-01 1.49264E+00 2.14341E+00
 2.57040E+00 4.37307E-01 6.22650E-01 1.50884E+00 2.18040E+00
 2.60016E+00 4.38765E-01 6.24726E-01 1.52503E+00 2.21799E+00
 2.63027E+00 4.40199E-01 6.26767E-01 1.54119E+00 2.25619E+00
 2.66073E+00 4.41608E-01 6.28774E-01 1.55733E+00 2.29500E+00
 2.69153E+00 4.42994E-01 6.30747E-01 1.57344E+00 2.33443E+00
 2.72270E+00 4.44356E-01 6.32686E-01 1.58951E+00 2.37451E+00
 2.75423E+00 4.45695E-01 6.34593E-01 1.60554E+00 2.41523E+00
 2.78612E+00 4.47010E-01 6.36466E-01 1.62153E+00 2.45660E+00
 2.81838E+00 4.48303E-01 6.38307E-01 1.63746E+00 2.49865E+00
 2.85102E+00 4.49574E-01 6.40116E-01 1.65333E+00 2.54139E+00
 2.88403E+00 4.50822E-01 6.41893E-01 1.66915E+00 2.58481E+00
 2.91743E+00 4.52048E-01 6.43638E-01 1.68489E+00 2.62894E+00
 2.95121E+00 4.53252E-01 6.45353E-01 1.70056E+00 2.67379E+00
 2.98538E+00 4.54435E-01 6.47037E-01 1.71616E+00 2.71937E+00
 3.01995E+00 4.55597E-01 6.48692E-01 1.73166E+00 2.76569E+00
 3.05492E+00 4.56738E-01 6.50316E-01 1.74708E+00 2.81277E+00
 3.09030E+00 4.57858E-01 6.51911E-01 1.76240E+00 2.86061E+00
 3.12608E+00 4.58957E-01 6.53476E-01 1.77762E+00 2.90923E+00
 3.16228E+00 4.60037E-01 6.55014E-01 1.79273E+00 2.95865E+00
 3.19890E+00 4.61097E-01 6.56523E-01 1.80773E+00 3.00887E+00
 3.23594E+00 4.62137E-01 6.58004E-01 1.82260E+00 3.05991E+00
 3.27341E+00 4.63158E-01 6.59457E-01 1.83735E+00 3.11178E+00
 3.31131E+00 4.64160E-01 6.60884E-01 1.85197E+00 3.16450E+00
 3.34965E+00 4.65143E-01 6.62284E-01 1.86645E+00 3.21807E+00
 3.38844E+00 4.66108E-01 6.63658E-01 1.88079E+00 3.27252E+00
 3.42768E+00 4.67055E-01 6.65006E-01 1.89497E+00 3.32785E+00
 3.46737E+00 4.67983E-01 6.66328E-01 1.90900E+00 3.38408E+00
 3.50752E+00 4.68894E-01 6.67625E-01 1.92287E+00 3.44123E+00
 3.54813E+00 4.69788E-01 6.68898E-01 1.93657E+00 3.49930E+00
 3.58922E+00 4.70665E-01 6.70146E-01 1.95010E+00 3.55832E+00
 3.63078E+00 4.71524E-01 6.71370E-01 1.96345E+00 3.61829E+00
 3.67282E+00 4.72368E-01 6.72570E-01 1.97661E+00 3.67923E+00
 3.71535E+00 4.73195E-01 6.73748E-01 1.98958E+00 3.74115E+00
 3.75837E+00 4.74005E-01 6.74902E-01 2.00235E+00 3.80408E+00
 3.80189E+00 4.74801E-01 6.76034E-01 2.01492E+00 3.86801E+00
 3.84592E+00 4.75580E-01 6.77144E-01 2.02728E+00 3.93298E+00
 3.89045E+00 4.76344E-01 6.78233E-01 2.03943E+00 3.99899E+00
 3.93550E+00 4.77094E-01 6.79299E-01 2.05136E+00 4.06606E+00
 3.98107E+00 4.77828E-01 6.80345E-01 2.06306E+00 4.13420E+00
 4.02717E+00 4.78548E-01 6.81371E-01 2.07454E+00 4.20342E+00
 4.07380E+00 4.79254E-01 6.82375E-01 2.08578E+00 4.27376E+00
 4.12098E+00 4.79946E-01 6.83360E-01 2.09678E+00 4.34521E+00
 4.16869E+00 4.80624E-01 6.84326E-01 2.10753E+00 4.41779E+00
 4.21697E+00 4.81288E-01 6.85272E-01 2.11804E+00 4.49152E+00
 4.26580E+00 4.81939E-01 6.86199E-01 2.12829E+00 4.56642E+00
 4.31519E+00 4.82578E-01 6.87107E-01 2.13828E+00 4.64249E+00
 4.36516E+00 4.83203E-01 6.87998E-01 2.14801E+00 4.71976E+00
 4.41570E+00 4.83815E-01 6.88870E-01 2.15747E+00 4.79824E+00
 4.46684E+00 4.84416E-01 6.89725E-01 2.16666E+00 4.87795E+00
 4.51856E+00 4.85004E-01 6.90562E-01 2.17558E+00 4.95889E+00
 4.57088E+00 4.85580E-01 6.91383E-01 2.18421E+00 5.04110E+00
 4.62381E+00 4.86145E-01 6.92186E-01 2.19257E+00 5.12457E+00
 4.67735E+00 4.86697E-01 6.92974E-01 2.20064E+00 5.20934E+00
 4.73151E+00 4.87239E-01 6.93745E-01 2.20841E+00 5.29540E+00
 4.78630E+00 4.87770E-01 6.94500E-01 2.21590E+00 5.38279E+00
 4.84172E+00 4.88289E-01 6.95240E-01 2.22309E+00 5.47151E+00
 4.89779E+00 4.88798E-01 6.95965E-01 2.22998E+00 5.56158E+00
 4.95450E+00 4.89297E-01 6.96675E-01 2.23658E+00 5.65301E+00
 5.01187E+00 4.89785E-01 6.97370E-01 2.24287E+00 5.74583E+00
 5.06991E+00 4.90264E-01 6.98051E-01 2.24885E+00 5.84004E+00
 5.12861E+00 4.90732E-01 6.98718E-01 2.25453E+00 5.93566E+00
 5.18800E+00 4.91190E-01 6.99371E-01 2.25990E+00 6.03271E+00
 5.24807E+00 4.91640E-01 7.00010E-01 2.26496E+00 6.13120E+00
 5.30884E+00 4.92079E-01 7.00636E-01 2.26971E+00 6.23115E+00
 5.37032E+00 4.92510E-01 7.01249E-01 2.27414E+00 6.33257E+00
 5.43250E+00 4.92931E-01 7.01850E-01 2.27826E+00 6.43548E+00
 5.49541E+00 4.93344E-01 7.02437E-01 2.28207E+00 6.53989E+00
 5.55904E+00 4.93748E-01 7.03013E-01 2.28556E+00 6.64582E+00
 5.62341E+00 4.94144E-01 7.03576E-01 2.28874E+00 6.75328E+00
 5.68853E+00 4.94532E-01 7.04128E-01 2.29160E+00 6.86229E+00
 5.75440E+00 4.94911E-01 7.04668E-01 2.29414E+00 6.97285E+00
 5.82103E+00 4.95282E-01 7.05197E-01 2.29637E+00 7.08500E+00
 5.88844E+00 4.95646E-01 7.05714E-01 2.29829E+00 7.19873E+00
 5.95662E+00 4.96001E-01 7.06221E-01 2.29989E+00 7.31407E+00
 6.02560E+00 4.96350E-01 7.06717E-01 2.30118E+00 7.43103E+00
 6.09537E+00 4.96691E-01 7.07202E-01 2.30215E+00 7.54962E+00
 6.16595E+00 4.97024E-01 7.07677E-01 2.30281E+00 7.66985E+00
 6.23735E+00 4.97351E-01 7.08142E-01 2.30317E+00 7.79175E+00
 6.30957E+00 4.97671E-01 7.08598E-01 2.30321E+00 7.91531E+00
 6.38263E+00 4.97984E-01 7.09043E-01 2.30295E+00 8.04057E+00
 6.45654E+00 4.98290E-01 7.09479E-01 2.30238E+00 8.16752E+00
 6.53131E+00 4.98590E-01 7.09906E-01 2.30150E+00 8.29618E+00
 6.60693E+00 4.98883E-01 7.10324E-01 2.30033E+00 8.42657E+00
 6.68344E+00 4.99170E-01 7.10733E-01 2.29886E+00 8.55869E+00
 6.76083E+00 4.99451E-01 7.11133E-01 2.29709E+00 8.69256E+00
 6.83912E+00 4.99726E-01 7.11524E-01 2.29503E+00 8.82820E+00
 6.91831E+00 4.99995E-01 7.11907E-01 2.29267E+00 8.96560E+00
 6.99842E+00 5.00259E-01 7.12282E-01 2.29003E+00 9.10478E+00
 7.07946E+00 5.00516E-01 7.12649E-01 2.28711E+00 9.24576E+00
 7.16143E+00 5.00768E-01 7.13008E-01 2.28390E+00 9.38855E+00
 7.24436E+00 5.01015E-01 7.13360E-01 2.28041E+00 9.53314E+00
 7.32825E+00 5.01257E-01 7.13703E-01 2.27665E+00 9.67956E+00
 7.41310E+00 5.01493E-01 7.14040E-01 2.27261E+00 9.82782E+00
 7.49894E+00 5.01724E-01 7.14369E-01 2.26831E+00 9.97792E+00
 7.58578E+00 5.01950E-01 7.14691E-01 2.26375E+00 1.01299E+01
 7.67361E+00 5.02172E-01 7.15006E-01 2.25892E+00 1.02837E+01
 7.76247E+00 5.02388E-01 7.15314E-01 2.25384E+00 1.04394E+01
 7.85236E+00 5.02600E-01 7.15616E-01 2.24850E+00 1.05969E+01
 7.94328E+00 5.02807E-01 7.15911E-01 2.24291E+00 1.07564E+01
 8.03526E+00 5.03010E-01 7.16200E-01 2.23709E+00 1.09177E+01
 8.12831E+00 5.03208E-01 7.16482E-01 2.23102E+00 1.10809E+01
 8.22243E+00 5.03403E-01 7.16759E-01 2.22471E+00 1.12460E+01
 8.31764E+00 5.03592E-01 7.17029E-01 2.21817E+00 1.14131E+01
 8.41395E+00 5.03778E-01 7.17294E-01 2.21141E+00 1.15820E+01
 8.51138E+00 5.03960E-01 7.17552E-01 2.20443E+00 1.17529E+01
 8.60994E+00 5.04138E-01 7.17806E-01 2.19722E+00 1.19257E+01
 8.70964E+00 5.04312E-01 7.18053E-01 2.18980E+00 1.21004E+01
 8.81049E+00 5.04482E-01 7.18296E-01 2.18218E+00 1.22770E+01
 8.91251E+00 5.04648E-01 7.18533E-01 2.17435E+00 1.24555E+01
 9.01571E+00 5.04811E-01 7.18764E-01 2.16632E+00 1.26360E+01
 9.12011E+00 5.04970E-01 7.18991E-01 2.15809E+00 1.28185E+01
 9.22571E+00 5.05126E-01 7.19213E-01 2.14968E+00 1.30028E+01
 9.33254E+00 5.05279E-01 7.19430E-01 2.14108E+00 1.31891E+01
 9.44061E+00 5.05428E-01 7.19642E-01 2.13230E+00 1.33773E+01
 9.54993E+00 5.05574E-01 7.19850E-01 2.12334E+00 1.35674E+01
 9.66051E+00 5.05716E-01 7.20053E-01 2.11422E+00 1.37594E+01
 9.77237E+00 5.05856E-01 7.20252E-01 2.10492E+00 1.39534E+01
 9.88553E+00 5.05992E-01 7.20446E-01 2.09547E+00 1.41493E+01
 1.00000E+01 5.06126E-01 7.20636E-01 2.08586E+00 1.43471E+01
 1.01158E+01 5.06256E-01 7.20822E-01 2.07609E+00 1.45468E+01
 1.02329E+01 5.06384E-01 7.21004E-01 2.06618E+00 1.47484E+01
 1.03514E+01 5.06509E-01 7.21181E-01 2.05613E+00 1.49518E+01
 1.04713E+01 5.06631E-01 7.21355E-01 2.04594E+00 1.51572E+01
 1.05925E+01 5.06750E-01 7.21525E-01 2.03561E+00 1.53644E+01
 1.07152E+01 5.06867E-01 7.21692E-01 2.02516E+00 1.55735E+01
 1.08393E+01 5.06982E-01 7.21855E-01 2.01458E+00 1.57844E+01
 1.09648E+01 5.07093E-01 7.22014E-01 2.00388E+00 1.59972E+01
 1.10917E+01 5.07203E-01 7.22169E-01 1.99307E+00 1.62117E+01
 1.12202E+01 5.07310E-01 7.22322E-01 1.98215E+00 1.64281E+01
 1.13501E+01 5.07414E-01 7.22470E-01 1.97112E+00 1.66463E+01
 1.14815E+01 5.07516E-01 7.22616E-01 1.95999E+00 1.68662E+01
 1.16145E+01 5.07616E-01 7.22758E-01 1.94876E+00 1.70879E+01
 1.17490E+01 5.07714E-01 7.22898E-01 1.93744E+00 1.73113E+01
 1.18850E+01 5.07810E-01 7.23034E-01 1.92603E+00 1.75364E+01
 1.20226E+01 5.07903E-01 7.23167E-01 1.91453E+00 1.77632E+01
 1.21619E+01 5.07995E-01 7.23297E-01 1.90296E+00 1.79917E+01
 1.23027E+01 5.08084E-01 7.23425E-01 1.89131E+00 1.82218E+01
 1.24451E+01 5.08172E-01 7.23549E-01 1.87959E+00 1.84536E+01
 1.25893E+01 5.08257E-01 7.23671E-01 1.86779E+00 1.86869E+01
 1.27350E+01 5.08341E-01 7.23790E-01 1.85594E+00 1.89218E+01
 1.28825E+01 5.08423E-01 7.23906E-01 1.84402E+00 1.91582E+01
 1.30317E+01 5.08503E-01 7.24020E-01 1.83205E+00 1.93961E+01
 1.31826E+01 5.08581E-01 7.24132E-01 1.82002E+00 1.96355E+01
 1.33352E+01 5.08657E-01 7.24240E-01 1.80795E+00 1.98763E+01
 1.34896E+01 5.08732E-01 7.24347E-01 1.79583E+00 2.01184E+01
 1.36458E+01 5.08805E-01 7.24451E-01 1.78367E+00 2.03620E+01
 1.38038E+01 5.08877E-01 7.24553E-01 1.77147E+00 2.06069E+01
 1.39637E+01 5.08947E-01 7.24652E-01 1.75923E+00 2.08530E+01
 1.41254E+01 5.09015E-01 7.24750E-01 1.74697E+00 2.11004E+01
 1.42889E+01 5.09082E-01 7.24845E-01 1.73467E+00 2.13489E+01
 1.44544E+01 5.09147E-01 7.24938E-01 1.72235E+00 2.15986E+01
 1.46218E+01 5.09211E-01 7.25029E-01 1.71001E+00 2.18494E+01
 1.47911E+01 5.09274E-01 7.25118E-01 1.69765E+00 2.21013E+01
 1.49624E+01 5.09335E-01 7.25205E-01 1.68527E+00 2.23541E+01
 1.51356E+01 5.09394E-01 7.25290E-01 1.67289E+00 2.26079E+01
 1.53109E+01 5.09453E-01 7.25373E-01 1.66049E+00 2.28626E+01
 1.54882E+01 5.09510E-01 7.25455E-01 1.64808E+00 2.31182E+01
 1.56675E+01 5.09566E-01 7.25534E-01 1.63568E+00 2.33745E+01
 1.58489E+01 5.09620E-01 7.25612E-01 1.62327E+00 2.36315E+01
 1.60325E+01 5.09674E-01 7.25688E-01 1.61086E+00 2.38892E+01
 1.62181E+01 5.09726E-01 7.25762E-01 1.59845E+00 2.41475E+01
 1.64059E+01 5.09777E-01 7.25835E-01 1.58606E+00 2.44063E+01
 1.65959E+01 5.09827E-01 7.25906E-01 1.57367E+00 2.46656E+01
 1.67880E+01 5.09876E-01 7.25976E-01 1.56129E+00 2.49252E+01
 1.69824E+01 5.09924E-01 7.26043E-01 1.54893E+00 2.51853E+01
 1.71791E+01 5.09970E-01 7.26110E-01 1.53659E+00 2.54455E+01
 1.73780E+01 5.10016E-01 7.26175E-01 1.52426E+00 2.57060E+01
 1.75792E+01 5.10060E-01 7.26238E-01 1.51195E+00 2.59666E+01
 1.77828E+01 5.10104E-01 7.26300E-01 1.49967E+00 2.62272E+01
 1.79887E+01 5.10147E-01 7.26361E-01 1.48741E+00 2.64877E+01
 1.81970E+01 5.10188E-01 7.26420E-01 1.47518E+00 2.67482E+01
 1.84077E+01 5.10229E-01 7.26478E-01 1.46298E+00 2.70084E+01
 1.86209E+01 5.10269E-01 7.26535E-01 1.45081E+00 2.72683E+01
 1.88365E+01 5.10308E-01 7.26591E-01 1.43867E+00 2.75279E+01
 1.90546E+01 5.10346E-01 7.26645E-01 1.42657E+00 2.77870E+01
 1.92752E+01 5.10383E-01 7.26698E-01 1.41450E+00 2.80456E+01
 1.94984E+01 5.10419E-01 7.26750E-01 1.40247E+00 2.83035E+01
 1.97242E+01 5.10455E-01 7.26800E-01 1.39048E+00 2.85608E+01
 1.99526E+01 5.10490E-01 7.26850E-01 1.37853E+00 2.88172E+01
 2.01837E+01 5.10524E-01 7.26898E-01 1.36662E+00 2.90727E+01
 2.04174E+01 5.10557E-01 7.26945E-01 1.35476E+00 2.93271E+01
 2.06538E+01 5.10589E-01 7.26992E-01 1.34295E+00 2.95805E+01
 2.08930E+01 5.10621E-01 7.27037E-01 1.33118E+00 2.98327E+01
 2.11349E+01 5.10652E-01 7.27081E-01 1.31946E+00 3.00836E+01
 2.13796E+01 5.10683E-01 7.27124E-01 1.30779E+00 3.03331E+01
 2.16272E+01 5.10712E-01 7.27167E-01 1.29617E+00 3.05811E+01
 2.18776E+01 5.10741E-01 7.27208E-01 1.28460E+00 3.08275E+01
 2.21309E+01 5.10770E-01 7.27248E-01 1.27309E+00 3.10723E+01
 2.23872E+01 5.10797E-01 7.27288E-01 1.26163E+00 3.13152E+01
 2.26464E+01 5.10825E-01 7.27326E-01 1.25022E+00 3.15562E+01
 2.29087E+01 5.10851E-01 7.27364E-01 1.23887E+00 3.17952E+01
 2.31739E+01 5.10877E-01 7.27401E-01 1.22758E+00 3.20321E+01
 2.34423E+01 5.10902E-01 7.27437E-01 1.21635E+00 3.22668E+01
 2.37137E+01 5.10927E-01 7.27472E-01 1.20518E+00 3.24991E+01
 2.39883E+01 5.10951E-01 7.27507E-01 1.19406E+00 3.27291E+01
 2.42661E+01 5.10975E-01 7.27540E-01 1.18301E+00 3.29565E+01
 2.45471E+01 5.10998E-01 7.27573E-01 1.17202E+00 3.31812E+01
 2.48313E+01 5.11021E-01 7.27606E-01 1.16109E+00 3.34032E+01
 2.51189E+01 5.11043E-01 7.27637E-01 1.15023E+00 3.36224E+01
 2.54097E+01 5.11064E-01 7.27668E-01 1.13942E+00 3.38386E+01
 2.57040E+01 5.11085E-01 7.27698E-01 1.12869E+00 3.40518E+01
 2.60016E+01 5.11106E-01 7.27727E-01 1.11802E+00 3.42617E+01
 2.63027E+01 5.11126E-01 7.27756E-01 1.10741E+00 3.44685E+01
 2.66073E+01 5.11146E-01 7.27784E-01 1.09687E+00 3.46718E+01
 2.69153E+01 5.11165E-01 7.27811E-01 1.08640E+00 3.48717E+01
 2.72270E+01 5.11184E-01 7.27838E-01 1.07599E+00 3.50680E+01
 2.75423E+01 5.11203E-01 7.27865E-01 1.06565E+00 3.52606E+01
 2.78612E+01 5.11221E-01 7.27890E-01 1.05538E+00 3.54495E+01
 2.81838E+01 5.11238E-01 7.27915E-01 1.04518E+00 3.56345E+01
 2.85102E+01 5.11255E-01 7.27940E-01 1.03505E+00 3.58155E+01
 2.88403E+01 5.11272E-01 7.27964E-01 1.02498E+00 3.59925E+01
 2.91743E+01 5.11289E-01 7.27987E-01 1.01499E+00 3.61653E+01
 2.95121E+01 5.11305E-01 7.28010E-01 1.00506E+00 3.63339E+01
 2.98538E+01 5.11320E-01 7.28032E-01 9.95206E-01 3.64981E+01
 3.01995E+01 5.11336E-01 7.28054E-01 9.85421E-01 3.66580E+01
 3.05492E+01 5.11351E-01 7.28076E-01 9.75706E-01 3.68133E+01
 3.09030E+01 5.11365E-01 7.28097E-01 9.69096E-01 3.69640E+01
 3.12608E+01 5.11380E-01 7.28117E-01 9.69124E-01 3.71101E+01
 3.16228E+01 5.11394E-01 7.28137E-01 9.69150E-01 3.72514E+01
 3.19890E+01 5.11408E-01 7.28156E-01 9.69176E-01 3.73879E+01
 3.23594E+01 5.11421E-01 7.28175E-01 9.69202E-01 3.75195E+01
 3.27341E+01 5.11434E-01 7.28194E-01 9.69226E-01 3.76462E+01
 3.31131E+01 5.11447E-01 7.28212E-01 9.69251E-01 3.77678E+01
 3.34965E+01 5.11459E-01 7.28230E-01 9.69274E-01 3.78844E+01
 3.38844E+01 5.11472E-01 7.28248E-01 9.69298E-01 3.79958E+01
 3.42768E+01 5.11484E-01 7.28265E-01 9.69320E-01 3.81019E+01
 3.46737E+01 5.11495E-01 7.28281E-01 9.69342E-01 3.82029E+01
 3.50752E+01 5.11507E-01 7.28297E-01 9.69364E-01 3.82985E+01
 3.54813E+01 5.11518E-01 7.28313E-01 9.69385E-01 3.83887E+01
 3.58922E+01 5.11529E-01 7.28329E-01 9.69406E-01 3.84736E+01
 3.63078E+01 5.11539E-01 7.28344E-01 9.69426E-01 3.85530E+01
 3.67282E+01 5.11550E-01 7.28359E-01 9.69446E-01 3.86269E+01
 3.71535E+01 5.11560E-01 7.28373E-01 9.69465E-01 3.86953E+01
 3.75837E+01 5.11570E-01 7.28388E-01 9.69484E-01 3.87581E+01
 3.80189E+01 5.11580E-01 7.28401E-01 9.69502E-01 3.88154E+01
 3.84592E+01 5.11589E-01 7.28415E-01 9.69520E-01 3.88671E+01
 3.89045E+01 5.11598E-01 7.28428E-01 9.69538E-01 3.89132E+01
 3.93550E+01 5.11608E-01 7.28441E-01 9.69555E-01 3.89537E+01
 3.98107E+01 5.11616E-01 7.28454E-01 9.69572E-01 3.89885E+01
 4.02717E+01 5.11625E-01 7.28466E-01 9.69589E-01 3.90177E+01
 4.07380E+01 5.11634E-01 7.28478E-01 9.69605E-01 3.90413E+01
 4.12098E+01 5.11642E-01 7.28490E-01 9.69620E-01 3.90592E+01
 4.16869E+01 5.11650E-01 7.28502E-01 9.69636E-01 3.90714E+01
 4.21697E+01 5.11658E-01 7.28513E-01 9.69651E-01 3.90781E+01
 4.26580E+01 5.11666E-01 7.28524E-01 9.69665E-01 3.90791E+01
 4.31519E+01 5.11673E-01 7.28535E-01 9.69680E-01 3.90745E+01
 4.36516E+01 5.11681E-01 7.28545E-01 9.69694E-01 3.90643E+01
 4.41570E+01 5.11688E-01 7.28556E-01 9.69708E-01 3.90486E+01
 4.46684E+01 5.11695E-01 7.28566E-01 9.69721E-01 3.90273E+01
 4.51856E+01 5.11702E-01 7.28576E-01 9.69734E-01 3.90006E+01
 4.57088E+01 5.11709E-01 7.28585E-01 9.69747E-01 3.89683E+01
 4.62381E+01 5.11715E-01 7.28595E-01 9.69759E-01 3.89306E+01
 4.67735E+01 5.11722E-01 7.28604E-01 9.69772E-01 3.88876E+01
 4.73151E+01 5.11728E-01 7.28613E-01 9.69784E-01 3.88392E+01
 4.78630E+01 5.11734E-01 7.28621E-01 9.69795E-01 3.87854E+01
 4.84172E+01 5.11740E-01 7.28630E-01 9.69807E-01 3.87265E+01
 4.89779E+01 5.11746E-01 7.28638E-01 9.69818E-01 3.86623E+01
 4.95450E+01 5.11752E-01 7.28647E-01 9.69829E-01 3.85930E+01
 5.01187E+01 5.11757E-01 7.28655E-01 9.69839E-01 3.85186E+01
 5.06991E+01 5.11763E-01 7.28662E-01 9.69850E-01 3.84392E+01
 5.12861E+01 5.11768E-01 7.28670E-01 9.69860E-01 3.83548E+01
 5.18800E+01 5.11774E-01 7.28678E-01 9.69870E-01 3.82656E+01
 5.24807E+01 5.11779E-01 7.28685E-01 9.69880E-01 3.81715E+01
 5.30884E+01 5.11784E-01 7.28692E-01 9.69889E-01 3.80727E+01
 5.37032E+01 5.11789E-01 7.28699E-01 9.69898E-01 3.79691E+01
 5.43250E+01 5.11793E-01 7.28706E-01 9.69908E-01 3.78610E+01
 5.49541E+01 5.11798E-01 7.28713E-01 9.69916E-01 3.77484E+01
 5.55904E+01 5.11803E-01 7.28719E-01 9.69925E-01 3.76314E+01
 5.62341E+01 5.11807E-01 7.28725E-01 9.69934E-01 3.75100E+01
 5.68853E+01 5.11812E-01 7.28732E-01 9.69942E-01 3.73843E+01
 5.75440E+01 5.11816E-01 7.28738E-01 9.69950E-01 3.72544E+01
 5.82103E+01 5.11820E-01 7.28744E-01 9.69958E-01 3.71204E+01
 5.88844E+01 5.11824E-01 7.28750E-01 9.69966E-01 3.69824E+01
 5.95662E+01 5.11828E-01 7.28755E-01 9.69973E-01 3.68405E+01
 6.02560E+01 5.11832E-01 7.28761E-01 9.69981E-01 3.66948E+01
 6.09537E+01 5.11836E-01 7.28766E-01 9.69988E-01 3.65453E+01
 6.16595E+01 5.11839E-01 7.28771E-01 9.69995E-01 3.63922E+01
 6.23735E+01 5.11843E-01 7.28777E-01 9.70002E-01 3.62355E+01
 6.30957E+01 5.11847E-01 7.28782E-01 9.70008E-01 3.60753E+01
 6.38263E+01 5.11850E-01 7.28787E-01 9.70015E-01 3.59118E+01
 6.45654E+01 5.11854E-01 7.28792E-01 9.70022E-01 3.57450E+01
 6.53131E+01 5.11857E-01 7.28796E-01 9.70028E-01 3.55751E+01
 6.60693E+01 5.11860E-01 7.28801E-01 9.70034E-01 3.54020E+01
 6.68344E+01 5.11863E-01 7.28805E-01 9.70040E-01 3.52260E+01
 6.76083E+01 5.11866E-01 7.28810E-01 9.70046E-01 3.50471E+01
 6.83912E+01 5.11869E-01 7.28814E-01 9.70052E-01 3.48654E+01
 6.91831E+01 5.11872E-01 7.28818E-01 9.70057E-01 3.46810E+01
 6.99842E+01 5.11875E-01 7.28822E-01 9.70063E-01 3.44940E+01
 7.07946E+01 5.11878E-01 7.28826E-01 9.70068E-01 3.43045E+01
 7.16143E+01 5.11881E-01 7.28830E-01 9.70073E-01 3.41126E+01
 7.24436E+01 5.11884E-01 7.28834E-01 9.70078E-01 3.39183E+01
 7.32825E+01 5.11886E-01 7.28838E-01 9.70083E-01 3.37219E+01
 7.41310E+01 5.11889E-01 7.28842E-01 9.70088E-01 3.35233E+01
 7.49894E+01 5.11891E-01 7.28845E-01 9.70093E-01 3.33227E+01
 7.58578E+01 5.11894E-01 7.28849E-01 9.70098E-01 3.31202E+01
 7.67361E+01 5.11896E-01 7.28852E-01 9.70102E-01 3.29158E+01
 7.76247E+01 5.11899E-01 7.28856E-01 9.70107E-01 3.27096E+01
 7.85236E+01 5.11901E-01 7.28859E-01 9.70111E-01 3.25018E+01
 7.94328E+01 5.11903E-01 7.28862E-01 9.70115E-01 3.22924E+01
 8.03526E+01 5.11905E-01 7.28865E-01 9.70120E-01 3.20814E+01
 8.12831E+01 5.11907E-01 7.28868E-01 9.70124E-01 3.18691E+01
 8.22243E+01 5.11910E-01 7.28871E-01 9.70128E-01 3.16555E+01
 8.31764E+01 5.11912E-01 7.28874E-01 9.70132E-01 3.14406E+01
 8.41395E+01 5.11914E-01 7.28877E-01 9.70135E-01 3.12246E+01
 8.51138E+01 5.11916E-01 7.28880E-01 9.70139E-01 3.10075E+01
 8.60994E+01 5.11918E-01 7.28883E-01 9.70143E-01 3.07894E+01
 8.70964E+01 5.11919E-01 7.28885E-01 9.70146E-01 3.05704E+01
 8.81049E+01 5.11921E-01 7.28888E-01 9.70150E-01 3.03505E+01
 8.91251E+01 5.11923E-01 7.28890E-01 9.70153E-01 3.01299E+01
 9.01571E+01 5.11925E-01 7.28893E-01 9.70156E-01 2.99086E+01
 9.12011E+01 5.11926E-01 7.28895E-01 9.70160E-01 2.96867E+01
 9.22571E+01 5.11928E-01 7.28898E-01 9.70163E-01 2.94643E+01
 9.33254E+01 5.11930E-01 7.28900E-01 9.70166E-01 2.92414E+01
 9.44061E+01 5.11931E-01 7.28902E-01 9.70169E-01 2.90181E+01
 9.54993E+01 5.11933E-01 7.28904E-01 9.70172E-01 2.87944E+01
 9.66051E+01 5.11934E-01 7.28907E-01 9.70175E-01 2.85705E+01
 9.77237E+01 5.11936E-01 7.28909E-01 9.70178E-01 2.83464E+01
 9.88553E+01 5.11937E-01 7.28911E-01 9.70180E-01 2.81221E+01
 1.00000E+02 5.11939E-01 7.28913E-01 9.70183E-01 2.78978E+01
