 1.00000E-02 6.78254E-02 9.31729E-02 1.24037E-01 1.28050E-01
 2.00000E-02 6.80587E-02 9.34841E-02 1.24311E-01 1.28408E-01
 3.00000E-02 6.84398E-02 9.39138E-02 1.24775E-01 1.28863E-01
 4.00000E-02 6.89599E-02 9.45151E-02 1.25418E-01 1.29497E-01
 5.00000E-02 6.96251E-02 9.52865E-02 1.26237E-01 1.30318E-01
 6.00000E-02 7.04384E-02 9.62241E-02 1.27234E-01 1.31315E-01
 7.00000E-02 7.13927E-02 9.73287E-02 1.28409E-01 1.32490E-01
 8.00000E-02 7.24862E-02 9.85961E-02 1.29759E-01 1.33841E-01
 9.00000E-02 7.37178E-02 1.00023E-01 1.31285E-01 1.35366E-01
 1.00000E-01 7.50819E-02 1.01608E-01 1.32980E-01 1.37063E-01
 1.10000E-01 7.65755E-02 1.03344E-01 1.34841E-01 1.38927E-01
 1.20000E-01 7.81937E-02 1.05228E-01 1.36866E-01 1.40956E-01
 1.30000E-01 7.99322E-02 1.07255E-01 1.39049E-01 1.43143E-01
 1.40000E-01 8.17854E-02 1.09419E-01 1.41385E-01 1.45485E-01
 1.50000E-01 8.37484E-02 1.11714E-01 1.43868E-01 1.47976E-01
 1.60000E-01 8.58159E-02 1.14134E-01 1.46493E-01 1.50609E-01
 1.70000E-01 8.79822E-02 1.16673E-01 1.49252E-01 1.53379E-01
 1.80000E-01 9.02418E-02 1.19325E-01 1.52140E-01 1.56279E-01
 1.90000E-01 9.25898E-02 1.22083E-01 1.55149E-01 1.59302E-01
 2.00000E-01 9.50205E-02 1.24941E-01 1.58274E-01 1.62441E-01
 2.10000E-01 9.75287E-02 1.27893E-01 1.61506E-01 1.65690E-01
 2.20000E-01 1.00110E-01 1.30933E-01 1.64839E-01 1.69042E-01
 2.30000E-01 1.02759E-01 1.34055E-01 1.68267E-01 1.72489E-01
 2.40000E-01 1.05471E-01 1.37254E-01 1.71783E-01 1.76026E-01
 2.50000E-01 1.08243E-01 1.40524E-01 1.75380E-01 1.79645E-01
 2.60000E-01 1.11069E-01 1.43859E-01 1.79053E-01 1.83341E-01
 2.70000E-01 1.13946E-01 1.47255E-01 1.82795E-01 1.87106E-01
 2.80000E-01 1.16871E-01 1.50708E-01 1.86599E-01 1.90936E-01
 2.90000E-01 1.19839E-01 1.54212E-01 1.90462E-01 1.94824E-01
 3.00000E-01 1.22847E-01 1.57763E-01 1.94377E-01 1.98765E-01
 3.10000E-01 1.25892E-01 1.61358E-01 1.98339E-01 2.02754E-01
 3.20000E-01 1.28970E-01 1.64992E-01 2.02344E-01 2.06785E-01
 3.30000E-01 1.32080E-01 1.68661E-01 2.06387E-01 2.10855E-01
 3.40000E-01 1.35218E-01 1.72363E-01 2.10462E-01 2.14957E-01
 3.50000E-01 1.38382E-01 1.76094E-01 2.14567E-01 2.19088E-01
 3.60000E-01 1.41569E-01 1.79851E-01 2.18697E-01 2.23245E-01
 3.70000E-01 1.44776E-01 1.83631E-01 2.22849E-01 2.27422E-01
 3.80000E-01 1.48002E-01 1.87431E-01 2.27019E-01 2.31617E-01
 3.90000E-01 1.51245E-01 1.91249E-01 2.31203E-01 2.35826E-01
 4.00000E-01 1.54501E-01 1.95082E-01 2.35399E-01 2.40046E-01
 4.10000E-01 1.57771E-01 1.98928E-01 2.39604E-01 2.44274E-01
 4.20000E-01 1.61051E-01 2.02784E-01 2.43815E-01 2.48507E-01
 4.30000E-01 1.64340E-01 2.06650E-01 2.48029E-01 2.52742E-01
 4.40000E-01 1.67637E-01 2.10523E-01 2.52244E-01 2.56977E-01
 4.50000E-01 1.70940E-01 2.14400E-01 2.56459E-01 2.61210E-01
 4.60000E-01 1.74247E-01 2.18281E-01 2.60670E-01 2.65439E-01
 4.70000E-01 1.77557E-01 2.22165E-01 2.64876E-01 2.69661E-01
 4.80000E-01 1.80869E-01 2.26048E-01 2.69076E-01 2.73875E-01
 4.90000E-01 1.84181E-01 2.29931E-01 2.73267E-01 2.78080E-01
 5.00000E-01 1.87493E-01 2.33812E-01 2.77448E-01 2.82273E-01
 5.10000E-01 1.90803E-01 2.37689E-01 2.81618E-01 2.86453E-01
 5.20000E-01 1.94111E-01 2.41563E-01 2.85776E-01 2.90619E-01
 5.30000E-01 1.97414E-01 2.45430E-01 2.89920E-01 2.94770E-01
 5.40000E-01 2.00713E-01 2.49292E-01 2.94049E-01 2.98904E-01
 5.50000E-01 2.04006E-01 2.53146E-01 2.98163E-01 3.03021E-01
 5.60000E-01 2.07293E-01 2.56992E-01 3.02260E-01 3.07120E-01
 5.70000E-01 2.10573E-01 2.60829E-01 3.06340E-01 3.11200E-01
 5.80000E-01 2.13844E-01 2.64656E-01 3.10402E-01 3.15261E-01
 5.90000E-01 2.17106E-01 2.68473E-01 3.14445E-01 3.19300E-01
 6.00000E-01 2.20359E-01 2.72279E-01 3.18469E-01 3.23319E-01
 6.10000E-01 2.23602E-01 2.76074E-01 3.22473E-01 3.28338E-01
 6.20000E-01 2.26834E-01 2.79856E-01 3.28385E-01 3.34986E-01
 6.30000E-01 2.30054E-01 2.83626E-01 3.34864E-01 3.41595E-01
 6.40000E-01 2.33263E-01 2.87383E-01 3.41304E-01 3.48164E-01
 6.50000E-01 2.36459E-01 2.91126E-01 3.47699E-01 3.54688E-01
 6.60000E-01 2.39641E-01 2.94855E-01 3.54055E-01 3.61171E-01
 6.70000E-01 2.42810E-01 2.98570E-01 3.60366E-01 3.67609E-01
 6.80000E-01 2.45965E-01 3.03001E-01 3.66632E-01 3.74001E-01
 6.90000E-01 2.49105E-01 3.08142E-01 3.72852E-01 3.80346E-01
 7.00000E-01 2.52230E-01 3.13245E-01 3.79027E-01 3.86645E-01
 7.10000E-01 2.55340E-01 3.18306E-01 3.85151E-01 3.92892E-01
 7.20000E-01 2.58434E-01 3.23329E-01 3.91229E-01 3.99092E-01
 7.30000E-01 2.61512E-01 3.28310E-01 3.97255E-01 4.05239E-01
 7.40000E-01 2.64573E-01 3.33249E-01 4.03231E-01 4.11336E-01
 7.50000E-01 2.67617E-01 3.38147E-01 4.09157E-01 4.17381E-01
 7.60000E-01 2.71014E-01 3.43002E-01 4.15032E-01 4.23374E-01
 7.70000E-01 2.74819E-01 3.47818E-01 4.20859E-01 4.29319E-01
 7.80000E-01 2.78584E-01 3.52583E-01 4.26625E-01 4.35200E-01
 7.90000E-01 2.82317E-01 3.57308E-01 4.32343E-01 4.41033E-01
 8.00000E-01 2.86017E-01 3.61991E-01 4.38009E-01 4.46813E-01
 8.10000E-01 2.89680E-01 3.66627E-01 4.43618E-01 4.52535E-01
 8.20000E-01 2.93310E-01 3.71221E-01 4.49177E-01 4.58206E-01
 8.30000E-01 2.96903E-01 3.75768E-01 4.54680E-01 4.63819E-01
 8.40000E-01 3.00462E-01 3.80272E-01 4.60129E-01 4.69378E-01
 8.50000E-01 3.03987E-01 3.84733E-01 4.65527E-01 4.74884E-01
 8.60000E-01 3.07471E-01 3.89143E-01 4.70863E-01 4.80328E-01
 8.70000E-01 3.10924E-01 3.93513E-01 4.76151E-01 4.85721E-01
 8.80000E-01 3.14340E-01 3.97836E-01 4.81382E-01 4.91058E-01
 8.90000E-01 3.17721E-01 4.02115E-01 4.86560E-01 4.96340E-01
 9.00000E-01 3.21066E-01 4.06350E-01 4.91683E-01 5.01566E-01
 9.10000E-01 3.24378E-01 4.10541E-01 4.96754E-01 5.06739E-01
 9.20000E-01 3.27652E-01 4.14684E-01 5.01768E-01 5.11853E-01
 9.30000E-01 3.30892E-01 4.18785E-01 5.06729E-01 5.16915E-01
 9.40000E-01 3.34098E-01 4.22842E-01 5.11639E-01 5.21923E-01
 9.50000E-01 3.37266E-01 4.26852E-01 5.16491E-01 5.26872E-01
 9.60000E-01 3.40401E-01 4.30821E-01 5.21293E-01 5.31771E-01
 9.70000E-01 3.43501E-01 4.34743E-01 5.26039E-01 5.36612E-01
 9.80000E-01 3.46566E-01 4.38623E-01 5.30734E-01 5.41402E-01
 9.90000E-01 3.49598E-01 4.42459E-01 5.35376E-01 5.46137E-01
 1.00000E+00 3.52595E-01 4.46253E-01 5.39966E-01 5.50819E-01
 1.01158E+00 3.56024E-01 4.50593E-01 5.45217E-01 5.56176E-01
 1.02329E+00 3.59446E-01 4.54923E-01 5.50457E-01 5.61522E-01
 1.03514E+00 3.62860E-01 4.59244E-01 5.55685E-01 5.66855E-01
 1.04713E+00 3.66267E-01 4.63556E-01 5.60903E-01 5.72177E-01
 1.05925E+00 3.69667E-01 4.67860E-01 5.66111E-01 5.77489E-01
 1.07152E+00 3.73054E-01 4.72147E-01 5.71297E-01 5.82781E-01
 1.08393E+00 3.76433E-01 4.76423E-01 5.76472E-01 5.88059E-01
 1.09648E+00 3.79802E-01 4.80687E-01 5.81632E-01 5.93322E-01
 1.10917E+00 3.83158E-01 4.84934E-01 5.86770E-01 5.98565E-01
 1.12202E+00 3.86502E-01 4.89167E-01 5.91892E-01 6.03789E-01
 1.13501E+00 3.89833E-01 4.93383E-01 5.96993E-01 6.08993E-01
 1.14815E+00 3.93152E-01 4.97583E-01 6.02075E-01 6.14177E-01
 1.16145E+00 3.96454E-01 5.01762E-01 6.07132E-01 6.19336E-01
 1.17490E+00 3.99743E-01 5.05925E-01 6.12169E-01 6.24474E-01
 1.18850E+00 4.03015E-01 5.10065E-01 6.17179E-01 6.29585E-01
 1.20226E+00 4.06270E-01 5.14186E-01 6.22165E-01 6.34670E-01
 1.21619E+00 4.09509E-01 5.18285E-01 6.27125E-01 6.39730E-01
 1.23027E+00 4.12729E-01 5.22361E-01 6.32056E-01 6.44761E-01
 1.24451E+00 4.15933E-01 5.26415E-01 6.36962E-01 6.49765E-01
 1.25893E+00 4.19115E-01 5.30443E-01 6.41836E-01 6.54737E-01
 1.27350E+00 4.22280E-01 5.34448E-01 6.46682E-01 6.59680E-01
 1.28825E+00 4.25423E-01 5.38426E-01 6.51495E-01 6.64591E-01
 1.30317E+00 4.28547E-01 5.42379E-01 6.56279E-01 6.69470E-01
 1.31826E+00 4.31648E-01 5.46304E-01 6.61028E-01 6.74315E-01
 1.33352E+00 4.34729E-01 5.50204E-01 6.65746E-01 6.79128E-01
 1.34896E+00 4.37786E-01 5.54073E-01 6.70428E-01 6.83903E-01
 1.36458E+00 4.40822E-01 5.57915E-01 6.75077E-01 6.88646E-01
 1.38038E+00 4.43832E-01 5.61724E-01 6.79687E-01 6.93348E-01
 1.39637E+00 4.46820E-01 5.65507E-01 6.84263E-01 6.98017E-01
 1.41254E+00 4.49783E-01 5.69257E-01 6.88800E-01 7.02645E-01
 1.42889E+00 4.52722E-01 5.72976E-01 6.93301E-01 7.07236E-01
 1.44544E+00 4.55636E-01 5.76665E-01 6.97764E-01 7.11789E-01
 1.46218E+00 4.58524E-01 5.80320E-01 7.02187E-01 7.16301E-01
 1.47911E+00 4.61387E-01 5.83943E-01 7.06571E-01 7.20773E-01
 1.49624E+00 4.64224E-01 5.87534E-01 7.10916E-01 7.25205E-01
 1.51356E+00 4.67033E-01 5.91088E-01 7.15217E-01 7.29593E-01
 1.53109E+00 4.69817E-01 5.94612E-01 7.19480E-01 7.33942E-01
 1.54882E+00 4.72572E-01 5.98099E-01 7.23699E-01 7.38246E-01
 1.56675E+00 4.75300E-01 6.01552E-01 7.27878E-01 7.42508E-01
 1.58489E+00 4.78002E-01 6.04971E-01 7.32015E-01 7.46728E-01
 1.60325E+00 4.80674E-01 6.08354E-01 7.36108E-01 7.50904E-01
 1.62181E+00 4.83320E-01 6.11701E-01 7.40159E-01 7.55036E-01
 1.64059E+00 4.85935E-01 6.15011E-01 7.44164E-01 7.59121E-01
 1.65959E+00 4.88523E-01 6.18287E-01 7.48128E-01 7.63165E-01
 1.67880E+00 4.91081E-01 6.21525E-01 7.52045E-01 7.67161E-01
 1.69824E+00 4.93612E-01 6.24727E-01 7.55920E-01 7.71114E-01
 1.71791E+00 4.96113E-01 6.27893E-01 7.59751E-01 7.75022E-01
 1.73780E+00 4.98585E-01 6.31021E-01 7.63536E-01 7.78883E-01
 1.75792E+00 5.01028E-01 6.34113E-01 7.67277E-01 7.82699E-01
 1.77828E+00 5.03441E-01 6.37167E-01 7.70972E-01 7.86469E-01
 1.79887E+00 5.05825E-01 6.40185E-01 7.74623E-01 7.90193E-01
 1.81970E+00 5.08178E-01 6.43163E-01 7.78227E-01 7.93869E-01
 1.84077E+00 5.10504E-01 6.46106E-01 7.81789E-01 7.97503E-01
 1.86209E+00 5.12799E-01 6.49011E-01 7.85303E-01 8.01088E-01
 1.88365E+00 5.15064E-01 6.51877E-01 7.88772E-01 8.04626E-01
 1.90546E+00 5.17299E-01 6.54707E-01 7.92195E-01 8.08119E-01
 1.92752E+00 5.19505E-01 6.57498E-01 7.95573E-01 8.11564E-01
 1.94984E+00 5.21683E-01 6.60255E-01 7.98908E-01 8.14966E-01
 1.97242E+00 5.23829E-01 6.62971E-01 8.02194E-01 8.18319E-01
 1.99526E+00 5.25946E-01 6.65651E-01 8.05438E-01 8.21627E-01
 2.01837E+00 5.28035E-01 6.68295E-01 8.08636E-01 8.24890E-01
 2.04174E+00 5.30095E-01 6.70901E-01 8.11790E-01 8.28107E-01
 2.06538E+00 5.32123E-01 6.73469E-01 8.14897E-01 8.31276E-01
 2.08930E+00 5.34125E-01 6.76002E-01 8.17962E-01 8.34404E-01
 2.11349E+00 5.36097E-01 6.78498E-01 8.20982E-01 8.37484E-01
 2.13796E+00 5.38038E-01 6.80955E-01 8.23955E-01 8.40517E-01
 2.16272E+00 5.39954E-01 6.83379E-01 8.26889E-01 8.43510E-01
 2.18776E+00 5.41838E-01 6.85763E-01 8.29774E-01 8.46452E-01
 2.21309E+00 5.43696E-01 6.88115E-01 8.32619E-01 8.49354E-01
 2.23872E+00 5.45523E-01 6.90428E-01 8.35418E-01 8.52210E-01
 2.26464E+00 5.47324E-01 6.92707E-01 8.38175E-01 8.55023E-01
 2.29087E+00 5.49097E-01 6.94951E-01 8.40891E-01 8.57793E-01
 2.31739E+00 5.50842E-01 6.97160E-01 8.43563E-01 8.60519E-01
 2.34423E+00 5.52559E-01 6.99333E-01 8.46193E-01 8.63201E-01
 2.37137E+00 5.54250E-01 7.01473E-01 8.48782E-01 8.65842E-01
 2.39883E+00 5.55913E-01 7.03578E-01 8.51329E-01 8.68441E-01
 2.42661E+00 5.57549E-01 7.05648E-01 8.53835E-01 8.70997E-01
 2.45471E+00 5.59159E-01 7.07686E-01 8.56300E-01 8.73511E-01
 2.48313E+00 5.60742E-01 7.09689E-01 8.58724E-01 8.75984E-01
 2.51189E+00 5.62299E-01 7.11660E-01 8.61108E-01 8.78417E-01
 2.54097E+00 5.63830E-01 7.13598E-01 8.63453E-01 8.80808E-01
 2.57040E+00 5.65336E-01 7.15503E-01 8.65759E-01 8.83161E-01
 2.60016E+00 5.66816E-01 7.17376E-01 8.68025E-01 8.85473E-01
 2.63027E+00 5.68271E-01 7.19218E-01 8.70253E-01 8.87746E-01
 2.66073E+00 5.69701E-01 7.21028E-01 8.72444E-01 8.89980E-01
 2.69153E+00 5.71107E-01 7.22807E-01 8.74597E-01 8.92176E-01
 2.72270E+00 5.72488E-01 7.24555E-01 8.76712E-01 8.94334E-01
 2.75423E+00 5.73845E-01 7.26273E-01 8.78790E-01 8.96453E-01
 2.78612E+00 5.75178E-01 7.27960E-01 8.80831E-01 8.98536E-01
 2.81838E+00 5.76488E-01 7.29617E-01 8.82837E-01 9.00582E-01
 2.85102E+00 5.77774E-01 7.31246E-01 8.84807E-01 9.02592E-01
 2.88403E+00 5.79038E-01 7.32845E-01 8.86743E-01 9.04566E-01
 2.91743E+00 5.80280E-01 7.34416E-01 8.88644E-01 9.06505E-01
 2.95121E+00 5.81498E-01 7.35958E-01 8.90509E-01 9.08408E-01
 2.98538E+00 5.82695E-01 7.37473E-01 8.92342E-01 9.10278E-01
 3.01995E+00 5.83869E-01 7.38959E-01 8.94140E-01 9.12112E-01
 3.05492E+00 5.85022E-01 7.40419E-01 8.95907E-01 9.13914E-01
 3.09030E+00 5.86154E-01 7.41851E-01 8.97640E-01 9.15682E-01
 3.12608E+00 5.87265E-01 7.43258E-01 8.99342E-01 9.17418E-01
 3.16228E+00 5.88356E-01 7.44638E-01 9.01012E-01 9.19122E-01
 3.19890E+00 5.89426E-01 7.45992E-01 9.02651E-01 9.20794E-01
 3.23594E+00 5.90476E-01 7.47321E-01 9.04259E-01 9.22434E-01
 3.27341E+00 5.91506E-01 7.48625E-01 9.05836E-01 9.24043E-01
 3.31131E+00 5.92517E-01 7.49904E-01 9.07384E-01 9.25623E-01
 3.34965E+00 5.93508E-01 7.51159E-01 9.08902E-01 9.27171E-01
 3.38844E+00 5.94481E-01 7.52390E-01 9.10392E-01 9.28691E-01
 3.42768E+00 5.95435E-01 7.53598E-01 9.11853E-01 9.30181E-01
 3.46737E+00 5.96371E-01 7.54782E-01 9.13287E-01 9.31644E-01
 3.50752E+00 5.97289E-01 7.55943E-01 9.14691E-01 9.33077E-01
 3.54813E+00 5.98189E-01 7.57083E-01 9.16070E-01 9.34483E-01
 3.58922E+00 5.99071E-01 7.58199E-01 9.17421E-01 9.35861E-01
 3.63078E+00 5.99936E-01 7.59294E-01 9.18746E-01 9.37213E-01
 3.67282E+00 6.00785E-01 7.60368E-01 9.20045E-01 9.38538E-01
 3.71535E+00 6.01616E-01 7.61421E-01 9.21319E-01 9.39837E-01
 3.75837E+00 6.02432E-01 7.62453E-01 9.22568E-01 9.41112E-01
 3.80189E+00 6.03231E-01 7.63464E-01 9.23792E-01 9.42360E-01
 3.84592E+00 6.04014E-01 7.64455E-01 9.24991E-01 9.43583E-01
 3.89045E+00 6.04782E-01 7.65427E-01 9.26167E-01 9.44783E-01
 3.93550E+00 6.05534E-01 7.66380E-01 9.27319E-01 9.45958E-01
 3.98107E+00 6.06272E-01 7.67313E-01 9.28448E-01 9.47110E-01
 4.02717E+00 6.06995E-01 7.68228E-01 9.29555E-01 9.48239E-01
 4.07380E+00 6.07703E-01 7.69124E-01 9.30640E-01 9.49346E-01
 4.12098E+00 6.08396E-01 7.70002E-01 9.31702E-01 9.50429E-01
 4.16869E+00 6.09076E-01 7.70862E-01 9.32742E-01 9.51491E-01
 4.21697E+00 6.09742E-01 7.71705E-01 9.33763E-01 9.52531E-01
 4.26580E+00 6.10394E-01 7.72530E-01 9.34761E-01 9.53550E-01
 4.31519E+00 6.11033E-01 7.73339E-01 9.35740E-01 9.54548E-01
 4.36516E+00 6.11659E-01 7.74131E-01 9.36699E-01 9.55526E-01
 4.41570E+00 6.12272E-01 7.74907E-01 9.37638E-01 9.56484E-01
 4.46684E+00 6.12873E-01 7.75667E-01 9.38558E-01 9.57423E-01
 4.51856E+00 6.13462E-01 7.76412E-01 9.39459E-01 9.58342E-01
 4.57088E+00 6.14037E-01 7.77141E-01 9.40341E-01 9.59242E-01
 4.62381E+00 6.14602E-01 7.77855E-01 9.41205E-01 9.60123E-01
 4.67735E+00 6.15154E-01 7.78555E-01 9.42051E-01 9.60986E-01
 4.73151E+00 6.15695E-01 7.79239E-01 9.42879E-01 9.61831E-01
 4.78630E+00 6.16225E-01 7.79910E-01 9.43691E-01 9.62659E-01
 4.84172E+00 6.16744E-01 7.80566E-01 9.44485E-01 9.63469E-01
 4.89779E+00 6.17251E-01 7.81209E-01 9.45263E-01 9.64262E-01
 4.95450E+00 6.17749E-01 7.81838E-01 9.46024E-01 9.65039E-01
 5.01187E+00 6.18235E-01 7.82454E-01 9.46770E-01 9.65800E-01
 5.06991E+00 6.18712E-01 7.83058E-01 9.47500E-01 9.66544E-01
 5.12861E+00 6.19179E-01 7.83648E-01 9.48214E-01 9.67273E-01
 5.18800E+00 6.19635E-01 7.84226E-01 9.48913E-01 9.67986E-01
 5.24807E+00 6.20082E-01 7.84792E-01 9.49598E-01 9.68685E-01
 5.30884E+00 6.20520E-01 7.85346E-01 9.50268E-01 9.69369E-01
 5.37032E+00 6.20948E-01 7.85888E-01 9.50924E-01 9.70038E-01
 5.43250E+00 6.21367E-01 7.86418E-01 9.51566E-01 9.70692E-01
 5.49541E+00 6.21778E-01 7.86938E-01 9.52195E-01 9.71334E-01
 5.55904E+00 6.22180E-01 7.87446E-01 9.52810E-01 9.71961E-01
 5.62341E+00 6.22572E-01 7.87943E-01 9.53411E-01 9.72575E-01
 5.68853E+00 6.22957E-01 7.88430E-01 9.54000E-01 9.73176E-01
 5.75440E+00 6.23333E-01 7.88906E-01 9.54577E-01 9.73764E-01
 5.82103E+00 6.23702E-01 7.89372E-01 9.55141E-01 9.74339E-01
 5.88844E+00 6.24062E-01 7.89828E-01 9.55692E-01 9.74902E-01
 5.95662E+00 6.24415E-01 7.90275E-01 9.56233E-01 9.75453E-01
 6.02560E+00 6.24760E-01 7.90712E-01 9.56761E-01 9.75992E-01
 6.09537E+00 6.25097E-01 7.91139E-01 9.57278E-01 9.76519E-01
 6.16595E+00 6.25428E-01 7.91557E-01 9.57784E-01 9.77035E-01
 6.23735E+00 6.25751E-01 7.91966E-01 9.58279E-01 9.77541E-01
 6.30957E+00 6.26067E-01 7.92366E-01 9.58763E-01 9.78035E-01
 6.38263E+00 6.26377E-01 7.92758E-01 9.59237E-01 9.78518E-01
 6.45654E+00 6.26680E-01 7.93141E-01 9.59701E-01 9.78991E-01
 6.53131E+00 6.26976E-01 7.93516E-01 9.60154E-01 9.79453E-01
 6.60693E+00 6.27265E-01 7.93883E-01 9.60598E-01 9.79906E-01
 6.68344E+00 6.27549E-01 7.94241E-01 9.61032E-01 9.80349E-01
 6.76083E+00 6.27826E-01 7.94592E-01 9.61457E-01 9.80782E-01
 6.83912E+00 6.28097E-01 7.94936E-01 9.61872E-01 9.81206E-01
 6.91831E+00 6.28362E-01 7.95271E-01 9.62278E-01 9.81620E-01
 6.99842E+00 6.28622E-01 7.95600E-01 9.62676E-01 9.82026E-01
 7.07946E+00 6.28876E-01 7.95921E-01 9.63064E-01 9.82422E-01
 7.16143E+00 6.29124E-01 7.96235E-01 9.63445E-01 9.82810E-01
 7.24436E+00 6.29367E-01 7.96543E-01 9.63816E-01 9.83189E-01
 7.32825E+00 6.29604E-01 7.96843E-01 9.64180E-01 9.83560E-01
 7.41310E+00 6.29837E-01 7.97137E-01 9.64536E-01 9.83923E-01
 7.49894E+00 6.30064E-01 7.97425E-01 9.64884E-01 9.84278E-01
 7.58578E+00 6.30286E-01 7.97706E-01 9.65224E-01 9.84625E-01
 7.67361E+00 6.30504E-01 7.97981E-01 9.65557E-01 9.84965E-01
 7.76247E+00 6.30716E-01 7.98250E-01 9.65883E-01 9.85297E-01
 7.85236E+00 6.30924E-01 7.98513E-01 9.66201E-01 9.85622E-01
 7.94328E+00 6.31127E-01 7.98770E-01 9.66512E-01 9.85939E-01
 8.03526E+00 6.31326E-01 7.99022E-01 9.66817E-01 9.86250E-01
 8.12831E+00 6.31521E-01 7.99268E-01 9.67115E-01 9.86554E-01
 8.22243E+00 6.31711E-01 7.99509E-01 9.67406E-01 9.86851E-01
 8.31764E+00 6.31897E-01 7.99744E-01 9.67691E-01 9.87141E-01
 8.41395E+00 6.32079E-01 7.99974E-01 9.67969E-01 9.87425E-01
 8.51138E+00 6.32256E-01 8.00199E-01 9.68241E-01 9.87703E-01
 8.60994E+00 6.32430E-01 8.00420E-01 9.68508E-01 9.87975E-01
 8.70964E+00 6.32600E-01 8.00635E-01 9.68768E-01 9.88240E-01
 8.81049E+00 6.32766E-01 8.00845E-01 9.69023E-01 9.88500E-01
 8.91251E+00 6.32929E-01 8.01051E-01 9.69271E-01 9.88754E-01
 9.01571E+00 6.33088E-01 8.01252E-01 9.69515E-01 9.89002E-01
 9.12011E+00 6.33243E-01 8.01449E-01 9.69753E-01 9.89245E-01
 9.22571E+00 6.33396E-01 8.01641E-01 9.69986E-01 9.89483E-01
 9.33254E+00 6.33544E-01 8.01829E-01 9.70213E-01 9.89715E-01
 9.44061E+00 6.33689E-01 8.02013E-01 9.70436E-01 9.89941E-01
 9.54993E+00 6.33831E-01 8.02193E-01 9.70653E-01 9.90163E-01
 9.66051E+00 6.33970E-01 8.02369E-01 9.70866E-01 9.90380E-01
 9.77237E+00 6.34106E-01 8.02540E-01 9.71074E-01 9.90593E-01
 9.88553E+00 6.34239E-01 8.02709E-01 9.71277E-01 9.90800E-01
 1.00000E+01 6.34369E-01 8.02873E-01 9.71476E-01 9.91003E-01
 1.01158E+01 6.34496E-01 8.03033E-01 9.71670E-01 9.91201E-01
 1.02329E+01 6.34620E-01 8.03190E-01 9.71860E-01 9.91395E-01
 1.03514E+01 6.34741E-01 8.03344E-01 9.72046E-01 9.91584E-01
 1.04713E+01 6.34860E-01 8.03494E-01 9.72228E-01 9.91770E-01
 1.05925E+01 6.34976E-01 8.03641E-01 9.72405E-01 9.91951E-01
 1.07152E+01 6.35089E-01 8.03784E-01 9.72579E-01 9.92128E-01
 1.08393E+01 6.35200E-01 8.03925E-01 9.72749E-01 9.92301E-01
 1.09648E+01 6.35308E-01 8.04062E-01 9.72915E-01 9.92470E-01
 1.10917E+01 6.35414E-01 8.04196E-01 9.73077E-01 9.92636E-01
 1.12202E+01 6.35518E-01 8.04327E-01 9.73236E-01 9.92798E-01
 1.13501E+01 6.35619E-01 8.04455E-01 9.73391E-01 9.92956E-01
 1.14815E+01 6.35718E-01 8.04580E-01 9.73542E-01 9.93110E-01
 1.16145E+01 6.35815E-01 8.04703E-01 9.73690E-01 9.93261E-01
 1.17490E+01 6.35909E-01 8.04822E-01 9.73835E-01 9.93409E-01
 1.18850E+01 6.36002E-01 8.04939E-01 9.73977E-01 9.93554E-01
 1.20226E+01 6.36092E-01 8.05054E-01 9.74115E-01 9.93695E-01
 1.21619E+01 6.36180E-01 8.05166E-01 9.74250E-01 9.93833E-01
 1.23027E+01 6.36267E-01 8.05275E-01 9.74383E-01 9.93968E-01
 1.24451E+01 6.36351E-01 8.05382E-01 9.74512E-01 9.94100E-01
 1.25893E+01 6.36434E-01 8.05486E-01 9.74638E-01 9.94229E-01
 1.27350E+01 6.36514E-01 8.05588E-01 9.74762E-01 9.94355E-01
 1.28825E+01 6.36593E-01 8.05688E-01 9.74883E-01 9.94478E-01
 1.30317E+01 6.36670E-01 8.05786E-01 9.75001E-01 9.94598E-01
 1.31826E+01 6.36746E-01 8.05881E-01 9.75116E-01 9.94716E-01
 1.33352E+01 6.36819E-01 8.05974E-01 9.75229E-01 9.94831E-01
 1.34896E+01 6.36891E-01 8.06065E-01 9.75339E-01 9.94943E-01
 1.36458E+01 6.36962E-01 8.06155E-01 9.75447E-01 9.95053E-01
 1.38038E+01 6.37030E-01 8.06242E-01 9.75552E-01 9.95161E-01
 1.39637E+01 6.37098E-01 8.06327E-01 9.75655E-01 9.95266E-01
 1.41254E+01 6.37163E-01 8.06410E-01 9.75756E-01 9.95369E-01
 1.42889E+01 6.37228E-01 8.06491E-01 9.75854E-01 9.95469E-01
 1.44544E+01 6.37290E-01 8.06571E-01 9.75951E-01 9.95567E-01
 1.46218E+01 6.37352E-01 8.06648E-01 9.76045E-01 9.95663E-01
 1.47911E+01 6.37412E-01 8.06724E-01 9.76136E-01 9.95757E-01
 1.49624E+01 6.37470E-01 8.06799E-01 9.76226E-01 9.95848E-01
 1.51356E+01 6.37528E-01 8.06871E-01 9.76314E-01 9.95938E-01
 1.53109E+01 6.37584E-01 8.06942E-01 9.76400E-01 9.96025E-01
 1.54882E+01 6.37639E-01 8.07011E-01 9.76484E-01 9.96111E-01
 1.56675E+01 6.37692E-01 8.07079E-01 9.76566E-01 9.96195E-01
 1.58489E+01 6.37744E-01 8.07145E-01 9.76646E-01 9.96276E-01
 1.60325E+01 6.37796E-01 8.07210E-01 9.76724E-01 9.96356E-01
 1.62181E+01 6.37846E-01 8.07273E-01 9.76801E-01 9.96434E-01
 1.64059E+01 6.37894E-01 8.07335E-01 9.76875E-01 9.96511E-01
 1.65959E+01 6.37942E-01 8.07396E-01 9.76949E-01 9.96585E-01
 1.67880E+01 6.37989E-01 8.07455E-01 9.77020E-01 9.96658E-01
 1.69824E+01 6.38034E-01 8.07512E-01 9.77090E-01 9.96729E-01
 1.71791E+01 6.38079E-01 8.07569E-01 9.77158E-01 9.96799E-01
 1.73780E+01 6.38123E-01 8.07624E-01 9.77225E-01 9.96867E-01
 1.75792E+01 6.38165E-01 8.07678E-01 9.77290E-01 9.96934E-01
 1.77828E+01 6.38207E-01 8.07731E-01 9.77354E-01 9.96999E-01
 1.79887E+01 6.38248E-01 8.07782E-01 9.77416E-01 9.97062E-01
 1.81970E+01 6.38287E-01 8.07832E-01 9.77477E-01 9.97124E-01
 1.84077E+01 6.38326E-01 8.07882E-01 9.77537E-01 9.97185E-01
 1.86209E+01 6.38364E-01 8.07930E-01 9.77595E-01 9.97244E-01
 1.88365E+01 6.38401E-01 8.07977E-01 9.77652E-01 9.97302E-01
 1.90546E+01 6.38438E-01 8.08023E-01 9.77707E-01 9.97359E-01
 1.92752E+01 6.38473E-01 8.08067E-01 9.77762E-01 9.97415E-01
 1.94984E+01 6.38508E-01 8.08111E-01 9.77815E-01 9.97469E-01
 1.97242E+01 6.38542E-01 8.08154E-01 9.77867E-01 9.97522E-01
 1.99526E+01 6.38575E-01 8.08196E-01 9.77917E-01 9.97573E-01
 2.01837E+01 6.38607E-01 8.08237E-01 9.77967E-01 9.97624E-01
 2.04174E+01 6.38639E-01 8.08277E-01 9.78015E-01 9.97673E-01
 2.06538E+01 6.38670E-01 8.08316E-01 9.78063E-01 9.97722E-01
 2.08930E+01 6.38700E-01 8.08354E-01 9.78109E-01 9.97769E-01
 2.11349E+01 6.38729E-01 8.08392E-01 9.78154E-01 9.97815E-01
 2.13796E+01 6.38758E-01 8.08428E-01 9.78198E-01 9.97860E-01
 2.16272E+01 6.38786E-01 8.08464E-01 9.78241E-01 9.97904E-01
 2.18776E+01 6.38814E-01 8.08499E-01 9.78284E-01 9.97947E-01
 2.21309E+01 6.38841E-01 8.08533E-01 9.78325E-01 9.97989E-01
 2.23872E+01 6.38867E-01 8.08566E-01 9.78365E-01 9.98030E-01
 2.26464E+01 6.38893E-01 8.08599E-01 9.78405E-01 9.98071E-01
 2.29087E+01 6.38918E-01 8.08631E-01 9.78443E-01 9.98110E-01
 2.31739E+01 6.38943E-01 8.08662E-01 9.78481E-01 9.98148E-01
 2.34423E+01 6.38967E-01 8.08692E-01 9.78518E-01 9.98186E-01
 2.37137E+01 6.38990E-01 8.08722E-01 9.78554E-01 9.98223E-01
 2.39883E+01 6.39013E-01 8.08751E-01 9.78589E-01 9.98258E-01
 2.42661E+01 6.39036E-01 8.08779E-01 9.78623E-01 9.98293E-01
 2.45471E+01 6.39057E-01 8.08807E-01 9.78657E-01 9.98328E-01
 2.48313E+01 6.39079E-01 8.08834E-01 9.78689E-01 9.98361E-01
 2.51189E+01 6.39100E-01 8.08861E-01 9.78721E-01 9.98394E-01
 2.54097E+01 6.39120E-01 8.08887E-01 9.78753E-01 9.98426E-01
 2.57040E+01 6.39140E-01 8.08912E-01 9.78783E-01 9.98457E-01
 2.60016E+01 6.39160E-01 8.08937E-01 9.78813E-01 9.98488E-01
 2.63027E+01 6.39179E-01 8.08961E-01 9.78843E-01 9.98517E-01
 2.66073E+01 6.39198E-01 8.08984E-01 9.78871E-01 9.98546E-01
 2.69153E+01 6.39216E-01 8.09008E-01 9.78899E-01 9.98575E-01
 2.72270E+01 6.39234E-01 8.09030E-01 9.78926E-01 9.98603E-01
 2.75423E+01 6.39251E-01 8.09052E-01 9.78953E-01 9.98630E-01
 2.78612E+01 6.39268E-01 8.09074E-01 9.78979E-01 9.98657E-01
 2.81838E+01 6.39285E-01 8.09095E-01 9.79005E-01 9.98683E-01
 2.85102E+01 6.39301E-01 8.09115E-01 9.79030E-01 9.98708E-01
 2.88403E+01 6.39317E-01 8.09135E-01 9.79054E-01 9.98733E-01
 2.91743E+01 6.39332E-01 8.09155E-01 9.79078E-01 9.98757E-01
 2.95121E+01 6.39348E-01 8.09174E-01 9.79101E-01 9.98781E-01
 2.98538E+01 6.39362E-01 8.09193E-01 9.79124E-01 9.98804E-01
 3.01995E+01 6.39377E-01 8.09211E-01 9.79146E-01 9.98827E-01
 3.05492E+01 6.39391E-01 8.09229E-01 9.79168E-01 9.98849E-01
 3.09030E+01 6.39405E-01 8.09247E-01 9.79189E-01 9.98870E-01
 3.12608E+01 6.39418E-01 8.09264E-01 9.79209E-01 9.98892E-01
 3.16228E+01 6.39432E-01 8.09281E-01 9.79230E-01 9.98912E-01
 3.19890E+01 6.39445E-01 8.09297E-01 9.79249E-01 9.98932E-01
 3.23594E+01 6.39457E-01 8.09313E-01 9.79269E-01 9.98952E-01
 3.27341E+01 6.39470E-01 8.09329E-01 9.79288E-01 9.98971E-01
 3.31131E+01 6.39482E-01 8.09344E-01 9.79306E-01 9.98990E-01
 3.34965E+01 6.39493E-01 8.09359E-01 9.79324E-01 9.99009E-01
 3.38844E+01 6.39505E-01 8.09373E-01 9.79342E-01 9.99027E-01
 3.42768E+01 6.39516E-01 8.09388E-01 9.79359E-01 9.99044E-01
 3.46737E+01 6.39527E-01 8.09402E-01 9.79376E-01 9.99061E-01
 3.50752E+01 6.39538E-01 8.09415E-01 9.79392E-01 9.99078E-01
 3.54813E+01 6.39548E-01 8.09429E-01 9.79409E-01 9.99095E-01
 3.58922E+01 6.39559E-01 8.09442E-01 9.79424E-01 9.99111E-01
 3.63078E+01 6.39569E-01 8.09454E-01 9.79440E-01 9.99126E-01
 3.67282E+01 6.39579E-01 8.09467E-01 9.79455E-01 9.99142E-01
 3.71535E+01 6.39588E-01 8.09479E-01 9.79469E-01 9.99157E-01
 3.75837E+01 6.39598E-01 8.09491E-01 9.79484E-01 9.99171E-01
 3.80189E+01 6.39607E-01 8.09502E-01 9.79498E-01 9.99186E-01
 3.84592E+01 6.39616E-01 8.09514E-01 9.79511E-01 9.99200E-01
 3.89045E+01 6.39624E-01 8.09525E-01 9.79525E-01 9.99213E-01
 3.93550E+01 6.39633E-01 8.09535E-01 9.79538E-01 9.99227E-01
 3.98107E+01 6.39641E-01 8.09546E-01 9.79551E-01 9.99240E-01
 4.02717E+01 6.39649E-01 8.09556E-01 9.79563E-01 9.99252E-01
 4.07380E+01 6.39657E-01 8.09566E-01 9.79575E-01 9.99265E-01
 4.12098E+01 6.39665E-01 8.09576E-01 9.79587E-01 9.99277E-01
 4.16869E+01 6.39673E-01 8.09586E-01 9.79599E-01 9.99289E-01
 4.21697E+01 6.39680E-01 8.09595E-01 9.79610E-01 9.99301E-01
 4.26580E+01 6.39688E-01 8.09605E-01 9.79622E-01 9.99312E-01
 4.31519E+01 6.39695E-01 8.09614E-01 9.79632E-01 9.99323E-01
 4.36516E+01 6.39702E-01 8.09622E-01 9.79643E-01 9.99334E-01
 4.41570E+01 6.39708E-01 8.09631E-01 9.79653E-01 9.99344E-01
 4.46684E+01 6.39715E-01 8.09639E-01 9.79664E-01 9.99355E-01
 4.51856E+01 6.39722E-01 8.09648E-01 9.79674E-01 9.99365E-01
 4.57088E+01 6.39728E-01 8.09656E-01 9.79683E-01 9.99375E-01
 4.62381E+01 6.39734E-01 8.09663E-01 9.79693E-01 9.99385E-01
 4.67735E+01 6.39740E-01 8.09671E-01 9.79702E-01 9.99394E-01
 4.73151E+01 6.39746E-01 8.09679E-01 9.79711E-01 9.99403E-01
 4.78630E+01 6.39752E-01 8.09686E-01 9.79720E-01 9.99412E-01
 4.84172E+01 6.39757E-01 8.09693E-01 9.79729E-01 9.99421E-01
 4.89779E+01 6.39763E-01 8.09700E-01 9.79737E-01 9.99430E-01
 4.95450E+01 6.39768E-01 8.09707E-01 9.79745E-01 9.99438E-01
 5.01187E+01 6.39774E-01 8.09713E-01 9.79753E-01 9.99446E-01
 5.06991E+01 6.39779E-01 8.09720E-01 9.79761E-01 9.99454E-01
 5.12861E+01 6.39784E-01 8.09726E-01 9.79769E-01 9.99462E-01
 5.18800E+01 6.39789E-01 8.09733E-01 9.79776E-01 9.99470E-01
 5.24807E+01 6.39794E-01 8.09739E-01 9.79784E-01 9.99477E-01
 5.30884E+01 6.39798E-01 8.09745E-01 9.79791E-01 9.99485E-01
 5.37032E+01 6.39803E-01 8.09750E-01 9.79798E-01 9.99492E-01
 5.43250E+01 6.39807E-01 8.09756E-01 9.79805E-01 9.99499E-01
 5.49541E+01 6.39812E-01 8.09762E-01 9.79812E-01 9.99506E-01
 5.55904E+01 6.39816E-01 8.09767E-01 9.79818E-01 9.99513E-01
 5.62341E+01 6.39820E-01 8.09772E-01 9.79825E-01 9.99519E-01
 5.68853E+01 6.39824E-01 8.09778E-01 9.79831E-01 9.99525E-01
 5.75440E+01 6.39828E-01 8.09783E-01 9.79837E-01 9.99532E-01
 5.82103E+01 6.39832E-01 8.09788E-01 9.79843E-01 9.99538E-01
 5.88844E+01 6.39836E-01 8.09792E-01 9.79849E-01 9.99544E-01
 5.95662E+01 6.39840E-01 8.09797E-01 9.79855E-01 9.99550E-01
 6.02560E+01 6.39843E-01 8.09802E-01 9.79860E-01 9.99555E-01
 6.09537E+01 6.39847E-01 8.09806E-01 9.79866E-01 9.99561E-01
 6.16595E+01 6.39850E-01 8.09811E-01 9.79871E-01 9.99566E-01
 6.23735E+01 6.39854E-01 8.09815E-01 9.79876E-01 9.99572E-01
 6.30957E+01 6.39857E-01 8.09819E-01 9.79881E-01 9.99577E-01
 6.38263E+01 6.39860E-01 8.09823E-01 9.79886E-01 9.99582E-01
 6.45654E+01 6.39864E-01 8.09827E-01 9.79891E-01 9.99587E-01
 6.53131E+01 6.39867E-01 8.09831E-01 9.79896E-01 9.99592E-01
 6.60693E+01 6.39870E-01 8.09835E-01 9.79900E-01 9.99596E-01
 6.68344E+01 6.39873E-01 8.09839E-01 9.79905E-01 9.99601E-01
 6.76083E+01 6.39876E-01 8.09843E-01 9.79909E-01 9.99606E-01
 6.83912E+01 6.39878E-01 8.09846E-01 9.79914E-01 9.99610E-01
 6.91831E+01 6.39881E-01 8.09850E-01 9.79918E-01 9.99614E-01
 6.99842E+01 6.39884E-01 8.09853E-01 9.79922E-01 9.99619E-01
 7.07946E+01 6.39887E-01 8.09856E-01 9.79926E-01 9.99623E-01
 7.16143E+01 6.39889E-01 8.09860E-01 9.79930E-01 9.99627E-01
 7.24436E+01 6.39892E-01 8.09863E-01 9.79934E-01 9.99631E-01
 7.32825E+01 6.39894E-01 8.09866E-01 9.79938E-01 9.99635E-01
 7.41310E+01 6.39896E-01 8.09869E-01 9.79941E-01 9.99638E-01
 7.49894E+01 6.39899E-01 8.09872E-01 9.79945E-01 9.99642E-01
 7.58578E+01 6.39901E-01 8.09875E-01 9.79949E-01 9.99646E-01
 7.67361E+01 6.39903E-01 8.09878E-01 9.79952E-01 9.99649E-01
 7.76247E+01 6.39906E-01 8.09881E-01 9.79955E-01 9.99653E-01
 7.85236E+01 6.39908E-01 8.09883E-01 9.79959E-01 9.99656E-01
 7.94328E+01 6.39910E-01 8.09886E-01 9.79962E-01 9.99659E-01
 8.03526E+01 6.39912E-01 8.09889E-01 9.79965E-01 9.99662E-01
 8.12831E+01 6.39914E-01 8.09891E-01 9.79968E-01 9.99666E-01
 8.22243E+01 6.39916E-01 8.09894E-01 9.79971E-01 9.99669E-01
 8.31764E+01 6.39918E-01 8.09896E-01 9.79974E-01 9.99672E-01
 8.41395E+01 6.39920E-01 8.09898E-01 9.79977E-01 9.99674E-01
 8.51138E+01 6.39921E-01 8.09901E-01 9.79980E-01 9.99677E-01
 8.60994E+01 6.39923E-01 8.09903E-01 9.79982E-01 9.99680E-01
 8.70964E+01 6.39925E-01 8.09905E-01 9.79985E-01 9.99683E-01
 8.81049E+01 6.39927E-01 8.09907E-01 9.79988E-01 9.99686E-01
 8.91251E+01 6.39928E-01 8.09909E-01 9.79990E-01 9.99688E-01
 9.01571E+01 6.39930E-01 8.09911E-01 9.79993E-01 9.99691E-01
 9.12011E+01 6.39932E-01 8.09913E-01 9.79995E-01 9.99693E-01
 9.22571E+01 6.39933E-01 8.09915E-01 9.79998E-01 9.99696E-01
 9.33254E+01 6.39935E-01 8.09917E-01 9.80000E-01 9.99698E-01
 9.44061E+01 6.39936E-01 8.09919E-01 9.80002E-01 9.99700E-01
 9.54993E+01 6.39938E-01 8.09921E-01 9.80004E-01 9.99703E-01
 9.66051E+01 6.39939E-01 8.09923E-01 9.80007E-01 9.99705E-01
 9.77237E+01 6.39940E-01 8.09925E-01 9.80009E-01 9.99707E-01
 9.88553E+01 6.39942E-01 8.09926E-01 9.80011E-01 9.99709E-01
 1.00000E+02 6.39943E-01 8.09928E-01 9.80013E-01 9.99711E-01
