 1.00000E-02 3.40761E-02 5.49167E-02 8.51143E-02 8.95136E-02
 2.00000E-02 3.44263E-02 5.53989E-02 8.56556E-02 9.01025E-02
 3.00000E-02 3.50085E-02 5.61686E-02 8.65566E-02 9.10117E-02
 4.00000E-02 3.58206E-02 5.72388E-02 8.78152E-02 9.22791E-02
 5.00000E-02 3.68594E-02 5.86135E-02 8.94287E-02 9.39071E-02
 6.00000E-02 3.81208E-02 6.02820E-02 9.13976E-02 9.58922E-02
 7.00000E-02 3.96004E-02 6.22405E-02 9.37120E-02 9.82289E-02
 8.00000E-02 4.12919E-02 6.44830E-02 9.63691E-02 1.00910E-01
 9.00000E-02 4.31890E-02 6.69998E-02 9.93589E-02 1.03932E-01
 1.00000E-01 4.52839E-02 6.97816E-02 1.02673E-01 1.07282E-01
 1.10000E-01 4.75682E-02 7.28182E-02 1.06300E-01 1.10952E-01
 1.20000E-01 5.00332E-02 7.60979E-02 1.10228E-01 1.14928E-01
 1.30000E-01 5.26699E-02 7.96094E-02 1.14443E-01 1.19198E-01
 1.40000E-01 5.54690E-02 8.33397E-02 1.18932E-01 1.23747E-01
 1.50000E-01 5.84208E-02 8.72764E-02 1.23678E-01 1.28559E-01
 1.60000E-01 6.15161E-02 9.14065E-02 1.28665E-01 1.33618E-01
 1.70000E-01 6.47450E-02 9.57171E-02 1.33878E-01 1.38909E-01
 1.80000E-01 6.80983E-02 1.00195E-01 1.39300E-01 1.44413E-01
 1.90000E-01 7.15668E-02 1.04829E-01 1.44916E-01 1.50114E-01
 2.00000E-01 7.51412E-02 1.09605E-01 1.50707E-01 1.55995E-01
 2.10000E-01 7.88129E-02 1.14511E-01 1.56658E-01 1.62040E-01
 2.20000E-01 8.25733E-02 1.19537E-01 1.62754E-01 1.68233E-01
 2.30000E-01 8.64142E-02 1.24670E-01 1.68980E-01 1.74557E-01
 2.40000E-01 9.03276E-02 1.29900E-01 1.75322E-01 1.80999E-01
 2.50000E-01 9.43060E-02 1.35217E-01 1.81765E-01 1.87543E-01
 2.60000E-01 9.83420E-02 1.40611E-01 1.88296E-01 1.94176E-01
 2.70000E-01 1.02429E-01 1.46073E-01 1.94904E-01 2.00886E-01
 2.80000E-01 1.06560E-01 1.51594E-01 2.01576E-01 2.07659E-01
 2.90000E-01 1.10729E-01 1.57166E-01 2.08302E-01 2.14486E-01
 3.00000E-01 1.14930E-01 1.62781E-01 2.15071E-01 2.21355E-01
 3.10000E-01 1.19157E-01 1.68432E-01 2.21875E-01 2.28256E-01
 3.20000E-01 1.23406E-01 1.74112E-01 2.28704E-01 2.35181E-01
 3.30000E-01 1.27671E-01 1.79815E-01 2.35550E-01 2.42120E-01
 3.40000E-01 1.31947E-01 1.85535E-01 2.42406E-01 2.49067E-01
 3.50000E-01 1.36231E-01 1.91266E-01 2.49264E-01 2.56013E-01
 3.60000E-01 1.40517E-01 1.97002E-01 2.56119E-01 2.62952E-01
 3.70000E-01 1.44802E-01 2.02741E-01 2.62963E-01 2.69879E-01
 3.80000E-01 1.49083E-01 2.08475E-01 2.69793E-01 2.76786E-01
 3.90000E-01 1.53355E-01 2.14202E-01 2.76602E-01 2.83670E-01
 4.00000E-01 1.57617E-01 2.19918E-01 2.83387E-01 2.90526E-01
 4.10000E-01 1.61864E-01 2.25619E-01 2.90143E-01 2.97348E-01
 4.20000E-01 1.66093E-01 2.31301E-01 2.96866E-01 3.04134E-01
 4.30000E-01 1.70304E-01 2.36962E-01 3.03554E-01 3.10880E-01
 4.40000E-01 1.74491E-01 2.42598E-01 3.10202E-01 3.17583E-01
 4.50000E-01 1.78655E-01 2.48207E-01 3.16809E-01 3.24239E-01
 4.60000E-01 1.82792E-01 2.53786E-01 3.23372E-01 3.30847E-01
 4.70000E-01 1.86901E-01 2.59334E-01 3.29887E-01 3.37404E-01
 4.80000E-01 1.90979E-01 2.64848E-01 3.36355E-01 3.44932E-01
 4.90000E-01 1.95026E-01 2.70325E-01 3.44657E-01 3.55100E-01
 5.00000E-01 1.99039E-01 2.75765E-01 3.54427E-01 3.65167E-01
 5.10000E-01 2.03018E-01 2.81165E-01 3.64094E-01 3.75127E-01
 5.20000E-01 2.06960E-01 2.86525E-01 3.73652E-01 3.84974E-01
 5.30000E-01 2.10866E-01 2.91842E-01 3.83097E-01 3.94706E-01
 5.40000E-01 2.14733E-01 2.97115E-01 3.92426E-01 4.04317E-01
 5.50000E-01 2.18561E-01 3.02344E-01 4.01635E-01 4.13804E-01
 5.60000E-01 2.22349E-01 3.08580E-01 4.10720E-01 4.23166E-01
 5.70000E-01 2.26096E-01 3.15313E-01 4.19681E-01 4.32398E-01
 5.80000E-01 2.29802E-01 3.21949E-01 4.28515E-01 4.41499E-01
 5.90000E-01 2.33466E-01 3.28489E-01 4.37219E-01 4.50467E-01
 6.00000E-01 2.37087E-01 3.34931E-01 4.45794E-01 4.59302E-01
 6.10000E-01 2.40665E-01 3.41275E-01 4.54237E-01 4.68001E-01
 6.20000E-01 2.44200E-01 3.47520E-01 4.62549E-01 4.76564E-01
 6.30000E-01 2.48390E-01 3.53665E-01 4.70728E-01 4.84992E-01
 6.40000E-01 2.52636E-01 3.59711E-01 4.78775E-01 4.93282E-01
 6.50000E-01 2.56813E-01 3.65657E-01 4.86690E-01 5.01437E-01
 6.60000E-01 2.60919E-01 3.71504E-01 4.94472E-01 5.09455E-01
 6.70000E-01 2.64956E-01 3.77252E-01 5.02123E-01 5.17337E-01
 6.80000E-01 2.68924E-01 3.82902E-01 5.09642E-01 5.25085E-01
 6.90000E-01 2.72823E-01 3.88454E-01 5.17032E-01 5.32698E-01
 7.00000E-01 2.76654E-01 3.93908E-01 5.24292E-01 5.40178E-01
 7.10000E-01 2.80417E-01 3.99266E-01 5.31423E-01 5.47526E-01
 7.20000E-01 2.84114E-01 4.04529E-01 5.38428E-01 5.54743E-01
 7.30000E-01 2.87743E-01 4.09697E-01 5.45307E-01 5.61830E-01
 7.40000E-01 2.91307E-01 4.14771E-01 5.52061E-01 5.68789E-01
 7.50000E-01 2.94806E-01 4.19753E-01 5.58692E-01 5.75621E-01
 7.60000E-01 2.98241E-01 4.24644E-01 5.65201E-01 5.82327E-01
 7.70000E-01 3.01613E-01 4.29445E-01 5.71591E-01 5.88910E-01
 7.80000E-01 3.04922E-01 4.34156E-01 5.77862E-01 5.95372E-01
 7.90000E-01 3.08169E-01 4.38780E-01 5.84016E-01 6.01713E-01
 8.00000E-01 3.11356E-01 4.43318E-01 5.90056E-01 6.07935E-01
 8.10000E-01 3.14483E-01 4.47770E-01 5.95982E-01 6.14041E-01
 8.20000E-01 3.17552E-01 4.52139E-01 6.01797E-01 6.20032E-01
 8.30000E-01 3.20562E-01 4.56426E-01 6.07502E-01 6.25910E-01
 8.40000E-01 3.23516E-01 4.60631E-01 6.13100E-01 6.31677E-01
 8.50000E-01 3.26414E-01 4.64757E-01 6.18591E-01 6.37335E-01
 8.60000E-01 3.29256E-01 4.68804E-01 6.23979E-01 6.42886E-01
 8.70000E-01 3.32045E-01 4.72775E-01 6.29264E-01 6.48331E-01
 8.80000E-01 3.34781E-01 4.76670E-01 6.34448E-01 6.53673E-01
 8.90000E-01 3.37465E-01 4.80492E-01 6.39534E-01 6.58913E-01
 9.00000E-01 3.40097E-01 4.84240E-01 6.44523E-01 6.64053E-01
 9.10000E-01 3.42680E-01 4.87917E-01 6.49417E-01 6.69095E-01
 9.20000E-01 3.45213E-01 4.91524E-01 6.54218E-01 6.74042E-01
 9.30000E-01 3.47698E-01 4.95062E-01 6.58928E-01 6.78894E-01
 9.40000E-01 3.50136E-01 4.98533E-01 6.63548E-01 6.83654E-01
 9.50000E-01 3.52527E-01 5.01938E-01 6.68080E-01 6.88323E-01
 9.60000E-01 3.54873E-01 5.05278E-01 6.72525E-01 6.92903E-01
 9.70000E-01 3.57174E-01 5.08555E-01 6.76887E-01 6.97397E-01
 9.80000E-01 3.59432E-01 5.11769E-01 6.81165E-01 7.01805E-01
 9.90000E-01 3.61647E-01 5.14923E-01 6.85363E-01 7.06130E-01
 1.00000E+00 3.63820E-01 5.18017E-01 6.89481E-01 7.10373E-01
 1.01158E+00 3.66285E-01 5.21527E-01 6.94152E-01 7.15186E-01
 1.02329E+00 3.68724E-01 5.24999E-01 6.98774E-01 7.19947E-01
 1.03514E+00 3.71136E-01 5.28434E-01 7.03346E-01 7.24658E-01
 1.04713E+00 3.73522E-01 5.31831E-01 7.07867E-01 7.29316E-01
 1.05925E+00 3.75881E-01 5.35190E-01 7.12338E-01 7.33923E-01
 1.07152E+00 3.78213E-01 5.38511E-01 7.16758E-01 7.38476E-01
 1.08393E+00 3.80518E-01 5.41793E-01 7.21126E-01 7.42977E-01
 1.09648E+00 3.82796E-01 5.45036E-01 7.25443E-01 7.47425E-01
 1.10917E+00 3.85047E-01 5.48240E-01 7.29708E-01 7.51819E-01
 1.12202E+00 3.87270E-01 5.51406E-01 7.33921E-01 7.56160E-01
 1.13501E+00 3.89465E-01 5.54532E-01 7.38082E-01 7.60447E-01
 1.14815E+00 3.91633E-01 5.57619E-01 7.42191E-01 7.64680E-01
 1.16145E+00 3.93774E-01 5.60666E-01 7.46247E-01 7.68859E-01
 1.17490E+00 3.95887E-01 5.63674E-01 7.50251E-01 7.72984E-01
 1.18850E+00 3.97972E-01 5.66643E-01 7.54202E-01 7.77055E-01
 1.20226E+00 4.00029E-01 5.69573E-01 7.58101E-01 7.81072E-01
 1.21619E+00 4.02059E-01 5.72463E-01 7.61948E-01 7.85035E-01
 1.23027E+00 4.04061E-01 5.75313E-01 7.65742E-01 7.88945E-01
 1.24451E+00 4.06035E-01 5.78125E-01 7.69484E-01 7.92800E-01
 1.25893E+00 4.07982E-01 5.80897E-01 7.73173E-01 7.96601E-01
 1.27350E+00 4.09902E-01 5.83630E-01 7.76811E-01 8.00349E-01
 1.28825E+00 4.11794E-01 5.86324E-01 7.80397E-01 8.04044E-01
 1.30317E+00 4.13659E-01 5.88979E-01 7.83931E-01 8.07685E-01
 1.31826E+00 4.15496E-01 5.91595E-01 7.87413E-01 8.11273E-01
 1.33352E+00 4.17307E-01 5.94173E-01 7.90844E-01 8.14808E-01
 1.34896E+00 4.19090E-01 5.96712E-01 7.94224E-01 8.18290E-01
 1.36458E+00 4.20847E-01 5.99214E-01 7.97554E-01 8.21720E-01
 1.38038E+00 4.22577E-01 6.01677E-01 8.00832E-01 8.25098E-01
 1.39637E+00 4.24281E-01 6.04103E-01 8.04061E-01 8.28424E-01
 1.41254E+00 4.25958E-01 6.06491E-01 8.07239E-01 8.31699E-01
 1.42889E+00 4.27609E-01 6.08841E-01 8.10368E-01 8.34923E-01
 1.44544E+00 4.29234E-01 6.11155E-01 8.13447E-01 8.38096E-01
 1.46218E+00 4.30833E-01 6.13432E-01 8.16478E-01 8.41218E-01
 1.47911E+00 4.32407E-01 6.15673E-01 8.19460E-01 8.44291E-01
 1.49624E+00 4.33955E-01 6.17877E-01 8.22394E-01 8.47314E-01
 1.51356E+00 4.35478E-01 6.20045E-01 8.25280E-01 8.50287E-01
 1.53109E+00 4.36976E-01 6.22178E-01 8.28119E-01 8.53212E-01
 1.54882E+00 4.38449E-01 6.24276E-01 8.30911E-01 8.56089E-01
 1.56675E+00 4.39898E-01 6.26339E-01 8.33657E-01 8.58918E-01
 1.58489E+00 4.41322E-01 6.28367E-01 8.36356E-01 8.61699E-01
 1.60325E+00 4.42723E-01 6.30361E-01 8.39010E-01 8.64433E-01
 1.62181E+00 4.44099E-01 6.32321E-01 8.41619E-01 8.67121E-01
 1.64059E+00 4.45452E-01 6.34248E-01 8.44183E-01 8.69763E-01
 1.65959E+00 4.46782E-01 6.36141E-01 8.46703E-01 8.72359E-01
 1.67880E+00 4.48089E-01 6.38001E-01 8.49180E-01 8.74911E-01
 1.69824E+00 4.49373E-01 6.39829E-01 8.51613E-01 8.77418E-01
 1.71791E+00 4.50634E-01 6.41625E-01 8.54003E-01 8.79881E-01
 1.73780E+00 4.51873E-01 6.43390E-01 8.56352E-01 8.82300E-01
 1.75792E+00 4.53090E-01 6.45123E-01 8.58658E-01 8.84677E-01
 1.77828E+00 4.54286E-01 6.46825E-01 8.60924E-01 8.87011E-01
 1.79887E+00 4.55460E-01 6.48496E-01 8.63148E-01 8.89303E-01
 1.81970E+00 4.56612E-01 6.50138E-01 8.65333E-01 8.91554E-01
 1.84077E+00 4.57744E-01 6.51749E-01 8.67478E-01 8.93763E-01
 1.86209E+00 4.58855E-01 6.53331E-01 8.69584E-01 8.95933E-01
 1.88365E+00 4.59946E-01 6.54884E-01 8.71651E-01 8.98063E-01
 1.90546E+00 4.61017E-01 6.56409E-01 8.73680E-01 9.00154E-01
 1.92752E+00 4.62068E-01 6.57905E-01 8.75672E-01 9.02206E-01
 1.94984E+00 4.63099E-01 6.59374E-01 8.77626E-01 9.04219E-01
 1.97242E+00 4.64111E-01 6.60815E-01 8.79545E-01 9.06196E-01
 1.99526E+00 4.65104E-01 6.62229E-01 8.81427E-01 9.08135E-01
 2.01837E+00 4.66079E-01 6.63616E-01 8.83273E-01 9.10037E-01
 2.04174E+00 4.67035E-01 6.64977E-01 8.85085E-01 9.11904E-01
 2.06538E+00 4.67973E-01 6.66313E-01 8.86862E-01 9.13735E-01
 2.08930E+00 4.68893E-01 6.67623E-01 8.88606E-01 9.15531E-01
 2.11349E+00 4.69795E-01 6.68907E-01 8.90316E-01 9.17293E-01
 2.13796E+00 4.70680E-01 6.70167E-01 8.91993E-01 9.19021E-01
 2.16272E+00 4.71548E-01 6.71403E-01 8.93637E-01 9.20715E-01
 2.18776E+00 4.72399E-01 6.72615E-01 8.95250E-01 9.22377E-01
 2.21309E+00 4.73233E-01 6.73803E-01 8.96832E-01 9.24007E-01
 2.23872E+00 4.74052E-01 6.74968E-01 8.98382E-01 9.25604E-01
 2.26464E+00 4.74854E-01 6.76110E-01 8.99903E-01 9.27171E-01
 2.29087E+00 4.75640E-01 6.77230E-01 9.01393E-01 9.28706E-01
 2.31739E+00 4.76411E-01 6.78328E-01 9.02854E-01 9.30212E-01
 2.34423E+00 4.77167E-01 6.79404E-01 9.04286E-01 9.31687E-01
 2.37137E+00 4.77908E-01 6.80458E-01 9.05690E-01 9.33134E-01
 2.39883E+00 4.78634E-01 6.81492E-01 9.07066E-01 9.34551E-01
 2.42661E+00 4.79345E-01 6.82505E-01 9.08415E-01 9.35940E-01
 2.45471E+00 4.80043E-01 6.83498E-01 9.09736E-01 9.37302E-01
 2.48313E+00 4.80726E-01 6.84471E-01 9.11031E-01 9.38636E-01
 2.51189E+00 4.81395E-01 6.85424E-01 9.12300E-01 9.39943E-01
 2.54097E+00 4.82051E-01 6.86358E-01 9.13543E-01 9.41224E-01
 2.57040E+00 4.82694E-01 6.87274E-01 9.14761E-01 9.42479E-01
 2.60016E+00 4.83324E-01 6.88170E-01 9.15955E-01 9.43709E-01
 2.63027E+00 4.83941E-01 6.89049E-01 9.17124E-01 9.44913E-01
 2.66073E+00 4.84545E-01 6.89909E-01 9.18269E-01 9.46093E-01
 2.69153E+00 4.85137E-01 6.90752E-01 9.19391E-01 9.47249E-01
 2.72270E+00 4.85717E-01 6.91578E-01 9.20490E-01 9.48382E-01
 2.75423E+00 4.86285E-01 6.92386E-01 9.21566E-01 9.49491E-01
 2.78612E+00 4.86841E-01 6.93178E-01 9.22620E-01 9.50577E-01
 2.81838E+00 4.87386E-01 6.93954E-01 9.23653E-01 9.51641E-01
 2.85102E+00 4.87920E-01 6.94714E-01 9.24664E-01 9.52682E-01
 2.88403E+00 4.88442E-01 6.95458E-01 9.25654E-01 9.53703E-01
 2.91743E+00 4.88954E-01 6.96186E-01 9.26624E-01 9.54702E-01
 2.95121E+00 4.89455E-01 6.96900E-01 9.27574E-01 9.55680E-01
 2.98538E+00 4.89946E-01 6.97598E-01 9.28503E-01 9.56638E-01
 3.01995E+00 4.90426E-01 6.98282E-01 9.29414E-01 9.57576E-01
 3.05492E+00 4.90896E-01 6.98952E-01 9.30305E-01 9.58494E-01
 3.09030E+00 4.91357E-01 6.99607E-01 9.31177E-01 9.59393E-01
 3.12608E+00 4.91807E-01 7.00249E-01 9.32032E-01 9.60273E-01
 3.16228E+00 4.92249E-01 7.00878E-01 9.32868E-01 9.61135E-01
 3.19890E+00 4.92681E-01 7.01493E-01 9.33687E-01 9.61978E-01
 3.23594E+00 4.93104E-01 7.02095E-01 9.34488E-01 9.62804E-01
 3.27341E+00 4.93518E-01 7.02684E-01 9.35273E-01 9.63612E-01
 3.31131E+00 4.93923E-01 7.03261E-01 9.36041E-01 9.64404E-01
 3.34965E+00 4.94319E-01 7.03826E-01 9.36792E-01 9.65178E-01
 3.38844E+00 4.94708E-01 7.04379E-01 9.37528E-01 9.65936E-01
 3.42768E+00 4.95088E-01 7.04920E-01 9.38248E-01 9.66678E-01
 3.46737E+00 4.95459E-01 7.05449E-01 9.38953E-01 9.67404E-01
 3.50752E+00 4.95823E-01 7.05967E-01 9.39642E-01 9.68115E-01
 3.54813E+00 4.96180E-01 7.06474E-01 9.40317E-01 9.68810E-01
 3.58922E+00 4.96528E-01 7.06971E-01 9.40978E-01 9.69491E-01
 3.63078E+00 4.96869E-01 7.07456E-01 9.41624E-01 9.70156E-01
 3.67282E+00 4.97203E-01 7.07932E-01 9.42257E-01 9.70808E-01
 3.71535E+00 4.97530E-01 7.08397E-01 9.42876E-01 9.71446E-01
 3.75837E+00 4.97849E-01 7.08852E-01 9.43481E-01 9.72070E-01
 3.80189E+00 4.98162E-01 7.09297E-01 9.44074E-01 9.72680E-01
 3.84592E+00 4.98468E-01 7.09732E-01 9.44654E-01 9.73278E-01
 3.89045E+00 4.98767E-01 7.10159E-01 9.45221E-01 9.73862E-01
 3.93550E+00 4.99060E-01 7.10576E-01 9.45776E-01 9.74434E-01
 3.98107E+00 4.99347E-01 7.10984E-01 9.46320E-01 9.74994E-01
 4.02717E+00 4.99627E-01 7.11383E-01 9.46851E-01 9.75541E-01
 4.07380E+00 4.99901E-01 7.11774E-01 9.47371E-01 9.76077E-01
 4.12098E+00 5.00170E-01 7.12156E-01 9.47879E-01 9.76601E-01
 4.16869E+00 5.00432E-01 7.12530E-01 9.48377E-01 9.77114E-01
 4.21697E+00 5.00689E-01 7.12895E-01 9.48864E-01 9.77615E-01
 4.26580E+00 5.00940E-01 7.13253E-01 9.49340E-01 9.78106E-01
 4.31519E+00 5.01186E-01 7.13603E-01 9.49806E-01 9.78586E-01
 4.36516E+00 5.01427E-01 7.13945E-01 9.50261E-01 9.79055E-01
 4.41570E+00 5.01662E-01 7.14280E-01 9.50707E-01 9.79514E-01
 4.46684E+00 5.01892E-01 7.14608E-01 9.51143E-01 9.79963E-01
 4.51856E+00 5.02117E-01 7.14928E-01 9.51569E-01 9.80403E-01
 4.57088E+00 5.02337E-01 7.15241E-01 9.51986E-01 9.80833E-01
 4.62381E+00 5.02552E-01 7.15548E-01 9.52394E-01 9.81253E-01
 4.67735E+00 5.02763E-01 7.15848E-01 9.52794E-01 9.81664E-01
 4.73151E+00 5.02969E-01 7.16141E-01 9.53184E-01 9.82066E-01
 4.78630E+00 5.03170E-01 7.16428E-01 9.53566E-01 9.82460E-01
 4.84172E+00 5.03367E-01 7.16708E-01 9.53939E-01 9.82844E-01
 4.89779E+00 5.03560E-01 7.16983E-01 9.54304E-01 9.83221E-01
 4.95450E+00 5.03748E-01 7.17251E-01 9.54661E-01 9.83589E-01
 5.01187E+00 5.03933E-01 7.17514E-01 9.55011E-01 9.83948E-01
 5.06991E+00 5.04113E-01 7.17770E-01 9.55352E-01 9.84300E-01
 5.12861E+00 5.04289E-01 7.18021E-01 9.55686E-01 9.84645E-01
 5.18800E+00 5.04462E-01 7.18267E-01 9.56013E-01 9.84981E-01
 5.24807E+00 5.04630E-01 7.18507E-01 9.56333E-01 9.85310E-01
 5.30884E+00 5.04795E-01 7.18742E-01 9.56645E-01 9.85632E-01
 5.37032E+00 5.04956E-01 7.18971E-01 9.56951E-01 9.85947E-01
 5.43250E+00 5.05114E-01 7.19196E-01 9.57250E-01 9.86255E-01
 5.49541E+00 5.05268E-01 7.19415E-01 9.57542E-01 9.86556E-01
 5.55904E+00 5.05419E-01 7.19630E-01 9.57828E-01 9.86851E-01
 5.62341E+00 5.05567E-01 7.19840E-01 9.58107E-01 9.87139E-01
 5.68853E+00 5.05711E-01 7.20045E-01 9.58380E-01 9.87420E-01
 5.75440E+00 5.05852E-01 7.20246E-01 9.58647E-01 9.87695E-01
 5.82103E+00 5.05990E-01 7.20442E-01 9.58909E-01 9.87965E-01
 5.88844E+00 5.06124E-01 7.20634E-01 9.59164E-01 9.95838E-01
 5.95662E+00 5.06256E-01 7.20822E-01 9.59414E-01 1.00731E+00
 6.02560E+00 5.06385E-01 7.21005E-01 9.59658E-01 1.01885E+00
 6.09537E+00 5.06511E-01 7.21185E-01 9.59897E-01 1.03044E+00
 6.16595E+00 5.06634E-01 7.21360E-01 9.60131E-01 1.04210E+00
 6.23735E+00 5.06755E-01 7.21532E-01 9.60359E-01 1.05380E+00
 6.30957E+00 5.06873E-01 7.21700E-01 9.60582E-01 1.06556E+00
 6.38263E+00 5.06988E-01 7.21864E-01 9.60801E-01 1.07737E+00
 6.45654E+00 5.07101E-01 7.22024E-01 9.61014E-01 1.08923E+00
 6.53131E+00 5.07211E-01 7.22181E-01 9.61223E-01 1.10113E+00
 6.60693E+00 5.07318E-01 7.22334E-01 9.61427E-01 1.11308E+00
 6.68344E+00 5.07424E-01 7.22484E-01 9.61626E-01 1.12507E+00
 6.76083E+00 5.07527E-01 7.22631E-01 9.61821E-01 1.13709E+00
 6.83912E+00 5.07627E-01 7.22774E-01 9.62012E-01 1.14916E+00
 6.91831E+00 5.07726E-01 7.22914E-01 9.62198E-01 1.16125E+00
 6.99842E+00 5.07822E-01 7.23051E-01 9.62381E-01 1.17337E+00
 7.07946E+00 5.07916E-01 7.23185E-01 9.62559E-01 1.18553E+00
 7.16143E+00 5.08008E-01 7.23316E-01 9.62733E-01 1.19770E+00
 7.24436E+00 5.08098E-01 7.23444E-01 9.62904E-01 1.20990E+00
 7.32825E+00 5.08185E-01 7.23569E-01 9.63070E-01 1.22212E+00
 7.41310E+00 5.08271E-01 7.23691E-01 9.63233E-01 1.23435E+00
 7.49894E+00 5.08355E-01 7.23811E-01 9.63392E-01 1.24659E+00
 7.58578E+00 5.08438E-01 7.23928E-01 9.63548E-01 1.25884E+00
 7.67361E+00 5.08518E-01 7.24042E-01 9.63700E-01 1.27110E+00
 7.76247E+00 5.08596E-01 7.24154E-01 9.63849E-01 1.28335E+00
 7.85236E+00 5.08673E-01 7.24263E-01 9.63994E-01 1.29561E+00
 7.94328E+00 5.08748E-01 7.24370E-01 9.64136E-01 1.30785E+00
 8.03526E+00 5.08821E-01 7.24474E-01 9.64275E-01 1.32010E+00
 8.12831E+00 5.08893E-01 7.24576E-01 9.64411E-01 1.33232E+00
 8.22243E+00 5.08963E-01 7.24676E-01 9.64544E-01 1.34453E+00
 8.31764E+00 5.09032E-01 7.24773E-01 9.64673E-01 1.35672E+00
 8.41395E+00 5.09099E-01 7.24869E-01 9.64800E-01 1.36888E+00
 8.51138E+00 5.09164E-01 7.24962E-01 9.64924E-01 1.38102E+00
 8.60994E+00 5.09228E-01 7.25053E-01 9.65046E-01 1.39312E+00
 8.70964E+00 5.09291E-01 7.25142E-01 9.65164E-01 1.40518E+00
 8.81049E+00 5.09352E-01 7.25229E-01 9.65280E-01 1.41720E+00
 8.91251E+00 5.09411E-01 7.25314E-01 9.65393E-01 1.42919E+00
 9.01571E+00 5.09470E-01 7.25398E-01 9.65504E-01 1.44111E+00
 9.12011E+00 5.09527E-01 7.25479E-01 9.65612E-01 1.45299E+00
 9.22571E+00 5.09583E-01 7.25558E-01 9.65718E-01 1.46480E+00
 9.33254E+00 5.09637E-01 7.25636E-01 9.65822E-01 1.47655E+00
 9.44061E+00 5.09691E-01 7.25712E-01 9.65923E-01 1.48824E+00
 9.54993E+00 5.09743E-01 7.25786E-01 9.66022E-01 1.49985E+00
 9.66051E+00 5.09794E-01 7.25859E-01 9.66118E-01 1.51139E+00
 9.77237E+00 5.09844E-01 7.25930E-01 9.66213E-01 1.52284E+00
 9.88553E+00 5.09893E-01 7.25999E-01 9.66305E-01 1.53421E+00
 1.00000E+01 5.09940E-01 7.26067E-01 9.66395E-01 1.54549E+00
 1.01158E+01 5.09987E-01 7.26133E-01 9.66484E-01 1.55667E+00
 1.02329E+01 5.10032E-01 7.26198E-01 9.66570E-01 1.56776E+00
 1.03514E+01 5.10077E-01 7.26262E-01 9.66654E-01 1.57874E+00
 1.04713E+01 5.10120E-01 7.26324E-01 9.66737E-01 1.58961E+00
 1.05925E+01 5.10163E-01 7.26384E-01 9.66817E-01 1.60037E+00
 1.07152E+01 5.10204E-01 7.26443E-01 9.66896E-01 1.61100E+00
 1.08393E+01 5.10245E-01 7.26501E-01 9.66973E-01 1.62152E+00
 1.09648E+01 5.10285E-01 7.26558E-01 9.67048E-01 1.63191E+00
 1.10917E+01 5.10323E-01 7.26613E-01 9.67122E-01 1.64216E+00
 1.12202E+01 5.10361E-01 7.26667E-01 9.67193E-01 1.65228E+00
 1.13501E+01 5.10398E-01 7.26720E-01 9.67264E-01 1.66225E+00
 1.14815E+01 5.10435E-01 7.26771E-01 9.67332E-01 1.67209E+00
 1.16145E+01 5.10470E-01 7.26822E-01 9.67400E-01 1.68176E+00
 1.17490E+01 5.10505E-01 7.26871E-01 9.67465E-01 1.69129E+00
 1.18850E+01 5.10538E-01 7.26919E-01 9.67529E-01 1.70065E+00
 1.20226E+01 5.10572E-01 7.26966E-01 9.67592E-01 1.70985E+00
 1.21619E+01 5.10604E-01 7.27012E-01 9.67653E-01 1.71888E+00
 1.23027E+01 5.10635E-01 7.27057E-01 9.67713E-01 1.72773E+00
 1.24451E+01 5.10666E-01 7.27101E-01 9.67772E-01 1.73641E+00
 1.25893E+01 5.10697E-01 7.27144E-01 9.67829E-01 1.74490E+00
 1.27350E+01 5.10726E-01 7.27186E-01 9.67885E-01 1.75320E+00
 1.28825E+01 5.10755E-01 7.27227E-01 9.67939E-01 1.76132E+00
 1.30317E+01 5.10783E-01 7.27267E-01 9.67993E-01 1.76924E+00
 1.31826E+01 5.10811E-01 7.27307E-01 9.68045E-01 1.77696E+00
 1.33352E+01 5.10838E-01 7.27345E-01 9.68096E-01 1.78448E+00
 1.34896E+01 5.10864E-01 7.27382E-01 9.68146E-01 1.79179E+00
 1.36458E+01 5.10890E-01 7.27419E-01 9.68195E-01 1.79890E+00
 1.38038E+01 5.10915E-01 7.27455E-01 9.68242E-01 1.80578E+00
 1.39637E+01 5.10939E-01 7.27490E-01 9.68289E-01 1.81245E+00
 1.41254E+01 5.10963E-01 7.27524E-01 9.68335E-01 1.81890E+00
 1.42889E+01 5.10987E-01 7.27558E-01 9.68379E-01 1.82512E+00
 1.44544E+01 5.11010E-01 7.27590E-01 9.68423E-01 1.83111E+00
 1.46218E+01 5.11032E-01 7.27622E-01 9.68465E-01 1.83687E+00
 1.47911E+01 5.11054E-01 7.27653E-01 9.68507E-01 1.84240E+00
 1.49624E+01 5.11076E-01 7.27684E-01 9.68547E-01 1.84769E+00
 1.51356E+01 5.11097E-01 7.27714E-01 9.68587E-01 1.85273E+00
 1.53109E+01 5.11117E-01 7.27743E-01 9.68626E-01 1.85754E+00
 1.54882E+01 5.11137E-01 7.27771E-01 9.68664E-01 1.86210E+00
 1.56675E+01 5.11157E-01 7.27799E-01 9.68701E-01 1.86641E+00
 1.58489E+01 5.11176E-01 7.27826E-01 9.68737E-01 1.87046E+00
 1.60325E+01 5.11194E-01 7.27853E-01 9.68772E-01 1.87427E+00
 1.62181E+01 5.11213E-01 7.27879E-01 9.68807E-01 1.87782E+00
 1.64059E+01 5.11231E-01 7.27904E-01 9.68841E-01 1.88111E+00
 1.65959E+01 5.11248E-01 7.27929E-01 9.68874E-01 1.88414E+00
 1.67880E+01 5.11265E-01 7.27954E-01 9.68906E-01 1.88692E+00
 1.69824E+01 5.11282E-01 7.27977E-01 9.68938E-01 1.88942E+00
 1.71791E+01 5.11298E-01 7.28000E-01 9.68969E-01 1.89167E+00
 1.73780E+01 5.11314E-01 7.28023E-01 9.68999E-01 1.89366E+00
 1.75792E+01 5.11329E-01 7.28045E-01 9.69028E-01 1.89537E+00
 1.77828E+01 5.11345E-01 7.28067E-01 9.69057E-01 1.89682E+00
 1.79887E+01 5.11360E-01 7.28088E-01 9.69085E-01 1.89800E+00
 1.81970E+01 5.11374E-01 7.28109E-01 9.69113E-01 1.89892E+00
 1.84077E+01 5.11388E-01 7.28129E-01 9.69140E-01 1.89956E+00
 1.86209E+01 5.11402E-01 7.28149E-01 9.69166E-01 1.89994E+00
 1.88365E+01 5.11416E-01 7.28168E-01 9.69192E-01 1.90004E+00
 1.90546E+01 5.11429E-01 7.28187E-01 9.69217E-01 1.89988E+00
 1.92752E+01 5.11442E-01 7.28205E-01 9.69241E-01 1.89944E+00
 1.94984E+01 5.11455E-01 7.28223E-01 9.69265E-01 1.89874E+00
 1.97242E+01 5.11467E-01 7.28241E-01 9.69289E-01 1.89777E+00
 1.99526E+01 5.11479E-01 7.28258E-01 9.69312E-01 1.89654E+00
 2.01837E+01 5.11491E-01 7.28275E-01 9.69334E-01 1.89503E+00
 2.04174E+01 5.11502E-01 7.28291E-01 9.69356E-01 1.89326E+00
 2.06538E+01 5.11514E-01 7.28308E-01 9.69377E-01 1.89123E+00
 2.08930E+01 5.11525E-01 7.28323E-01 9.69398E-01 1.88893E+00
 2.11349E+01 5.11535E-01 7.28339E-01 9.69419E-01 1.88637E+00
 2.13796E+01 5.11546E-01 7.28354E-01 9.69439E-01 1.88354E+00
 2.16272E+01 5.11556E-01 7.28368E-01 9.69458E-01 1.88046E+00
 2.18776E+01 5.11566E-01 7.28383E-01 9.69477E-01 1.87712E+00
 2.21309E+01 5.11576E-01 7.28397E-01 9.69496E-01 1.87352E+00
 2.23872E+01 5.11586E-01 7.28410E-01 9.69514E-01 1.86967E+00
 2.26464E+01 5.11595E-01 7.28424E-01 9.69532E-01 1.86557E+00
 2.29087E+01 5.11604E-01 7.28437E-01 9.69549E-01 1.86122E+00
 2.31739E+01 5.11613E-01 7.28450E-01 9.69566E-01 1.85662E+00
 2.34423E+01 5.11622E-01 7.28462E-01 9.69583E-01 1.85178E+00
 2.37137E+01 5.11631E-01 7.28474E-01 9.69599E-01 1.84669E+00
 2.39883E+01 5.11639E-01 7.28486E-01 9.69615E-01 1.84137E+00
 2.42661E+01 5.11647E-01 7.28498E-01 9.69631E-01 1.83581E+00
 2.45471E+01 5.11655E-01 7.28509E-01 9.69646E-01 1.83001E+00
 2.48313E+01 5.11663E-01 7.28520E-01 9.69661E-01 1.82399E+00
 2.51189E+01 5.11671E-01 7.28531E-01 9.69675E-01 1.81774E+00
 2.54097E+01 5.11678E-01 7.28542E-01 9.69689E-01 1.81127E+00
 2.57040E+01 5.11686E-01 7.28552E-01 9.69703E-01 1.80457E+00
 2.60016E+01 5.11693E-01 7.28563E-01 9.69717E-01 1.79766E+00
 2.63027E+01 5.11700E-01 7.28572E-01 9.69730E-01 1.79054E+00
 2.66073E+01 5.11707E-01 7.28582E-01 9.69743E-01 1.78320E+00
 2.69153E+01 5.11713E-01 7.28592E-01 9.69755E-01 1.77566E+00
 2.72270E+01 5.11720E-01 7.28601E-01 9.69768E-01 1.76792E+00
 2.75423E+01 5.11726E-01 7.28610E-01 9.69780E-01 1.75998E+00
 2.78612E+01 5.11732E-01 7.28619E-01 9.69792E-01 1.75185E+00
 2.81838E+01 5.11738E-01 7.28627E-01 9.69803E-01 1.74352E+00
 2.85102E+01 5.11744E-01 7.28636E-01 9.69814E-01 1.73501E+00
 2.88403E+01 5.11750E-01 7.28644E-01 9.69825E-01 1.72632E+00
 2.91743E+01 5.11756E-01 7.28652E-01 9.69836E-01 1.71745E+00
 2.95121E+01 5.11761E-01 7.28660E-01 9.69847E-01 1.70840E+00
 2.98538E+01 5.11767E-01 7.28668E-01 9.69857E-01 1.69918E+00
 3.01995E+01 5.11772E-01 7.28675E-01 9.69867E-01 1.68981E+00
 3.05492E+01 5.11777E-01 7.28683E-01 9.69877E-01 1.68026E+00
 3.09030E+01 5.11782E-01 7.28690E-01 9.69886E-01 1.67057E+00
 3.12608E+01 5.11787E-01 7.28697E-01 9.69896E-01 1.66071E+00
 3.16228E+01 5.11792E-01 7.28704E-01 9.69905E-01 1.65072E+00
 3.19890E+01 5.11797E-01 7.28711E-01 9.69914E-01 1.64057E+00
 3.23594E+01 5.11801E-01 7.28717E-01 9.69923E-01 1.63029E+00
 3.27341E+01 5.11806E-01 7.28724E-01 9.69931E-01 1.61987E+00
 3.31131E+01 5.11810E-01 7.28730E-01 9.69940E-01 1.60932E+00
 3.34965E+01 5.11815E-01 7.28736E-01 9.69948E-01 1.59864E+00
 3.38844E+01 5.11819E-01 7.28742E-01 9.69956E-01 1.58784E+00
 3.42768E+01 5.11823E-01 7.28748E-01 9.69963E-01 1.57693E+00
 3.46737E+01 5.11827E-01 7.28754E-01 9.69971E-01 1.56590E+00
 3.50752E+01 5.11831E-01 7.28759E-01 9.69979E-01 1.55476E+00
 3.54813E+01 5.11835E-01 7.28765E-01 9.69986E-01 1.54352E+00
 3.58922E+01 5.11839E-01 7.28770E-01 9.69993E-01 1.53217E+00
 3.63078E+01 5.11842E-01 7.28775E-01 9.70000E-01 1.52073E+00
 3.67282E+01 5.11846E-01 7.28780E-01 9.70007E-01 1.50920E+00
 3.71535E+01 5.11849E-01 7.28785E-01 9.70013E-01 1.49758E+00
 3.75837E+01 5.11853E-01 7.28790E-01 9.70020E-01 1.48588E+00
 3.80189E+01 5.11856E-01 7.28795E-01 9.70026E-01 1.47410E+00
 3.84592E+01 5.11859E-01 7.28800E-01 9.70032E-01 1.46224E+00
 3.89045E+01 5.11863E-01 7.28804E-01 9.70038E-01 1.45031E+00
 3.93550E+01 5.11866E-01 7.28809E-01 9.70044E-01 1.43832E+00
 3.98107E+01 5.11869E-01 7.28813E-01 9.70050E-01 1.42626E+00
 4.02717E+01 5.11872E-01 7.28817E-01 9.70056E-01 1.41414E+00
 4.07380E+01 5.11875E-01 7.28821E-01 9.70061E-01 1.40197E+00
 4.12098E+01 5.11877E-01 7.28825E-01 9.70067E-01 1.38975E+00
 4.16869E+01 5.11880E-01 7.28829E-01 9.70072E-01 1.37748E+00
 4.21697E+01 5.11883E-01 7.28833E-01 9.70077E-01 1.36516E+00
 4.26580E+01 5.11886E-01 7.28837E-01 9.70082E-01 1.35281E+00
 4.31519E+01 5.11888E-01 7.28841E-01 9.70087E-01 1.34042E+00
 4.36516E+01 5.11891E-01 7.28844E-01 9.70092E-01 1.32800E+00
 4.41570E+01 5.11893E-01 7.28848E-01 9.70097E-01 1.31555E+00
 4.46684E+01 5.11896E-01 7.28851E-01 9.70101E-01 1.30307E+00
 4.51856E+01 5.11898E-01 7.28855E-01 9.70106E-01 1.29057E+00
 4.57088E+01 5.11900E-01 7.28858E-01 9.70110E-01 1.27805E+00
 4.62381E+01 5.11903E-01 7.28861E-01 9.70114E-01 1.26552E+00
 4.67735E+01 5.11905E-01 7.28864E-01 9.70119E-01 1.25297E+00
 4.73151E+01 5.11907E-01 7.28868E-01 9.70123E-01 1.24042E+00
 4.78630E+01 5.11909E-01 7.28871E-01 9.70127E-01 1.22786E+00
 4.84172E+01 5.11911E-01 7.28874E-01 9.70131E-01 1.21529E+00
 4.89779E+01 5.11913E-01 7.28876E-01 9.70134E-01 1.20273E+00
 4.95450E+01 5.11915E-01 7.28879E-01 9.70138E-01 1.19017E+00
 5.01187E+01 5.11917E-01 7.28882E-01 9.70142E-01 1.17762E+00
 5.06991E+01 5.11919E-01 7.28885E-01 9.70145E-01 1.16508E+00
 5.12861E+01 5.11921E-01 7.28887E-01 9.70149E-01 1.15255E+00
 5.18800E+01 5.11923E-01 7.28890E-01 9.70152E-01 1.14003E+00
 5.24807E+01 5.11924E-01 7.28892E-01 9.70156E-01 1.12753E+00
 5.30884E+01 5.11926E-01 7.28895E-01 9.70159E-01 1.11505E+00
 5.37032E+01 5.11928E-01 7.28897E-01 9.70162E-01 1.10259E+00
 5.43250E+01 5.11929E-01 7.28899E-01 9.70165E-01 1.09016E+00
 5.49541E+01 5.11931E-01 7.28902E-01 9.70168E-01 1.07776E+00
 5.55904E+01 5.11933E-01 7.28904E-01 9.70171E-01 1.06538E+00
 5.62341E+01 5.11934E-01 7.28906E-01 9.70174E-01 1.05304E+00
 5.68853E+01 5.11936E-01 7.28908E-01 9.70177E-01 1.04073E+00
 5.75440E+01 5.11937E-01 7.28910E-01 9.70180E-01 1.02845E+00
 5.82103E+01 5.11939E-01 7.28912E-01 9.70182E-01 1.01622E+00
 5.88844E+01 5.11940E-01 7.28914E-01 9.70185E-01 1.00402E+00
 5.95662E+01 5.11941E-01 7.28916E-01 9.70188E-01 9.99585E-01
 6.02560E+01 5.11943E-01 7.28918E-01 9.70190E-01 9.99588E-01
 6.09537E+01 5.11944E-01 7.28920E-01 9.70193E-01 9.99591E-01
 6.16595E+01 5.11945E-01 7.28922E-01 9.70195E-01 9.99593E-01
 6.23735E+01 5.11946E-01 7.28924E-01 9.70197E-01 9.99595E-01
 6.30957E+01 5.11948E-01 7.28925E-01 9.70200E-01 9.99598E-01
 6.38263E+01 5.11949E-01 7.28927E-01 9.70202E-01 9.99600E-01
 6.45654E+01 5.11950E-01 7.28929E-01 9.70204E-01 9.99602E-01
 6.53131E+01 5.11951E-01 7.28930E-01 9.70206E-01 9.99605E-01
 6.60693E+01 5.11952E-01 7.28932E-01 9.70209E-01 9.99607E-01
 6.68344E+01 5.11953E-01 7.28934E-01 9.70211E-01 9.99609E-01
 6.76083E+01 5.11954E-01 7.28935E-01 9.70213E-01 9.99611E-01
 6.83912E+01 5.11955E-01 7.28937E-01 9.70215E-01 9.99613E-01
 6.91831E+01 5.11956E-01 7.28938E-01 9.70216E-01 9.99615E-01
 6.99842E+01 5.11957E-01 7.28939E-01 9.70218E-01 9.99617E-01
 7.07946E+01 5.11958E-01 7.28941E-01 9.70220E-01 9.99619E-01
 7.16143E+01 5.11959E-01 7.28942E-01 9.70222E-01 9.99621E-01
 7.24436E+01 5.11960E-01 7.28943E-01 9.70224E-01 9.99622E-01
 7.32825E+01 5.11961E-01 7.28945E-01 9.70225E-01 9.99624E-01
 7.41310E+01 5.11962E-01 7.28946E-01 9.70227E-01 9.99626E-01
 7.49894E+01 5.11963E-01 7.28947E-01 9.70229E-01 9.99628E-01
 7.58578E+01 5.11964E-01 7.28948E-01 9.70230E-01 9.99629E-01
 7.67361E+01 5.11965E-01 7.28950E-01 9.70232E-01 9.99631E-01
 7.76247E+01 5.11965E-01 7.28951E-01 9.70233E-01 9.99632E-01
 7.85236E+01 5.11966E-01 7.28952E-01 9.70235E-01 9.99634E-01
 7.94328E+01 5.11967E-01 7.28953E-01 9.70236E-01 9.99636E-01
 8.03526E+01 5.11968E-01 7.28954E-01 9.70238E-01 9.99637E-01
 8.12831E+01 5.11968E-01 7.28955E-01 9.70239E-01 9.99638E-01
 8.22243E+01 5.11969E-01 7.28956E-01 9.70241E-01 9.99640E-01
 8.31764E+01 5.11970E-01 7.28957E-01 9.70242E-01 9.99641E-01
 8.41395E+01 5.11971E-01 7.28958E-01 9.70243E-01 9.99643E-01
 8.51138E+01 5.11971E-01 7.28959E-01 9.70244E-01 9.99644E-01
 8.60994E+01 5.11972E-01 7.28960E-01 9.70246E-01 9.99645E-01
 8.70964E+01 5.11973E-01 7.28961E-01 9.70247E-01 9.99646E-01
 8.81049E+01 5.11973E-01 7.28962E-01 9.70248E-01 9.99648E-01
 8.91251E+01 5.11974E-01 7.28963E-01 9.70249E-01 9.99649E-01
 9.01571E+01 5.11974E-01 7.28963E-01 9.70250E-01 9.99650E-01
 9.12011E+01 5.11975E-01 7.28964E-01 9.70251E-01 9.99651E-01
 9.22571E+01 5.11975E-01 7.28965E-01 9.70253E-01 9.99652E-01
 9.33254E+01 5.11976E-01 7.28966E-01 9.70254E-01 9.99653E-01
 9.44061E+01 5.11977E-01 7.28967E-01 9.70255E-01 9.99654E-01
 9.54993E+01 5.11977E-01 7.28967E-01 9.70256E-01 9.99655E-01
 9.66051E+01 5.11978E-01 7.28968E-01 9.70257E-01 9.99656E-01
 9.77237E+01 5.11978E-01 7.28969E-01 9.70258E-01 9.99657E-01
 9.88553E+01 5.11979E-01 7.28970E-01 9.70259E-01 9.99658E-01
 1.00000E+02 5.11979E-01 7.28970E-01 9.70259E-01 9.99659E-01
