 1.00000E-02 1.88767E-02 3.54800E-02 6.37047E-02 6.85067E-02
 2.00000E-02 1.88806E-02 3.55050E-02 6.39418E-02 6.85068E-02
 3.00000E-02 1.88870E-02 3.55612E-02 6.39763E-02 6.85684E-02
 4.00000E-02 1.89005E-02 3.55752E-02 6.39545E-02 6.85963E-02
 5.00000E-02 1.89166E-02 3.55837E-02 6.39804E-02 6.85996E-02
 6.00000E-02 1.89324E-02 3.55974E-02 6.39843E-02 6.85960E-02
 7.00000E-02 1.89496E-02 3.56197E-02 6.39817E-02 6.85907E-02
 8.00000E-02 1.89690E-02 3.56409E-02 6.39940E-02 6.85964E-02
 9.00000E-02 1.89907E-02 3.56631E-02 6.39975E-02 6.85995E-02
 1.00000E-01 1.90167E-02 3.56878E-02 6.40022E-02 6.85998E-02
 1.10000E-01 1.90451E-02 3.57184E-02 6.40112E-02 6.85987E-02
 1.20000E-01 1.90758E-02 3.57508E-02 6.40167E-02 6.85971E-02
 1.30000E-01 1.91089E-02 3.57854E-02 6.40250E-02 6.86002E-02
 1.40000E-01 1.91455E-02 3.58227E-02 6.40349E-02 6.86022E-02
 1.50000E-01 1.91851E-02 3.58631E-02 6.40436E-02 6.86038E-02
 1.60000E-01 1.92272E-02 3.59077E-02 6.40559E-02 6.86055E-02
 1.70000E-01 1.92729E-02 3.59557E-02 6.40694E-02 6.86085E-02
 1.80000E-01 1.93218E-02 3.60072E-02 6.40833E-02 6.86147E-02
 1.90000E-01 1.93738E-02 3.60625E-02 6.41015E-02 6.86221E-02
 2.00000E-01 1.94300E-02 3.61220E-02 6.41219E-02 6.86313E-02
 2.10000E-01 1.94895E-02 3.61860E-02 6.41447E-02 6.86432E-02
 2.20000E-01 1.95535E-02 3.62549E-02 6.41724E-02 6.86583E-02
 2.30000E-01 1.96214E-02 3.63292E-02 6.42046E-02 6.86789E-02
 2.40000E-01 1.96942E-02 3.64092E-02 6.42413E-02 6.87039E-02
 2.50000E-01 1.97718E-02 3.64955E-02 6.42842E-02 6.87345E-02
 2.60000E-01 1.98543E-02 3.65884E-02 6.43344E-02 6.87714E-02
 2.70000E-01 1.99426E-02 3.66887E-02 6.43918E-02 6.88158E-02
 2.80000E-01 2.00368E-02 3.67967E-02 6.44575E-02 6.88686E-02
 2.90000E-01 2.01371E-02 3.69132E-02 6.45328E-02 6.89309E-02
 3.00000E-01 2.02440E-02 3.70390E-02 6.46193E-02 6.90043E-02
 3.10000E-01 2.03581E-02 3.71748E-02 6.47173E-02 6.90894E-02
 3.20000E-01 2.04796E-02 3.73210E-02 6.48282E-02 6.91876E-02
 3.30000E-01 2.06091E-02 3.74784E-02 6.49532E-02 6.93002E-02
 3.40000E-01 2.07469E-02 3.76484E-02 6.50936E-02 6.94285E-02
 3.50000E-01 2.08937E-02 3.78310E-02 6.52509E-02 6.95740E-02
 3.60000E-01 2.10498E-02 3.80277E-02 6.54264E-02 6.97385E-02
 3.70000E-01 2.12159E-02 3.82388E-02 6.56216E-02 6.99233E-02
 3.80000E-01 2.13924E-02 3.84660E-02 6.58380E-02 7.01298E-02
 3.90000E-01 2.15798E-02 3.87095E-02 6.60771E-02 7.03598E-02
 4.00000E-01 2.17787E-02 3.89704E-02 6.63404E-02 7.06150E-02
 4.10000E-01 2.19896E-02 3.92499E-02 6.66300E-02 7.08975E-02
 4.20000E-01 2.22130E-02 3.95489E-02 6.69472E-02 7.12083E-02
 4.30000E-01 2.24495E-02 3.98683E-02 6.72933E-02 7.15501E-02
 4.40000E-01 2.26996E-02 4.02090E-02 6.76709E-02 7.19237E-02
 4.50000E-01 2.29638E-02 4.05719E-02 6.80807E-02 7.23318E-02
 4.60000E-01 2.32425E-02 4.09581E-02 6.85251E-02 7.27757E-02
 4.70000E-01 2.35363E-02 4.13686E-02 6.90052E-02 7.32570E-02
 4.80000E-01 2.38457E-02 4.18040E-02 6.95227E-02 7.37776E-02
 4.90000E-01 2.41711E-02 4.22653E-02 7.00793E-02 7.43393E-02
 5.00000E-01 2.45128E-02 4.27533E-02 7.06765E-02 7.49435E-02
 5.10000E-01 2.48714E-02 4.32688E-02 7.13156E-02 7.55918E-02
 5.20000E-01 2.52472E-02 4.38124E-02 7.19978E-02 7.62856E-02
 5.30000E-01 2.56405E-02 4.43850E-02 7.27246E-02 7.70262E-02
 5.40000E-01 2.60518E-02 4.49869E-02 7.34970E-02 7.78147E-02
 5.50000E-01 2.64812E-02 4.56191E-02 7.43161E-02 7.86526E-02
 5.60000E-01 2.69291E-02 4.62817E-02 7.51827E-02 7.95404E-02
 5.70000E-01 2.73957E-02 4.69755E-02 7.60977E-02 8.04796E-02
 5.80000E-01 2.78813E-02 4.77006E-02 7.70619E-02 8.14704E-02
 5.90000E-01 2.83861E-02 4.84577E-02 7.80757E-02 8.25137E-02
 6.00000E-01 2.89102E-02 4.92469E-02 7.91399E-02 8.36101E-02
 6.10000E-01 2.94539E-02 5.00685E-02 8.02546E-02 8.47597E-02
 6.20000E-01 3.00173E-02 5.09228E-02 8.14203E-02 8.59630E-02
 6.30000E-01 3.06005E-02 5.18099E-02 8.26369E-02 8.72204E-02
 6.40000E-01 3.12037E-02 5.27300E-02 8.39050E-02 8.85317E-02
 6.50000E-01 3.18270E-02 5.36833E-02 8.52241E-02 8.98968E-02
 6.60000E-01 3.24705E-02 5.46697E-02 8.65944E-02 9.13159E-02
 6.70000E-01 3.31343E-02 5.56895E-02 8.80158E-02 9.27886E-02
 6.80000E-01 3.38185E-02 5.67426E-02 8.94880E-02 9.43148E-02
 6.90000E-01 3.45231E-02 5.78290E-02 9.10109E-02 9.58940E-02
 7.00000E-01 3.52483E-02 5.89488E-02 9.25841E-02 9.75262E-02
 7.10000E-01 3.59942E-02 6.01020E-02 9.42073E-02 9.92108E-02
 7.20000E-01 3.67607E-02 6.12886E-02 9.58803E-02 1.00947E-01
 7.30000E-01 3.75481E-02 6.25086E-02 9.76025E-02 1.02735E-01
 7.40000E-01 3.83563E-02 6.37618E-02 9.93736E-02 1.04574E-01
 7.50000E-01 3.91855E-02 6.50484E-02 1.01193E-01 1.06463E-01
 7.60000E-01 4.00356E-02 6.63683E-02 1.03061E-01 1.08403E-01
 7.70000E-01 4.09069E-02 6.77214E-02 1.04976E-01 1.10391E-01
 7.80000E-01 4.17994E-02 6.91078E-02 1.06939E-01 1.12429E-01
 7.90000E-01 4.27131E-02 7.05274E-02 1.08948E-01 1.14515E-01
 8.00000E-01 4.36481E-02 7.19802E-02 1.11003E-01 1.16648E-01
 8.10000E-01 4.46046E-02 7.34661E-02 1.13105E-01 1.18829E-01
 8.20000E-01 4.55826E-02 7.49853E-02 1.15252E-01 1.21057E-01
 8.30000E-01 4.65822E-02 7.65376E-02 1.17444E-01 1.23330E-01
 8.40000E-01 4.76036E-02 7.81230E-02 1.19681E-01 1.25650E-01
 8.50000E-01 4.86467E-02 7.97416E-02 1.21962E-01 1.28015E-01
 8.60000E-01 4.97117E-02 8.13934E-02 1.24287E-01 1.30424E-01
 8.70000E-01 5.07988E-02 8.30783E-02 1.26656E-01 1.32878E-01
 8.80000E-01 5.19080E-02 8.47964E-02 1.29068E-01 1.35376E-01
 8.90000E-01 5.30394E-02 8.65478E-02 1.31523E-01 1.37917E-01
 9.00000E-01 5.41932E-02 8.83324E-02 1.34021E-01 1.40501E-01
 9.10000E-01 5.53694E-02 9.01503E-02 1.36562E-01 1.43129E-01
 9.20000E-01 5.65683E-02 9.20016E-02 1.39144E-01 1.45798E-01
 9.30000E-01 5.77898E-02 9.38862E-02 1.41769E-01 1.48510E-01
 9.40000E-01 5.90342E-02 9.58042E-02 1.44435E-01 1.51264E-01
 9.50000E-01 6.03015E-02 9.77557E-02 1.47143E-01 1.54060E-01
 9.60000E-01 6.15919E-02 9.97407E-02 1.49892E-01 1.56897E-01
 9.70000E-01 6.29055E-02 1.01759E-01 1.52683E-01 1.59775E-01
 9.80000E-01 6.42424E-02 1.03811E-01 1.55514E-01 1.62694E-01
 9.90000E-01 6.56028E-02 1.05897E-01 1.58387E-01 1.65654E-01
 1.00000E+00 6.69868E-02 1.08017E-01 1.61300E-01 1.68655E-01
 1.01158E+00 6.86191E-02 1.10514E-01 1.64724E-01 1.72180E-01
 1.02329E+00 7.03028E-02 1.13086E-01 1.68244E-01 1.75802E-01
 1.03514E+00 7.20396E-02 1.15735E-01 1.71860E-01 1.79522E-01
 1.04713E+00 7.38283E-02 1.18464E-01 1.75577E-01 1.83342E-01
 1.05925E+00 7.56497E-02 1.21274E-01 1.79396E-01 1.87266E-01
 1.07152E+00 7.74994E-02 1.24168E-01 1.83319E-01 1.91296E-01
 1.08393E+00 7.93774E-02 1.27148E-01 1.87350E-01 1.95435E-01
 1.09648E+00 8.12835E-02 1.30200E-01 1.91491E-01 1.99684E-01
 1.10917E+00 8.32174E-02 1.33298E-01 1.95745E-01 2.04048E-01
 1.12202E+00 8.51789E-02 1.36440E-01 2.00114E-01 2.08529E-01
 1.13501E+00 8.71679E-02 1.39626E-01 2.04603E-01 2.13131E-01
 1.14815E+00 8.91839E-02 1.42855E-01 2.09213E-01 2.17855E-01
 1.16145E+00 9.12267E-02 1.46127E-01 2.13949E-01 2.22707E-01
 1.17490E+00 9.32959E-02 1.49442E-01 2.18798E-01 2.27690E-01
 1.18850E+00 9.53913E-02 1.52798E-01 2.23712E-01 2.32796E-01
 1.20226E+00 9.75124E-02 1.56196E-01 2.28687E-01 2.37972E-01
 1.21619E+00 9.96588E-02 1.59634E-01 2.33720E-01 2.43210E-01
 1.23027E+00 1.01830E-01 1.63112E-01 2.38813E-01 2.48509E-01
 1.24451E+00 1.04026E-01 1.66630E-01 2.43962E-01 2.53868E-01
 1.25893E+00 1.06246E-01 1.70185E-01 2.49168E-01 2.59285E-01
 1.27350E+00 1.08489E-01 1.73779E-01 2.54429E-01 2.64760E-01
 1.28825E+00 1.10755E-01 1.77409E-01 2.59744E-01 2.70291E-01
 1.30317E+00 1.13044E-01 1.81075E-01 2.65112E-01 2.75876E-01
 1.31826E+00 1.15355E-01 1.84776E-01 2.70530E-01 2.81515E-01
 1.33352E+00 1.17687E-01 1.88511E-01 2.75999E-01 2.87206E-01
 1.34896E+00 1.20039E-01 1.92280E-01 2.81517E-01 2.92947E-01
 1.36458E+00 1.22412E-01 1.96080E-01 2.87081E-01 2.98738E-01
 1.38038E+00 1.24804E-01 1.99912E-01 2.92692E-01 3.04576E-01
 1.39637E+00 1.27215E-01 2.03774E-01 2.98346E-01 3.10460E-01
 1.41254E+00 1.29644E-01 2.07665E-01 3.04043E-01 3.16388E-01
 1.42889E+00 1.32091E-01 2.11584E-01 3.09780E-01 3.22359E-01
 1.44544E+00 1.34554E-01 2.15530E-01 3.15557E-01 3.28370E-01
 1.46218E+00 1.37034E-01 2.19501E-01 3.21372E-01 3.34421E-01
 1.47911E+00 1.39528E-01 2.23497E-01 3.27222E-01 3.40509E-01
 1.49624E+00 1.42037E-01 2.27516E-01 3.33107E-01 3.46632E-01
 1.51356E+00 1.44560E-01 2.31558E-01 3.39023E-01 3.52789E-01
 1.53109E+00 1.47096E-01 2.35620E-01 3.44971E-01 3.58978E-01
 1.54882E+00 1.49644E-01 2.39701E-01 3.50946E-01 3.65196E-01
 1.56675E+00 1.52204E-01 2.43801E-01 3.56949E-01 3.71442E-01
 1.58489E+00 1.54774E-01 2.47918E-01 3.62976E-01 3.77714E-01
 1.60325E+00 1.57354E-01 2.52050E-01 3.69026E-01 3.84010E-01
 1.62181E+00 1.59942E-01 2.56197E-01 3.75098E-01 3.90328E-01
 1.64059E+00 1.62539E-01 2.60357E-01 3.81188E-01 3.96666E-01
 1.65959E+00 1.65144E-01 2.64528E-01 3.87296E-01 4.03021E-01
 1.67880E+00 1.67754E-01 2.68710E-01 3.93418E-01 4.09831E-01
 1.69824E+00 1.70371E-01 2.72901E-01 3.99554E-01 4.19086E-01
 1.71791E+00 1.72992E-01 2.77099E-01 4.05701E-01 4.28530E-01
 1.73780E+00 1.75617E-01 2.81304E-01 4.11858E-01 4.38169E-01
 1.75792E+00 1.78245E-01 2.85514E-01 4.18021E-01 4.48004E-01
 1.77828E+00 1.80875E-01 2.89728E-01 4.24190E-01 4.58040E-01
 1.79887E+00 1.83507E-01 2.93943E-01 4.30362E-01 4.68280E-01
 1.81970E+00 1.86140E-01 2.98160E-01 4.36536E-01 4.78728E-01
 1.84077E+00 1.88772E-01 3.02376E-01 4.42709E-01 4.89388E-01
 1.86209E+00 1.91403E-01 3.06591E-01 4.48880E-01 5.00262E-01
 1.88365E+00 1.94033E-01 3.10803E-01 4.55046E-01 5.11356E-01
 1.90546E+00 1.96659E-01 3.15010E-01 4.61206E-01 5.22673E-01
 1.92752E+00 1.99282E-01 3.19212E-01 4.67358E-01 5.34216E-01
 1.94984E+00 2.01901E-01 3.23407E-01 4.73500E-01 5.45991E-01
 1.97242E+00 2.04515E-01 3.27593E-01 4.79629E-01 5.58000E-01
 1.99526E+00 2.07123E-01 3.31771E-01 4.85745E-01 5.70248E-01
 2.01837E+00 2.09724E-01 3.35937E-01 4.91846E-01 5.82739E-01
 2.04174E+00 2.12318E-01 3.40092E-01 4.97929E-01 5.95477E-01
 2.06538E+00 2.14904E-01 3.44234E-01 5.03993E-01 6.08466E-01
 2.08930E+00 2.17480E-01 3.48362E-01 5.10036E-01 6.21711E-01
 2.11349E+00 2.20048E-01 3.52474E-01 5.19388E-01 6.35216E-01
 2.13796E+00 2.22605E-01 3.56570E-01 5.30348E-01 6.48985E-01
 2.16272E+00 2.25151E-01 3.60648E-01 5.41432E-01 6.63023E-01
 2.18776E+00 2.27685E-01 3.64708E-01 5.52637E-01 6.77333E-01
 2.21309E+00 2.30208E-01 3.68748E-01 5.63964E-01 6.91922E-01
 2.23872E+00 2.32717E-01 3.72768E-01 5.75414E-01 7.06792E-01
 2.26464E+00 2.35213E-01 3.76766E-01 5.86986E-01 7.21949E-01
 2.29087E+00 2.37695E-01 3.80741E-01 5.98680E-01 7.37398E-01
 2.31739E+00 2.40162E-01 3.84692E-01 6.10496E-01 7.53143E-01
 2.34423E+00 2.42613E-01 3.88619E-01 6.22434E-01 7.69188E-01
 2.37137E+00 2.45049E-01 3.92521E-01 6.34494E-01 7.85540E-01
 2.39883E+00 2.47469E-01 3.96397E-01 6.46676E-01 8.02202E-01
 2.42661E+00 2.49871E-01 4.00245E-01 6.58979E-01 8.19180E-01
 2.45471E+00 2.52257E-01 4.04066E-01 6.71404E-01 8.36478E-01
 2.48313E+00 2.54624E-01 4.07859E-01 6.83951E-01 8.54103E-01
 2.51189E+00 2.56973E-01 4.11622E-01 6.96618E-01 8.72059E-01
 2.54097E+00 2.59304E-01 4.15355E-01 7.09407E-01 8.90351E-01
 2.57040E+00 2.61615E-01 4.19057E-01 7.22316E-01 9.08985E-01
 2.60016E+00 2.63907E-01 4.22728E-01 7.35345E-01 9.27966E-01
 2.63027E+00 2.66179E-01 4.26367E-01 7.48495E-01 9.47301E-01
 2.66073E+00 2.68431E-01 4.29974E-01 7.61765E-01 9.66993E-01
 2.69153E+00 2.70662E-01 4.33548E-01 7.75153E-01 9.87051E-01
 2.72270E+00 2.72872E-01 4.37089E-01 7.88661E-01 1.00748E+00
 2.75423E+00 2.75061E-01 4.40595E-01 8.02287E-01 1.02828E+00
 2.78612E+00 2.77229E-01 4.44067E-01 8.16030E-01 1.04947E+00
 2.81838E+00 2.79375E-01 4.47505E-01 8.29890E-01 1.07105E+00
 2.85102E+00 2.81499E-01 4.50907E-01 8.43866E-01 1.09302E+00
 2.88403E+00 2.83601E-01 4.54273E-01 8.57957E-01 1.11539E+00
 2.91743E+00 2.85680E-01 4.57604E-01 8.72162E-01 1.13817E+00
 2.95121E+00 2.87737E-01 4.60899E-01 8.86480E-01 1.16137E+00
 2.98538E+00 2.89771E-01 4.64157E-01 9.00910E-01 1.18499E+00
 3.01995E+00 2.91782E-01 4.67378E-01 9.15451E-01 1.20904E+00
 3.05492E+00 2.93770E-01 4.70562E-01 9.30101E-01 1.23353E+00
 3.09030E+00 2.95735E-01 4.73710E-01 9.44859E-01 1.25846E+00
 3.12608E+00 2.97676E-01 4.76820E-01 9.59722E-01 1.28385E+00
 3.16228E+00 2.99595E-01 4.79893E-01 9.74691E-01 1.30969E+00
 3.19890E+00 3.01489E-01 4.82928E-01 9.89761E-01 1.33601E+00
 3.23594E+00 3.03361E-01 4.85925E-01 1.00493E+00 1.36280E+00
 3.27341E+00 3.05208E-01 4.88885E-01 1.02020E+00 1.39007E+00
 3.31131E+00 3.07033E-01 4.91807E-01 1.03557E+00 1.41784E+00
 3.34965E+00 3.08833E-01 4.94691E-01 1.05103E+00 1.44611E+00
 3.38844E+00 3.10611E-01 4.97538E-01 1.06658E+00 1.47488E+00
 3.42768E+00 3.12364E-01 5.00347E-01 1.08222E+00 1.50418E+00
 3.46737E+00 3.14094E-01 5.03118E-01 1.09794E+00 1.53400E+00
 3.50752E+00 3.15801E-01 5.05851E-01 1.11375E+00 1.56436E+00
 3.54813E+00 3.17484E-01 5.08547E-01 1.12963E+00 1.59527E+00
 3.58922E+00 3.19143E-01 5.11206E-01 1.14559E+00 1.62674E+00
 3.63078E+00 3.20780E-01 5.13827E-01 1.16163E+00 1.65876E+00
 3.67282E+00 3.22393E-01 5.16411E-01 1.17773E+00 1.69137E+00
 3.71535E+00 3.23983E-01 5.18958E-01 1.19390E+00 1.72455E+00
 3.75837E+00 3.25550E-01 5.21467E-01 1.21013E+00 1.75834E+00
 3.80189E+00 3.27093E-01 5.23941E-01 1.22641E+00 1.79273E+00
 3.84592E+00 3.28615E-01 5.26377E-01 1.24275E+00 1.82773E+00
 3.89045E+00 3.30113E-01 5.28777E-01 1.25913E+00 1.86336E+00
 3.93550E+00 3.31589E-01 5.31141E-01 1.27556E+00 1.89962E+00
 3.98107E+00 3.33042E-01 5.33470E-01 1.29203E+00 1.93654E+00
 4.02717E+00 3.34474E-01 5.35762E-01 1.30853E+00 1.97411E+00
 4.07380E+00 3.35883E-01 5.38019E-01 1.32505E+00 2.01235E+00
 4.12098E+00 3.37270E-01 5.40241E-01 1.34160E+00 2.05127E+00
 4.16869E+00 3.38635E-01 5.42428E-01 1.35817E+00 2.09088E+00
 4.21697E+00 3.39979E-01 5.44581E-01 1.37475E+00 2.13119E+00
 4.26580E+00 3.41302E-01 5.46699E-01 1.39133E+00 2.17222E+00
 4.31519E+00 3.42603E-01 5.48783E-01 1.40792E+00 2.21398E+00
 4.36516E+00 3.43883E-01 5.50834E-01 1.42449E+00 2.25648E+00
 4.41570E+00 3.45142E-01 5.52851E-01 1.44106E+00 2.29972E+00
 4.46684E+00 3.46381E-01 5.54835E-01 1.45760E+00 2.34373E+00
 4.51856E+00 3.47599E-01 5.56787E-01 1.47412E+00 2.38852E+00
 4.57088E+00 3.48797E-01 5.58706E-01 1.49061E+00 2.43409E+00
 4.62381E+00 3.49975E-01 5.60593E-01 1.50706E+00 2.48046E+00
 4.67735E+00 3.51133E-01 5.62448E-01 1.52347E+00 2.52765E+00
 4.73151E+00 3.52272E-01 5.64272E-01 1.53982E+00 2.57566E+00
 4.78630E+00 3.53391E-01 5.66064E-01 1.55611E+00 2.62452E+00
 4.84172E+00 3.54491E-01 5.67827E-01 1.57234E+00 2.67422E+00
 4.89779E+00 3.55573E-01 5.69559E-01 1.58849E+00 2.72479E+00
 4.95450E+00 3.56635E-01 5.71260E-01 1.60456E+00 2.77625E+00
 5.01187E+00 3.57679E-01 5.72933E-01 1.62054E+00 2.82859E+00
 5.06991E+00 3.58705E-01 5.74576E-01 1.63643E+00 2.88184E+00
 5.12861E+00 3.59713E-01 5.76190E-01 1.65221E+00 2.93602E+00
 5.18800E+00 3.60703E-01 5.77776E-01 1.66788E+00 2.99112E+00
 5.24807E+00 3.61675E-01 5.79334E-01 1.68344E+00 3.04718E+00
 5.30884E+00 3.62630E-01 5.80864E-01 1.69887E+00 3.10420E+00
 5.37032E+00 3.63568E-01 5.82366E-01 1.71416E+00 3.16220E+00
 5.43250E+00 3.64490E-01 5.83842E-01 1.72932E+00 3.22120E+00
 5.49541E+00 3.65394E-01 5.85291E-01 1.74432E+00 3.28120E+00
 5.55904E+00 3.66282E-01 5.86714E-01 1.75917E+00 3.34222E+00
 5.62341E+00 3.67154E-01 5.88110E-01 1.77386E+00 3.40428E+00
 5.68853E+00 3.68010E-01 5.89482E-01 1.78838E+00 3.46739E+00
 5.75440E+00 3.68851E-01 5.90828E-01 1.80272E+00 3.53157E+00
 5.82103E+00 3.69676E-01 5.92149E-01 1.81688E+00 3.59684E+00
 5.88844E+00 3.70485E-01 5.93446E-01 1.83084E+00 3.66320E+00
 5.95662E+00 3.71280E-01 5.94719E-01 1.84460E+00 3.73068E+00
 6.02560E+00 3.72060E-01 5.95968E-01 1.85816E+00 3.79929E+00
 6.09537E+00 3.72825E-01 5.97194E-01 1.87151E+00 3.86904E+00
 6.16595E+00 3.73576E-01 5.98397E-01 1.88463E+00 3.93996E+00
 6.23735E+00 3.74313E-01 5.99577E-01 1.89753E+00 4.01205E+00
 6.30957E+00 3.75036E-01 6.00735E-01 1.91020E+00 4.08534E+00
 6.38263E+00 3.75745E-01 6.01871E-01 1.92263E+00 4.15984E+00
 6.45654E+00 3.76441E-01 6.02985E-01 1.93481E+00 4.23557E+00
 6.53131E+00 3.77123E-01 6.04078E-01 1.94674E+00 4.31254E+00
 6.60693E+00 3.77793E-01 6.05151E-01 1.95841E+00 4.39078E+00
 6.68344E+00 3.78449E-01 6.06202E-01 1.96982E+00 4.47029E+00
 6.76083E+00 3.79093E-01 6.07234E-01 1.98096E+00 4.55110E+00
 6.83912E+00 3.79725E-01 6.08246E-01 1.99183E+00 4.63322E+00
 6.91831E+00 3.80344E-01 6.09238E-01 2.00242E+00 4.71667E+00
 6.99842E+00 3.80951E-01 6.10211E-01 2.01272E+00 4.80147E+00
 7.07946E+00 3.81547E-01 6.11165E-01 2.02274E+00 4.88763E+00
 7.16143E+00 3.82131E-01 6.12100E-01 2.03246E+00 4.97517E+00
 7.24436E+00 3.82704E-01 6.13017E-01 2.04189E+00 5.06412E+00
 7.32825E+00 3.83265E-01 6.13916E-01 2.05101E+00 5.15449E+00
 7.41310E+00 3.83815E-01 6.14798E-01 2.05983E+00 5.24629E+00
 7.49894E+00 3.84355E-01 6.15662E-01 2.06834E+00 5.33955E+00
 7.58578E+00 3.84883E-01 6.16509E-01 2.07654E+00 5.43428E+00
 7.67361E+00 3.85402E-01 6.17339E-01 2.08442E+00 5.53050E+00
 7.76247E+00 3.85910E-01 6.18153E-01 2.09198E+00 5.62824E+00
 7.85236E+00 3.86408E-01 6.18951E-01 2.09923E+00 5.72747E+00
 7.94328E+00 3.86896E-01 6.19733E-01 2.10615E+00 5.82820E+00
 8.03526E+00 3.87374E-01 6.20499E-01 2.11274E+00 5.93043E+00
 8.12831E+00 3.87843E-01 6.21250E-01 2.11901E+00 6.03419E+00
 8.22243E+00 3.88303E-01 6.21986E-01 2.12494E+00 6.13948E+00
 8.31764E+00 3.88753E-01 6.22707E-01 2.13055E+00 6.24632E+00
 8.41395E+00 3.89194E-01 6.23414E-01 2.13582E+00 6.35472E+00
 8.51138E+00 3.89626E-01 6.24106E-01 2.14077E+00 6.46470E+00
 8.60994E+00 3.90050E-01 6.24785E-01 2.14538E+00 6.57626E+00
 8.70964E+00 3.90465E-01 6.25449E-01 2.14965E+00 6.68944E+00
 8.81049E+00 3.90871E-01 6.26100E-01 2.15359E+00 6.80423E+00
 8.91251E+00 3.91270E-01 6.26739E-01 2.15720E+00 6.92065E+00
 9.01571E+00 3.91660E-01 6.27364E-01 2.16047E+00 7.03872E+00
 9.12011E+00 3.92042E-01 6.27976E-01 2.16341E+00 7.15844E+00
 9.22571E+00 3.92417E-01 6.28576E-01 2.16602E+00 7.27984E+00
 9.33254E+00 3.92784E-01 6.29163E-01 2.16829E+00 7.40292E+00
 9.44061E+00 3.93143E-01 6.29739E-01 2.17024E+00 7.52769E+00
 9.54993E+00 3.93495E-01 6.30303E-01 2.17185E+00 7.65417E+00
 9.66051E+00 3.93840E-01 6.30855E-01 2.17314E+00 7.78238E+00
 9.77237E+00 3.94177E-01 6.31396E-01 2.17410E+00 7.91231E+00
 9.88553E+00 3.94508E-01 6.31925E-01 2.17473E+00 8.04400E+00
 1.00000E+01 3.94832E-01 6.32444E-01 2.17505E+00 8.17743E+00
 1.01158E+01 3.95149E-01 6.32952E-01 2.17504E+00 8.31264E+00
 1.02329E+01 3.95460E-01 6.33450E-01 2.17472E+00 8.44962E+00
 1.03514E+01 3.95764E-01 6.33937E-01 2.17408E+00 8.58840E+00
 1.04713E+01 3.96062E-01 6.34414E-01 2.17314E+00 8.72897E+00
 1.05925E+01 3.96353E-01 6.34881E-01 2.17188E+00 8.87135E+00
 1.07152E+01 3.96639E-01 6.35339E-01 2.17032E+00 9.01556E+00
 1.08393E+01 3.96919E-01 6.35787E-01 2.16845E+00 9.16159E+00
 1.09648E+01 3.97192E-01 6.36225E-01 2.16629E+00 9.30947E+00
 1.10917E+01 3.97461E-01 6.36655E-01 2.16383E+00 9.45919E+00
 1.12202E+01 3.97723E-01 6.37075E-01 2.16108E+00 9.61077E+00
 1.13501E+01 3.97980E-01 6.37487E-01 2.15804E+00 9.76421E+00
 1.14815E+01 3.98232E-01 6.37890E-01 2.15472E+00 9.91953E+00
 1.16145E+01 3.98478E-01 6.38285E-01 2.15112E+00 1.00767E+01
 1.17490E+01 3.98719E-01 6.38671E-01 2.14724E+00 1.02358E+01
 1.18850E+01 3.98955E-01 6.39049E-01 2.14309E+00 1.03968E+01
 1.20226E+01 3.99186E-01 6.39419E-01 2.13868E+00 1.05597E+01
 1.21619E+01 3.99413E-01 6.39782E-01 2.13400E+00 1.07245E+01
 1.23027E+01 3.99634E-01 6.40137E-01 2.12907E+00 1.08912E+01
 1.24451E+01 3.99851E-01 6.40484E-01 2.12388E+00 1.10598E+01
 1.25893E+01 4.00063E-01 6.40824E-01 2.11844E+00 1.12304E+01
 1.27350E+01 4.00271E-01 6.41156E-01 2.11276E+00 1.14028E+01
 1.28825E+01 4.00474E-01 6.41482E-01 2.10684E+00 1.15772E+01
 1.30317E+01 4.00673E-01 6.41801E-01 2.10069E+00 1.17536E+01
 1.31826E+01 4.00868E-01 6.42113E-01 2.09431E+00 1.19318E+01
 1.33352E+01 4.01058E-01 6.42418E-01 2.08770E+00 1.21120E+01
 1.34896E+01 4.01245E-01 6.42717E-01 2.08087E+00 1.22942E+01
 1.36458E+01 4.01428E-01 6.43009E-01 2.07383E+00 1.24783E+01
 1.38038E+01 4.01606E-01 6.43296E-01 2.06658E+00 1.26643E+01
 1.39637E+01 4.01781E-01 6.43576E-01 2.05913E+00 1.28522E+01
 1.41254E+01 4.01952E-01 6.43850E-01 2.05147E+00 1.30421E+01
 1.42889E+01 4.02120E-01 6.44118E-01 2.04363E+00 1.32339E+01
 1.44544E+01 4.02284E-01 6.44381E-01 2.03559E+00 1.34277E+01
 1.46218E+01 4.02444E-01 6.44638E-01 2.02737E+00 1.36233E+01
 1.47911E+01 4.02601E-01 6.44889E-01 2.01897E+00 1.38209E+01
 1.49624E+01 4.02755E-01 6.45135E-01 2.01040E+00 1.40204E+01
 1.51356E+01 4.02905E-01 6.45376E-01 2.00165E+00 1.42218E+01
 1.53109E+01 4.03052E-01 6.45612E-01 1.99275E+00 1.44252E+01
 1.54882E+01 4.03196E-01 6.45842E-01 1.98368E+00 1.46304E+01
 1.56675E+01 4.03337E-01 6.46068E-01 1.97446E+00 1.48374E+01
 1.58489E+01 4.03475E-01 6.46288E-01 1.96510E+00 1.50464E+01
 1.60325E+01 4.03609E-01 6.46504E-01 1.95558E+00 1.52572E+01
 1.62181E+01 4.03741E-01 6.46715E-01 1.94593E+00 1.54699E+01
 1.64059E+01 4.03870E-01 6.46922E-01 1.93615E+00 1.56844E+01
 1.65959E+01 4.03997E-01 6.47124E-01 1.92623E+00 1.59008E+01
 1.67880E+01 4.04120E-01 6.47322E-01 1.91619E+00 1.61189E+01
 1.69824E+01 4.04241E-01 6.47516E-01 1.90603E+00 1.63388E+01
 1.71791E+01 4.04359E-01 6.47705E-01 1.89576E+00 1.65606E+01
 1.73780E+01 4.04475E-01 6.47891E-01 1.88537E+00 1.67840E+01
 1.75792E+01 4.04588E-01 6.48072E-01 1.87488E+00 1.70092E+01
 1.77828E+01 4.04699E-01 6.48249E-01 1.86429E+00 1.72362E+01
 1.79887E+01 4.04807E-01 6.48423E-01 1.85359E+00 1.74648E+01
 1.81970E+01 4.04913E-01 6.48592E-01 1.84281E+00 1.76951E+01
 1.84077E+01 4.05017E-01 6.48758E-01 1.83194E+00 1.79270E+01
 1.86209E+01 4.05118E-01 6.48921E-01 1.82098E+00 1.81605E+01
 1.88365E+01 4.05217E-01 6.49080E-01 1.80995E+00 1.83957E+01
 1.90546E+01 4.05314E-01 6.49235E-01 1.79884E+00 1.86324E+01
 1.92752E+01 4.05409E-01 6.49387E-01 1.78766E+00 1.88706E+01
 1.94984E+01 4.05502E-01 6.49536E-01 1.77641E+00 1.91104E+01
 1.97242E+01 4.05593E-01 6.49681E-01 1.76509E+00 1.93516E+01
 1.99526E+01 4.05682E-01 6.49824E-01 1.75372E+00 1.95942E+01
 2.01837E+01 4.05769E-01 6.49963E-01 1.74229E+00 1.98382E+01
 2.04174E+01 4.05854E-01 6.50099E-01 1.73081E+00 2.00836E+01
 2.06538E+01 4.05937E-01 6.50232E-01 1.71928E+00 2.03304E+01
 2.08930E+01 4.06018E-01 6.50363E-01 1.70771E+00 2.05784E+01
 2.11349E+01 4.06098E-01 6.50490E-01 1.69610E+00 2.08276E+01
 2.13796E+01 4.06176E-01 6.50615E-01 1.68445E+00 2.10781E+01
 2.16272E+01 4.06252E-01 6.50737E-01 1.67276E+00 2.13297E+01
 2.18776E+01 4.06326E-01 6.50856E-01 1.66105E+00 2.15824E+01
 2.21309E+01 4.06399E-01 6.50972E-01 1.64931E+00 2.18361E+01
 2.23872E+01 4.06470E-01 6.51086E-01 1.63754E+00 2.20909E+01
 2.26464E+01 4.06540E-01 6.51198E-01 1.62575E+00 2.23466E+01
 2.29087E+01 4.06608E-01 6.51307E-01 1.61395E+00 2.26032E+01
 2.31739E+01 4.06674E-01 6.51414E-01 1.60213E+00 2.28606E+01
 2.34423E+01 4.06740E-01 6.51518E-01 1.59030E+00 2.31188E+01
 2.37137E+01 4.06803E-01 6.51620E-01 1.57846E+00 2.33778E+01
 2.39883E+01 4.06866E-01 6.51720E-01 1.56661E+00 2.36374E+01
 2.42661E+01 4.06927E-01 6.51818E-01 1.55476E+00 2.38977E+01
 2.45471E+01 4.06986E-01 6.51913E-01 1.54291E+00 2.41584E+01
 2.48313E+01 4.07044E-01 6.52006E-01 1.53107E+00 2.44197E+01
 2.51189E+01 4.07101E-01 6.52098E-01 1.51922E+00 2.46814E+01
 2.54097E+01 4.07157E-01 6.52187E-01 1.50739E+00 2.49433E+01
 2.57040E+01 4.07212E-01 6.52274E-01 1.49556E+00 2.52056E+01
 2.60016E+01 4.07265E-01 6.52360E-01 1.48375E+00 2.54681E+01
 2.63027E+01 4.07317E-01 6.52443E-01 1.47195E+00 2.57306E+01
 2.66073E+01 4.07368E-01 6.52525E-01 1.46017E+00 2.59933E+01
 2.69153E+01 4.07418E-01 6.52605E-01 1.44841E+00 2.62558E+01
 2.72270E+01 4.07467E-01 6.52683E-01 1.43666E+00 2.65183E+01
 2.75423E+01 4.07514E-01 6.52759E-01 1.42495E+00 2.67806E+01
 2.78612E+01 4.07561E-01 6.52834E-01 1.41325E+00 2.70426E+01
 2.81838E+01 4.07607E-01 6.52907E-01 1.40158E+00 2.73042E+01
 2.85102E+01 4.07651E-01 6.52978E-01 1.38995E+00 2.75654E+01
 2.88403E+01 4.07695E-01 6.53048E-01 1.37834E+00 2.78261E+01
 2.91743E+01 4.07737E-01 6.53116E-01 1.36676E+00 2.80861E+01
 2.95121E+01 4.07779E-01 6.53183E-01 1.35522E+00 2.83454E+01
 2.98538E+01 4.07820E-01 6.53249E-01 1.34372E+00 2.86039E+01
 3.01995E+01 4.07860E-01 6.53312E-01 1.33225E+00 2.88616E+01
 3.05492E+01 4.07899E-01 6.53375E-01 1.32082E+00 2.91182E+01
 3.09030E+01 4.07937E-01 6.53436E-01 1.30944E+00 2.93737E+01
 3.12608E+01 4.07974E-01 6.53495E-01 1.29809E+00 2.96281E+01
 3.16228E+01 4.08010E-01 6.53554E-01 1.28679E+00 2.98811E+01
 3.19890E+01 4.08046E-01 6.53611E-01 1.27553E+00 3.01328E+01
 3.23594E+01 4.08081E-01 6.53667E-01 1.26432E+00 3.03830E+01
 3.27341E+01 4.08115E-01 6.53721E-01 1.25316E+00 3.06316E+01
 3.31131E+01 4.08148E-01 6.53775E-01 1.24204E+00 3.08785E+01
 3.34965E+01 4.08181E-01 6.53827E-01 1.23098E+00 3.11237E+01
 3.38844E+01 4.08213E-01 6.53878E-01 1.21996E+00 3.13669E+01
 3.42768E+01 4.08244E-01 6.53928E-01 1.20900E+00 3.16082E+01
 3.46737E+01 4.08274E-01 6.53976E-01 1.19809E+00 3.18473E+01
 3.50752E+01 4.08304E-01 6.54024E-01 1.18724E+00 3.20843E+01
 3.54813E+01 4.08333E-01 6.54071E-01 1.17644E+00 3.23189E+01
 3.58922E+01 4.08362E-01 6.54116E-01 1.16569E+00 3.25511E+01
 3.63078E+01 4.08389E-01 6.54161E-01 1.15500E+00 3.27808E+01
 3.67282E+01 4.08417E-01 6.54204E-01 1.14437E+00 3.30079E+01
 3.71535E+01 4.08443E-01 6.54247E-01 1.13380E+00 3.32322E+01
 3.75837E+01 4.08469E-01 6.54288E-01 1.12329E+00 3.34537E+01
 3.80189E+01 4.08494E-01 6.54329E-01 1.11284E+00 3.36722E+01
 3.84592E+01 4.08519E-01 6.54369E-01 1.10245E+00 3.38877E+01
 3.89045E+01 4.08544E-01 6.54408E-01 1.09211E+00 3.41001E+01
 3.93550E+01 4.08567E-01 6.54446E-01 1.08185E+00 3.43092E+01
 3.98107E+01 4.08591E-01 6.54483E-01 1.07164E+00 3.45149E+01
 4.02717E+01 4.08613E-01 6.54519E-01 1.06149E+00 3.47171E+01
 4.07380E+01 4.08635E-01 6.54555E-01 1.05141E+00 3.49158E+01
 4.12098E+01 4.08657E-01 6.54590E-01 1.04140E+00 3.51109E+01
 4.16869E+01 4.08678E-01 6.54624E-01 1.03145E+00 3.53021E+01
 4.21697E+01 4.08699E-01 6.54657E-01 1.02156E+00 3.54896E+01
 4.26580E+01 4.08719E-01 6.54689E-01 1.01174E+00 3.56730E+01
 4.31519E+01 4.08739E-01 6.54721E-01 1.00198E+00 3.58524E+01
 4.36516E+01 4.08759E-01 6.54752E-01 9.92289E-01 3.60276E+01
 4.41570E+01 4.08778E-01 6.54783E-01 9.82665E-01 3.61987E+01
 4.46684E+01 4.08796E-01 6.54812E-01 9.73107E-01 3.63653E+01
 4.51856E+01 4.08814E-01 6.54841E-01 9.63616E-01 3.65276E+01
 4.57088E+01 4.08832E-01 6.54870E-01 9.58795E-01 3.66854E+01
 4.62381E+01 4.08849E-01 6.54897E-01 9.58835E-01 3.68386E+01
 4.67735E+01 4.08866E-01 6.54924E-01 9.58875E-01 3.69871E+01
 4.73151E+01 4.08883E-01 6.54951E-01 9.58914E-01 3.71309E+01
 4.78630E+01 4.08899E-01 6.54977E-01 9.58951E-01 3.72698E+01
 4.84172E+01 4.08915E-01 6.55002E-01 9.58989E-01 3.74039E+01
 4.89779E+01 4.08930E-01 6.55027E-01 9.59025E-01 3.75330E+01
 4.95450E+01 4.08945E-01 6.55051E-01 9.59060E-01 3.76571E+01
 5.01187E+01 4.08960E-01 6.55075E-01 9.59095E-01 3.77761E+01
 5.06991E+01 4.08974E-01 6.55098E-01 9.59129E-01 3.78899E+01
 5.12861E+01 4.08988E-01 6.55120E-01 9.59162E-01 3.79986E+01
 5.18800E+01 4.09002E-01 6.55142E-01 9.59194E-01 3.81019E+01
 5.24807E+01 4.09016E-01 6.55164E-01 9.59226E-01 3.82000E+01
 5.30884E+01 4.09029E-01 6.55185E-01 9.59257E-01 3.82927E+01
 5.37032E+01 4.09042E-01 6.55206E-01 9.59287E-01 3.83799E+01
 5.43250E+01 4.09054E-01 6.55226E-01 9.59316E-01 3.84618E+01
 5.49541E+01 4.09067E-01 6.55246E-01 9.59345E-01 3.85381E+01
 5.55904E+01 4.09079E-01 6.55265E-01 9.59373E-01 3.86089E+01
 5.62341E+01 4.09090E-01 6.55284E-01 9.59401E-01 3.86742E+01
 5.68853E+01 4.09102E-01 6.55302E-01 9.59428E-01 3.87339E+01
 5.75440E+01 4.09113E-01 6.55320E-01 9.59454E-01 3.87879E+01
 5.82103E+01 4.09124E-01 6.55338E-01 9.59480E-01 3.88364E+01
 5.88844E+01 4.09135E-01 6.55355E-01 9.59505E-01 3.88792E+01
 5.95662E+01 4.09145E-01 6.55372E-01 9.59530E-01 3.89164E+01
 6.02560E+01 4.09156E-01 6.55388E-01 9.59554E-01 3.89479E+01
 6.09537E+01 4.09166E-01 6.55404E-01 9.59578E-01 3.89738E+01
 6.16595E+01 4.09176E-01 6.55420E-01 9.59601E-01 3.89940E+01
 6.23735E+01 4.09185E-01 6.55435E-01 9.59623E-01 3.90085E+01
 6.30957E+01 4.09195E-01 6.55450E-01 9.59645E-01 3.90174E+01
 6.38263E+01 4.09204E-01 6.55465E-01 9.59667E-01 3.90207E+01
 6.45654E+01 4.09213E-01 6.55480E-01 9.59688E-01 3.90183E+01
 6.53131E+01 4.09221E-01 6.55494E-01 9.59708E-01 3.90103E+01
 6.60693E+01 4.09230E-01 6.55507E-01 9.59728E-01 3.89968E+01
 6.68344E+01 4.09238E-01 6.55521E-01 9.59748E-01 3.89777E+01
 6.76083E+01 4.09246E-01 6.55534E-01 9.59767E-01 3.89531E+01
 6.83912E+01 4.09254E-01 6.55547E-01 9.59786E-01 3.89229E+01
 6.91831E+01 4.09262E-01 6.55559E-01 9.59804E-01 3.88874E+01
 6.99842E+01 4.09270E-01 6.55571E-01 9.59822E-01 3.88464E+01
 7.07946E+01 4.09277E-01 6.55583E-01 9.59839E-01 3.88000E+01
 7.16143E+01 4.09285E-01 6.55595E-01 9.59857E-01 3.87483E+01
 7.24436E+01 4.09292E-01 6.55606E-01 9.59873E-01 3.86914E+01
 7.32825E+01 4.09299E-01 6.55618E-01 9.59890E-01 3.86292E+01
 7.41310E+01 4.09306E-01 6.55628E-01 9.59906E-01 3.85618E+01
 7.49894E+01 4.09312E-01 6.55639E-01 9.59921E-01 3.84893E+01
 7.58578E+01 4.09319E-01 6.55650E-01 9.59936E-01 3.84118E+01
 7.67361E+01 4.09325E-01 6.55660E-01 9.59951E-01 3.83293E+01
 7.76247E+01 4.09331E-01 6.55670E-01 9.59966E-01 3.82419E+01
 7.85236E+01 4.09337E-01 6.55679E-01 9.59980E-01 3.81496E+01
 7.94328E+01 4.09343E-01 6.55689E-01 9.59994E-01 3.80526E+01
 8.03526E+01 4.09349E-01 6.55698E-01 9.60008E-01 3.79509E+01
 8.12831E+01 4.09355E-01 6.55707E-01 9.60021E-01 3.78445E+01
 8.22243E+01 4.09360E-01 6.55716E-01 9.60034E-01 3.77336E+01
 8.31764E+01 4.09366E-01 6.55725E-01 9.60047E-01 3.76182E+01
 8.41395E+01 4.09371E-01 6.55733E-01 9.60059E-01 3.74984E+01
 8.51138E+01 4.09376E-01 6.55742E-01 9.60071E-01 3.73743E+01
 8.60994E+01 4.09381E-01 6.55750E-01 9.60083E-01 3.72460E+01
 8.70964E+01 4.09386E-01 6.55758E-01 9.60095E-01 3.71136E+01
 8.81049E+01 4.09391E-01 6.55765E-01 9.60106E-01 3.69771E+01
 8.91251E+01 4.09396E-01 6.55773E-01 9.60117E-01 3.68367E+01
 9.01571E+01 4.09401E-01 6.55780E-01 9.60128E-01 3.66924E+01
 9.12011E+01 4.09405E-01 6.55788E-01 9.60139E-01 3.65443E+01
 9.22571E+01 4.09409E-01 6.55795E-01 9.60149E-01 3.63925E+01
 9.33254E+01 4.09414E-01 6.55802E-01 9.60159E-01 3.62372E+01
 9.44061E+01 4.09418E-01 6.55808E-01 9.60169E-01 3.60784E+01
 9.54993E+01 4.09422E-01 6.55815E-01 9.60179E-01 3.59162E+01
 9.66051E+01 4.09426E-01 6.55821E-01 9.60188E-01 3.57506E+01
 9.77237E+01 4.09430E-01 6.55828E-01 9.60197E-01 3.55819E+01
 9.88553E+01 4.09434E-01 6.55834E-01 9.60207E-01 3.54101E+01
 1.00000E+02 4.09438E-01 6.55840E-01 9.60215E-01 3.52352E+01
