 1.00000E-02 3.39708E-02 5.47731E-02 8.49355E-02 8.93305E-02
 2.00000E-02 3.40055E-02 5.48231E-02 8.49411E-02 8.93773E-02
 3.00000E-02 3.40640E-02 5.48771E-02 8.49521E-02 8.93780E-02
 4.00000E-02 3.41488E-02 5.49526E-02 8.49736E-02 8.93890E-02
 5.00000E-02 3.42647E-02 5.50621E-02 8.50169E-02 8.94185E-02
 6.00000E-02 3.44201E-02 5.52173E-02 8.51008E-02 8.94863E-02
 7.00000E-02 3.46277E-02 5.54351E-02 8.52535E-02 8.96215E-02
 8.00000E-02 3.49018E-02 5.57384E-02 8.55049E-02 8.98578E-02
 9.00000E-02 3.52598E-02 5.61519E-02 8.58924E-02 9.02333E-02
 1.00000E-01 3.57198E-02 5.67033E-02 8.64560E-02 9.07898E-02
 1.10000E-01 3.63010E-02 5.74210E-02 8.72368E-02 9.15715E-02
 1.20000E-01 3.70223E-02 5.83329E-02 8.82765E-02 9.26211E-02
 1.30000E-01 3.79020E-02 5.94667E-02 8.96159E-02 9.39815E-02
 1.40000E-01 3.89564E-02 6.08477E-02 9.12923E-02 9.56925E-02
 1.50000E-01 4.01998E-02 6.24982E-02 9.33395E-02 9.77899E-02
 1.60000E-01 4.16431E-02 6.44358E-02 9.57861E-02 1.00304E-01
 1.70000E-01 4.32943E-02 6.66733E-02 9.86525E-02 1.03256E-01
 1.80000E-01 4.51577E-02 6.92183E-02 1.01951E-01 1.06661E-01
 1.90000E-01 4.72347E-02 7.20732E-02 1.05688E-01 1.10525E-01
 2.00000E-01 4.95243E-02 7.52359E-02 1.09859E-01 1.14844E-01
 2.10000E-01 5.20236E-02 7.87008E-02 1.14454E-01 1.19609E-01
 2.20000E-01 5.47284E-02 8.24599E-02 1.19460E-01 1.24804E-01
 2.30000E-01 5.76339E-02 8.65036E-02 1.24856E-01 1.30409E-01
 2.40000E-01 6.07350E-02 9.08215E-02 1.30623E-01 1.36403E-01
 2.50000E-01 6.40268E-02 9.54029E-02 1.36738E-01 1.42760E-01
 2.60000E-01 6.75047E-02 1.00237E-01 1.43178E-01 1.49456E-01
 2.70000E-01 7.11642E-02 1.05315E-01 1.49922E-01 1.56465E-01
 2.80000E-01 7.50016E-02 1.10628E-01 1.56947E-01 1.63764E-01
 2.90000E-01 7.90134E-02 1.16166E-01 1.64234E-01 1.71329E-01
 3.00000E-01 8.31967E-02 1.21922E-01 1.71764E-01 1.79138E-01
 3.10000E-01 8.75488E-02 1.27889E-01 1.79519E-01 1.87170E-01
 3.20000E-01 9.20673E-02 1.34061E-01 1.87483E-01 1.95406E-01
 3.30000E-01 9.67504E-02 1.40432E-01 1.95642E-01 2.03828E-01
 3.40000E-01 1.01596E-01 1.46998E-01 2.03982E-01 2.12420E-01
 3.50000E-01 1.06603E-01 1.53752E-01 2.12492E-01 2.21168E-01
 3.60000E-01 1.11769E-01 1.60690E-01 2.21161E-01 2.30058E-01
 3.70000E-01 1.17094E-01 1.67810E-01 2.29979E-01 2.39079E-01
 3.80000E-01 1.22565E-01 1.75105E-01 2.38938E-01 2.48222E-01
 3.90000E-01 1.28070E-01 1.82574E-01 2.48030E-01 2.57477E-01
 4.00000E-01 1.33571E-01 1.90213E-01 2.57249E-01 2.66838E-01
 4.10000E-01 1.39062E-01 1.98001E-01 2.66590E-01 2.76299E-01
 4.20000E-01 1.44537E-01 2.05797E-01 2.76047E-01 2.85857E-01
 4.30000E-01 1.49990E-01 2.13560E-01 2.85617E-01 2.95507E-01
 4.40000E-01 1.55416E-01 2.21285E-01 2.95296E-01 3.05248E-01
 4.50000E-01 1.60808E-01 2.28963E-01 3.05082E-01 3.15079E-01
 4.60000E-01 1.66164E-01 2.36588E-01 3.14974E-01 3.25001E-01
 4.70000E-01 1.71478E-01 2.44155E-01 3.24970E-01 3.35015E-01
 4.80000E-01 1.76746E-01 2.51656E-01 3.34954E-01 3.45122E-01
 4.90000E-01 1.81966E-01 2.59088E-01 3.44846E-01 3.55870E-01
 5.00000E-01 1.87133E-01 2.66446E-01 3.54639E-01 3.67909E-01
 5.10000E-01 1.92246E-01 2.73725E-01 3.64328E-01 3.80069E-01
 5.20000E-01 1.97301E-01 2.80923E-01 3.73908E-01 3.92349E-01
 5.30000E-01 2.02297E-01 2.88036E-01 3.83375E-01 4.04745E-01
 5.40000E-01 2.07230E-01 2.95060E-01 3.92725E-01 4.17256E-01
 5.50000E-01 2.12100E-01 3.01995E-01 4.01955E-01 4.29879E-01
 5.60000E-01 2.16906E-01 3.08836E-01 4.11061E-01 4.42612E-01
 5.70000E-01 2.21645E-01 3.15584E-01 4.20042E-01 4.55452E-01
 5.80000E-01 2.26316E-01 3.22235E-01 4.28895E-01 4.68397E-01
 5.90000E-01 2.30919E-01 3.28790E-01 4.37619E-01 4.81446E-01
 6.00000E-01 2.35454E-01 3.35246E-01 4.46212E-01 4.94595E-01
 6.10000E-01 2.39919E-01 3.41603E-01 4.54674E-01 5.07843E-01
 6.20000E-01 2.44314E-01 3.47861E-01 4.63003E-01 5.21187E-01
 6.30000E-01 2.48639E-01 3.54019E-01 4.71199E-01 5.34627E-01
 6.40000E-01 2.52894E-01 3.60077E-01 4.79263E-01 5.48158E-01
 6.50000E-01 2.57078E-01 3.66035E-01 4.87193E-01 5.61781E-01
 6.60000E-01 2.61193E-01 3.71894E-01 4.94991E-01 5.75492E-01
 6.70000E-01 2.65238E-01 3.77653E-01 5.02656E-01 5.89291E-01
 6.80000E-01 2.69213E-01 3.83313E-01 5.10190E-01 6.03175E-01
 6.90000E-01 2.73120E-01 3.88875E-01 5.17593E-01 6.17142E-01
 7.00000E-01 2.76957E-01 3.94340E-01 5.24866E-01 6.31191E-01
 7.10000E-01 2.80727E-01 3.99707E-01 5.32011E-01 6.45319E-01
 7.20000E-01 2.84430E-01 4.04979E-01 5.40632E-01 6.59527E-01
 7.30000E-01 2.88066E-01 4.10156E-01 5.53178E-01 6.73811E-01
 7.40000E-01 2.91635E-01 4.15239E-01 5.65818E-01 6.88170E-01
 7.50000E-01 2.95140E-01 4.20228E-01 5.78550E-01 7.02603E-01
 7.60000E-01 2.98580E-01 4.25127E-01 5.91373E-01 7.17108E-01
 7.70000E-01 3.01957E-01 4.29934E-01 6.04228E-01 7.31683E-01
 7.80000E-01 3.05270E-01 4.34653E-01 6.17029E-01 7.46328E-01
 7.90000E-01 3.08522E-01 4.39283E-01 6.29773E-01 7.61041E-01
 8.00000E-01 3.11714E-01 4.43827E-01 6.42457E-01 7.75821E-01
 8.10000E-01 3.14845E-01 4.48285E-01 6.55080E-01 7.90665E-01
 8.20000E-01 3.17917E-01 4.52659E-01 6.67640E-01 8.05574E-01
 8.30000E-01 3.20931E-01 4.56951E-01 6.80135E-01 8.20545E-01
 8.40000E-01 3.23888E-01 4.61161E-01 6.92564E-01 8.35578E-01
 8.50000E-01 3.26789E-01 4.65291E-01 7.04926E-01 8.50670E-01
 8.60000E-01 3.29634E-01 4.69343E-01 7.17219E-01 8.65823E-01
 8.70000E-01 3.32426E-01 4.73317E-01 7.29443E-01 8.81032E-01
 8.80000E-01 3.35164E-01 4.77216E-01 7.41595E-01 8.96299E-01
 8.90000E-01 3.37850E-01 4.81040E-01 7.53676E-01 9.11622E-01
 9.00000E-01 3.40485E-01 4.84792E-01 7.65685E-01 9.27000E-01
 9.10000E-01 3.43069E-01 4.88472E-01 7.77620E-01 9.42431E-01
 9.20000E-01 3.45604E-01 4.92081E-01 7.89481E-01 9.57916E-01
 9.30000E-01 3.48091E-01 4.95622E-01 8.01268E-01 9.73452E-01
 9.40000E-01 3.50530E-01 4.99095E-01 8.12979E-01 9.89039E-01
 9.50000E-01 3.52923E-01 5.02501E-01 8.24615E-01 1.00468E+00
 9.60000E-01 3.55270E-01 5.05843E-01 8.36175E-01 1.02036E+00
 9.70000E-01 3.57572E-01 5.09121E-01 8.47658E-01 1.03610E+00
 9.80000E-01 3.59830E-01 5.12337E-01 8.59065E-01 1.05188E+00
 9.90000E-01 3.62046E-01 5.15491E-01 8.70395E-01 1.06771E+00
 1.00000E+00 3.64220E-01 5.18586E-01 8.81647E-01 1.08359E+00
 1.01158E+00 3.66685E-01 5.22096E-01 8.94580E-01 1.10203E+00
 1.02329E+00 3.69124E-01 5.25569E-01 9.07557E-01 1.12074E+00
 1.03514E+00 3.71537E-01 5.29004E-01 9.20576E-01 1.13973E+00
 1.04713E+00 3.73923E-01 5.32402E-01 9.33634E-01 1.15901E+00
 1.05925E+00 3.76282E-01 5.35760E-01 9.46729E-01 1.17857E+00
 1.07152E+00 3.78613E-01 5.39080E-01 9.59860E-01 1.19841E+00
 1.08393E+00 3.80918E-01 5.42362E-01 9.73023E-01 1.21855E+00
 1.09648E+00 3.83195E-01 5.45604E-01 9.86217E-01 1.23899E+00
 1.10917E+00 3.85445E-01 5.48808E-01 9.99439E-01 1.25973E+00
 1.12202E+00 3.87667E-01 5.51972E-01 1.01269E+00 1.28077E+00
 1.13501E+00 3.89862E-01 5.55096E-01 1.02596E+00 1.30212E+00
 1.14815E+00 3.92029E-01 5.58182E-01 1.03925E+00 1.32378E+00
 1.16145E+00 3.94168E-01 5.61227E-01 1.05256E+00 1.34575E+00
 1.17490E+00 3.96279E-01 5.64234E-01 1.06589E+00 1.36805E+00
 1.18850E+00 3.98363E-01 5.67200E-01 1.07922E+00 1.39068E+00
 1.20226E+00 4.00419E-01 5.70127E-01 1.09257E+00 1.41363E+00
 1.21619E+00 4.02446E-01 5.73015E-01 1.10593E+00 1.43692E+00
 1.23027E+00 4.04447E-01 5.75862E-01 1.11929E+00 1.46054E+00
 1.24451E+00 4.06419E-01 5.78671E-01 1.13266E+00 1.48451E+00
 1.25893E+00 4.08364E-01 5.81440E-01 1.14602E+00 1.50883E+00
 1.27350E+00 4.10281E-01 5.84170E-01 1.15939E+00 1.53350E+00
 1.28825E+00 4.12171E-01 5.86861E-01 1.17274E+00 1.55853E+00
 1.30317E+00 4.14033E-01 5.89512E-01 1.18609E+00 1.58392E+00
 1.31826E+00 4.15868E-01 5.92125E-01 1.19942E+00 1.60968E+00
 1.33352E+00 4.17676E-01 5.94699E-01 1.21274E+00 1.63581E+00
 1.34896E+00 4.19457E-01 5.97235E-01 1.22604E+00 1.66233E+00
 1.36458E+00 4.21211E-01 5.99732E-01 1.23932E+00 1.68923E+00
 1.38038E+00 4.22938E-01 6.02191E-01 1.25258E+00 1.71652E+00
 1.39637E+00 4.24639E-01 6.04613E-01 1.26581E+00 1.74417E+00
 1.41254E+00 4.26313E-01 6.06996E-01 1.27901E+00 1.77221E+00
 1.42889E+00 4.27961E-01 6.09343E-01 1.29217E+00 1.80062E+00
 1.44544E+00 4.29583E-01 6.11652E-01 1.30530E+00 1.82943E+00
 1.46218E+00 4.31179E-01 6.13924E-01 1.31839E+00 1.85862E+00
 1.47911E+00 4.32749E-01 6.16160E-01 1.33144E+00 1.88822E+00
 1.49624E+00 4.34294E-01 6.18360E-01 1.34443E+00 1.91823E+00
 1.51356E+00 4.35813E-01 6.20523E-01 1.35738E+00 1.94865E+00
 1.53109E+00 4.37308E-01 6.22651E-01 1.37028E+00 1.97950E+00
 1.54882E+00 4.38778E-01 6.24744E-01 1.38312E+00 2.01078E+00
 1.56675E+00 4.40223E-01 6.26802E-01 1.39590E+00 2.04249E+00
 1.58489E+00 4.41644E-01 6.28825E-01 1.40861E+00 2.07465E+00
 1.60325E+00 4.43040E-01 6.30813E-01 1.42126E+00 2.10727E+00
 1.62181E+00 4.44413E-01 6.32768E-01 1.43384E+00 2.14035E+00
 1.64059E+00 4.45763E-01 6.34689E-01 1.44634E+00 2.17390E+00
 1.65959E+00 4.47089E-01 6.36577E-01 1.45877E+00 2.20793E+00
 1.67880E+00 4.48392E-01 6.38433E-01 1.47112E+00 2.24244E+00
 1.69824E+00 4.49672E-01 6.40255E-01 1.48338E+00 2.27746E+00
 1.71791E+00 4.50929E-01 6.42046E-01 1.49556E+00 2.31297E+00
 1.73780E+00 4.52165E-01 6.43805E-01 1.50764E+00 2.34901E+00
 1.75792E+00 4.53378E-01 6.45532E-01 1.51963E+00 2.38556E+00
 1.77828E+00 4.54569E-01 6.47229E-01 1.53153E+00 2.42265E+00
 1.79887E+00 4.55739E-01 6.48895E-01 1.54332E+00 2.46028E+00
 1.81970E+00 4.56888E-01 6.50530E-01 1.55501E+00 2.49847E+00
 1.84077E+00 4.58016E-01 6.52136E-01 1.56659E+00 2.53722E+00
 1.86209E+00 4.59123E-01 6.53713E-01 1.57807E+00 2.57654E+00
 1.88365E+00 4.60210E-01 6.55260E-01 1.58942E+00 2.61644E+00
 1.90546E+00 4.61277E-01 6.56779E-01 1.60066E+00 2.65693E+00
 1.92752E+00 4.62324E-01 6.58270E-01 1.61178E+00 2.69803E+00
 1.94984E+00 4.63352E-01 6.59733E-01 1.62278E+00 2.73975E+00
 1.97242E+00 4.64360E-01 6.61169E-01 1.63365E+00 2.78209E+00
 1.99526E+00 4.65349E-01 6.62577E-01 1.64439E+00 2.82507E+00
 2.01837E+00 4.66320E-01 6.63959E-01 1.65500E+00 2.86869E+00
 2.04174E+00 4.67272E-01 6.65315E-01 1.66547E+00 2.91298E+00
 2.06538E+00 4.68206E-01 6.66644E-01 1.67580E+00 2.95794E+00
 2.08930E+00 4.69122E-01 6.67949E-01 1.68599E+00 3.00358E+00
 2.11349E+00 4.70020E-01 6.69228E-01 1.69604E+00 3.04992E+00
 2.13796E+00 4.70901E-01 6.70483E-01 1.70593E+00 3.09697E+00
 2.16272E+00 4.71766E-01 6.71713E-01 1.71568E+00 3.14474E+00
 2.18776E+00 4.72613E-01 6.72919E-01 1.72528E+00 3.19324E+00
 2.21309E+00 4.73444E-01 6.74102E-01 1.73472E+00 3.24249E+00
 2.23872E+00 4.74258E-01 6.75262E-01 1.74400E+00 3.29251E+00
 2.26464E+00 4.75057E-01 6.76399E-01 1.75312E+00 3.34329E+00
 2.29087E+00 4.75839E-01 6.77514E-01 1.76208E+00 3.39486E+00
 2.31739E+00 4.76607E-01 6.78606E-01 1.77087E+00 3.44724E+00
 2.34423E+00 4.77359E-01 6.79677E-01 1.77950E+00 3.50043E+00
 2.37137E+00 4.78096E-01 6.80727E-01 1.78795E+00 3.55444E+00
 2.39883E+00 4.78818E-01 6.81755E-01 1.79624E+00 3.60931E+00
 2.42661E+00 4.79526E-01 6.82763E-01 1.80435E+00 3.66503E+00
 2.45471E+00 4.80220E-01 6.83751E-01 1.81228E+00 3.72162E+00
 2.48313E+00 4.80900E-01 6.84719E-01 1.82003E+00 3.77910E+00
 2.51189E+00 4.81566E-01 6.85668E-01 1.82761E+00 3.83748E+00
 2.54097E+00 4.82219E-01 6.86597E-01 1.83500E+00 3.89679E+00
 2.57040E+00 4.82858E-01 6.87507E-01 1.84221E+00 3.95703E+00
 2.60016E+00 4.83485E-01 6.88399E-01 1.84923E+00 4.01821E+00
 2.63027E+00 4.84098E-01 6.89273E-01 1.85607E+00 4.08037E+00
 2.66073E+00 4.84699E-01 6.90129E-01 1.86271E+00 4.14350E+00
 2.69153E+00 4.85288E-01 6.90967E-01 1.86917E+00 4.20764E+00
 2.72270E+00 4.85865E-01 6.91788E-01 1.87543E+00 4.27279E+00
 2.75423E+00 4.86430E-01 6.92592E-01 1.88151E+00 4.33897E+00
 2.78612E+00 4.86983E-01 6.93380E-01 1.88738E+00 4.40620E+00
 2.81838E+00 4.87525E-01 6.94152E-01 1.89307E+00 4.47449E+00
 2.85102E+00 4.88055E-01 6.94907E-01 1.89855E+00 4.54387E+00
 2.88403E+00 4.88575E-01 6.95647E-01 1.90384E+00 4.61435E+00
 2.91743E+00 4.89084E-01 6.96371E-01 1.90893E+00 4.68594E+00
 2.95121E+00 4.89582E-01 6.97080E-01 1.91383E+00 4.75867E+00
 2.98538E+00 4.90070E-01 6.97775E-01 1.91852E+00 4.83255E+00
 3.01995E+00 4.90547E-01 6.98455E-01 1.92301E+00 4.90761E+00
 3.05492E+00 4.91015E-01 6.99120E-01 1.92730E+00 4.98385E+00
 3.09030E+00 4.91472E-01 6.99772E-01 1.93138E+00 5.06130E+00
 3.12608E+00 4.91920E-01 7.00410E-01 1.93527E+00 5.13997E+00
 3.16228E+00 4.92359E-01 7.01035E-01 1.93895E+00 5.21989E+00
 3.19890E+00 4.92789E-01 7.01646E-01 1.94243E+00 5.30106E+00
 3.23594E+00 4.93209E-01 7.02245E-01 1.94570E+00 5.38352E+00
 3.27341E+00 4.93620E-01 7.02831E-01 1.94877E+00 5.46728E+00
 3.31131E+00 4.94023E-01 7.03404E-01 1.95164E+00 5.55236E+00
 3.34965E+00 4.94417E-01 7.03965E-01 1.95430E+00 5.63877E+00
 3.38844E+00 4.94803E-01 7.04515E-01 1.95676E+00 5.72653E+00
 3.42768E+00 4.95181E-01 7.05052E-01 1.95902E+00 5.81568E+00
 3.46737E+00 4.95550E-01 7.05578E-01 1.96107E+00 5.90621E+00
 3.50752E+00 4.95912E-01 7.06093E-01 1.96291E+00 5.99816E+00
 3.54813E+00 4.96266E-01 7.06597E-01 1.96456E+00 6.09153E+00
 3.58922E+00 4.96612E-01 7.07090E-01 1.96600E+00 6.18636E+00
 3.63078E+00 4.96951E-01 7.07573E-01 1.96723E+00 6.28266E+00
 3.67282E+00 4.97283E-01 7.08045E-01 1.96827E+00 6.38044E+00
 3.71535E+00 4.97607E-01 7.08507E-01 1.96910E+00 6.47973E+00
 3.75837E+00 4.97925E-01 7.08960E-01 1.96973E+00 6.58055E+00
 3.80189E+00 4.98236E-01 7.09402E-01 1.97016E+00 6.68291E+00
 3.84592E+00 4.98540E-01 7.09835E-01 1.97039E+00 6.78683E+00
 3.89045E+00 4.98837E-01 7.10258E-01 1.97042E+00 6.89234E+00
 3.93550E+00 4.99128E-01 7.10673E-01 1.97025E+00 6.99945E+00
 3.98107E+00 4.99413E-01 7.11078E-01 1.96988E+00 7.10817E+00
 4.02717E+00 4.99692E-01 7.11475E-01 1.96932E+00 7.21853E+00
 4.07380E+00 4.99964E-01 7.11863E-01 1.96856E+00 7.33055E+00
 4.12098E+00 5.00231E-01 7.12243E-01 1.96761E+00 7.44424E+00
 4.16869E+00 5.00492E-01 7.12614E-01 1.96646E+00 7.55962E+00
 4.21697E+00 5.00747E-01 7.12978E-01 1.96512E+00 7.67671E+00
 4.26580E+00 5.00997E-01 7.13333E-01 1.96359E+00 7.79552E+00
 4.31519E+00 5.01241E-01 7.13681E-01 1.96186E+00 7.91608E+00
 4.36516E+00 5.01480E-01 7.14021E-01 1.95995E+00 8.03840E+00
 4.41570E+00 5.01713E-01 7.14354E-01 1.95785E+00 8.16249E+00
 4.46684E+00 5.01942E-01 7.14679E-01 1.95557E+00 8.28838E+00
 4.51856E+00 5.02166E-01 7.14997E-01 1.95310E+00 8.41607E+00
 4.57088E+00 5.02384E-01 7.15309E-01 1.95045E+00 8.54560E+00
 4.62381E+00 5.02598E-01 7.15613E-01 1.94761E+00 8.67696E+00
 4.67735E+00 5.02807E-01 7.15911E-01 1.94460E+00 8.81017E+00
 4.73151E+00 5.03012E-01 7.16203E-01 1.94140E+00 8.94526E+00
 4.78630E+00 5.03212E-01 7.16488E-01 1.93804E+00 9.08223E+00
 4.84172E+00 5.03408E-01 7.16767E-01 1.93449E+00 9.22110E+00
 4.89779E+00 5.03600E-01 7.17039E-01 1.93077E+00 9.36189E+00
 4.95450E+00 5.03787E-01 7.17306E-01 1.92689E+00 9.50459E+00
 5.01187E+00 5.03970E-01 7.17567E-01 1.92283E+00 9.64924E+00
 5.06991E+00 5.04149E-01 7.17822E-01 1.91860E+00 9.79583E+00
 5.12861E+00 5.04324E-01 7.18071E-01 1.91421E+00 9.94439E+00
 5.18800E+00 5.04496E-01 7.18315E-01 1.90966E+00 1.00949E+01
 5.24807E+00 5.04663E-01 7.18554E-01 1.90494E+00 1.02474E+01
 5.30884E+00 5.04827E-01 7.18787E-01 1.90006E+00 1.04019E+01
 5.37032E+00 5.04987E-01 7.19015E-01 1.89503E+00 1.05584E+01
 5.43250E+00 5.05144E-01 7.19238E-01 1.88984E+00 1.07169E+01
 5.49541E+00 5.05297E-01 7.19457E-01 1.88450E+00 1.08775E+01
 5.55904E+00 5.05447E-01 7.19670E-01 1.87901E+00 1.10400E+01
 5.62341E+00 5.05594E-01 7.19879E-01 1.87337E+00 1.12046E+01
 5.68853E+00 5.05737E-01 7.20083E-01 1.86758E+00 1.13712E+01
 5.75440E+00 5.05877E-01 7.20282E-01 1.86165E+00 1.15399E+01
 5.82103E+00 5.06014E-01 7.20477E-01 1.85558E+00 1.17106E+01
 5.88844E+00 5.06148E-01 7.20668E-01 1.84937E+00 1.18833E+01
 5.95662E+00 5.06279E-01 7.20855E-01 1.84302E+00 1.20582E+01
 6.02560E+00 5.06408E-01 7.21037E-01 1.83654E+00 1.22350E+01
 6.09537E+00 5.06533E-01 7.21216E-01 1.82993E+00 1.24139E+01
 6.16595E+00 5.06655E-01 7.21390E-01 1.82318E+00 1.25949E+01
 6.23735E+00 5.06775E-01 7.21561E-01 1.81631E+00 1.27779E+01
 6.30957E+00 5.06892E-01 7.21728E-01 1.80932E+00 1.29630E+01
 6.38263E+00 5.07007E-01 7.21891E-01 1.80220E+00 1.31501E+01
 6.45654E+00 5.07119E-01 7.22050E-01 1.79496E+00 1.33393E+01
 6.53131E+00 5.07228E-01 7.22206E-01 1.78761E+00 1.35305E+01
 6.60693E+00 5.07335E-01 7.22358E-01 1.78014E+00 1.37237E+01
 6.68344E+00 5.07440E-01 7.22508E-01 1.77256E+00 1.39190E+01
 6.76083E+00 5.07543E-01 7.22653E-01 1.76487E+00 1.41162E+01
 6.83912E+00 5.07643E-01 7.22796E-01 1.75708E+00 1.43155E+01
 6.91831E+00 5.07740E-01 7.22935E-01 1.74918E+00 1.45168E+01
 6.99842E+00 5.07836E-01 7.23071E-01 1.74118E+00 1.47200E+01
 7.07946E+00 5.07930E-01 7.23205E-01 1.73308E+00 1.49253E+01
 7.16143E+00 5.08021E-01 7.23335E-01 1.72488E+00 1.51325E+01
 7.24436E+00 5.08111E-01 7.23462E-01 1.71659E+00 1.53416E+01
 7.32825E+00 5.08198E-01 7.23587E-01 1.70821E+00 1.55526E+01
 7.41310E+00 5.08283E-01 7.23708E-01 1.69975E+00 1.57656E+01
 7.49894E+00 5.08367E-01 7.23827E-01 1.69119E+00 1.59804E+01
 7.58578E+00 5.08449E-01 7.23944E-01 1.68255E+00 1.61971E+01
 7.67361E+00 5.08529E-01 7.24057E-01 1.67384E+00 1.64156E+01
 7.76247E+00 5.08607E-01 7.24169E-01 1.66504E+00 1.66359E+01
 7.85236E+00 5.08683E-01 7.24277E-01 1.65617E+00 1.68581E+01
 7.94328E+00 5.08758E-01 7.24384E-01 1.64723E+00 1.70819E+01
 8.03526E+00 5.08831E-01 7.24487E-01 1.63822E+00 1.73076E+01
 8.12831E+00 5.08902E-01 7.24589E-01 1.62914E+00 1.75349E+01
 8.22243E+00 5.08972E-01 7.24688E-01 1.61999E+00 1.77639E+01
 8.31764E+00 5.09040E-01 7.24785E-01 1.61078E+00 1.79945E+01
 8.41395E+00 5.09107E-01 7.24880E-01 1.60151E+00 1.82267E+01
 8.51138E+00 5.09172E-01 7.24973E-01 1.59219E+00 1.84605E+01
 8.60994E+00 5.09236E-01 7.25064E-01 1.58281E+00 1.86958E+01
 8.70964E+00 5.09298E-01 7.25153E-01 1.57338E+00 1.89325E+01
 8.81049E+00 5.09359E-01 7.25239E-01 1.56390E+00 1.91708E+01
 8.91251E+00 5.09418E-01 7.25324E-01 1.55437E+00 1.94104E+01
 9.01571E+00 5.09476E-01 7.25407E-01 1.54479E+00 1.96513E+01
 9.12011E+00 5.09533E-01 7.25488E-01 1.53517E+00 1.98936E+01
 9.22571E+00 5.09589E-01 7.25567E-01 1.52552E+00 2.01371E+01
 9.33254E+00 5.09643E-01 7.25644E-01 1.51582E+00 2.03819E+01
 9.44061E+00 5.09696E-01 7.25720E-01 1.50609E+00 2.06277E+01
 9.54993E+00 5.09748E-01 7.25794E-01 1.49633E+00 2.08747E+01
 9.66051E+00 5.09799E-01 7.25866E-01 1.48653E+00 2.11227E+01
 9.77237E+00 5.09849E-01 7.25937E-01 1.47671E+00 2.13717E+01
 9.88553E+00 5.09897E-01 7.26006E-01 1.46686E+00 2.16216E+01
 1.00000E+01 5.09945E-01 7.26074E-01 1.45699E+00 2.18723E+01
 1.01158E+01 5.09991E-01 7.26140E-01 1.44709E+00 2.21239E+01
 1.02329E+01 5.10037E-01 7.26204E-01 1.43718E+00 2.23761E+01
 1.03514E+01 5.10081E-01 7.26268E-01 1.42724E+00 2.26290E+01
 1.04713E+01 5.10124E-01 7.26329E-01 1.41730E+00 2.28826E+01
 1.05925E+01 5.10167E-01 7.26389E-01 1.40733E+00 2.31366E+01
 1.07152E+01 5.10208E-01 7.26448E-01 1.39736E+00 2.33911E+01
 1.08393E+01 5.10248E-01 7.26506E-01 1.38738E+00 2.36459E+01
 1.09648E+01 5.10288E-01 7.26562E-01 1.37738E+00 2.39010E+01
 1.10917E+01 5.10327E-01 7.26617E-01 1.36739E+00 2.41563E+01
 1.12202E+01 5.10364E-01 7.26671E-01 1.35739E+00 2.44118E+01
 1.13501E+01 5.10401E-01 7.26724E-01 1.34739E+00 2.46673E+01
 1.14815E+01 5.10438E-01 7.26775E-01 1.33738E+00 2.49228E+01
 1.16145E+01 5.10473E-01 7.26826E-01 1.32738E+00 2.51782E+01
 1.17490E+01 5.10507E-01 7.26875E-01 1.31739E+00 2.54333E+01
 1.18850E+01 5.10541E-01 7.26923E-01 1.30740E+00 2.56882E+01
 1.20226E+01 5.10574E-01 7.26970E-01 1.29741E+00 2.59426E+01
 1.21619E+01 5.10606E-01 7.27016E-01 1.28744E+00 2.61966E+01
 1.23027E+01 5.10638E-01 7.27060E-01 1.27747E+00 2.64500E+01
 1.24451E+01 5.10669E-01 7.27104E-01 1.26752E+00 2.67028E+01
 1.25893E+01 5.10699E-01 7.27147E-01 1.25758E+00 2.69548E+01
 1.27350E+01 5.10728E-01 7.27189E-01 1.24765E+00 2.72059E+01
 1.28825E+01 5.10757E-01 7.27230E-01 1.23775E+00 2.74560E+01
 1.30317E+01 5.10785E-01 7.27270E-01 1.22786E+00 2.77051E+01
 1.31826E+01 5.10812E-01 7.27309E-01 1.21799E+00 2.79531E+01
 1.33352E+01 5.10839E-01 7.27347E-01 1.20814E+00 2.81997E+01
 1.34896E+01 5.10866E-01 7.27385E-01 1.19831E+00 2.84451E+01
 1.36458E+01 5.10891E-01 7.27421E-01 1.18851E+00 2.86889E+01
 1.38038E+01 5.10916E-01 7.27457E-01 1.17873E+00 2.89312E+01
 1.39637E+01 5.10941E-01 7.27492E-01 1.16898E+00 2.91717E+01
 1.41254E+01 5.10965E-01 7.27526E-01 1.15926E+00 2.94105E+01
 1.42889E+01 5.10988E-01 7.27559E-01 1.14956E+00 2.96474E+01
 1.44544E+01 5.11011E-01 7.27592E-01 1.13990E+00 2.98824E+01
 1.46218E+01 5.11034E-01 7.27624E-01 1.13026E+00 3.01152E+01
 1.47911E+01 5.11055E-01 7.27655E-01 1.12066E+00 3.03457E+01
 1.49624E+01 5.11077E-01 7.27686E-01 1.11109E+00 3.05740E+01
 1.51356E+01 5.11098E-01 7.27715E-01 1.10156E+00 3.07998E+01
 1.53109E+01 5.11118E-01 7.27744E-01 1.09206E+00 3.10231E+01
 1.54882E+01 5.11138E-01 7.27773E-01 1.08260E+00 3.12438E+01
 1.56675E+01 5.11158E-01 7.27801E-01 1.07318E+00 3.14617E+01
 1.58489E+01 5.11177E-01 7.27828E-01 1.06379E+00 3.16767E+01
 1.60325E+01 5.11195E-01 7.27854E-01 1.05444E+00 3.18888E+01
 1.62181E+01 5.11214E-01 7.27880E-01 1.04514E+00 3.20978E+01
 1.64059E+01 5.11231E-01 7.27906E-01 1.03587E+00 3.23036E+01
 1.65959E+01 5.11249E-01 7.27930E-01 1.02665E+00 3.25062E+01
 1.67880E+01 5.11266E-01 7.27955E-01 1.01747E+00 3.27054E+01
 1.69824E+01 5.11282E-01 7.27978E-01 1.00833E+00 3.29011E+01
 1.71791E+01 5.11299E-01 7.28001E-01 9.99241E-01 3.30932E+01
 1.73780E+01 5.11315E-01 7.28024E-01 9.90194E-01 3.32816E+01
 1.75792E+01 5.11330E-01 7.28046E-01 9.81192E-01 3.34662E+01
 1.77828E+01 5.11345E-01 7.28068E-01 9.72236E-01 3.36470E+01
 1.79887E+01 5.11360E-01 7.28089E-01 9.69086E-01 3.38238E+01
 1.81970E+01 5.11375E-01 7.28110E-01 9.69114E-01 3.39965E+01
 1.84077E+01 5.11389E-01 7.28130E-01 9.69141E-01 3.41651E+01
 1.86209E+01 5.11403E-01 7.28149E-01 9.69167E-01 3.43294E+01
 1.88365E+01 5.11416E-01 7.28169E-01 9.69193E-01 3.44895E+01
 1.90546E+01 5.11429E-01 7.28188E-01 9.69218E-01 3.46451E+01
 1.92752E+01 5.11442E-01 7.28206E-01 9.69242E-01 3.47962E+01
 1.94984E+01 5.11455E-01 7.28224E-01 9.69266E-01 3.49427E+01
 1.97242E+01 5.11467E-01 7.28242E-01 9.69290E-01 3.50846E+01
 1.99526E+01 5.11479E-01 7.28259E-01 9.69312E-01 3.52218E+01
 2.01837E+01 5.11491E-01 7.28276E-01 9.69335E-01 3.53541E+01
 2.04174E+01 5.11503E-01 7.28292E-01 9.69357E-01 3.54816E+01
 2.06538E+01 5.11514E-01 7.28308E-01 9.69378E-01 3.56042E+01
 2.08930E+01 5.11525E-01 7.28324E-01 9.69399E-01 3.57218E+01
 2.11349E+01 5.11536E-01 7.28339E-01 9.69419E-01 3.58344E+01
 2.13796E+01 5.11546E-01 7.28354E-01 9.69439E-01 3.59419E+01
 2.16272E+01 5.11557E-01 7.28369E-01 9.69459E-01 3.60442E+01
 2.18776E+01 5.11567E-01 7.28383E-01 9.69478E-01 3.61413E+01
 2.21309E+01 5.11577E-01 7.28397E-01 9.69496E-01 3.62332E+01
 2.23872E+01 5.11586E-01 7.28411E-01 9.69515E-01 3.63198E+01
 2.26464E+01 5.11596E-01 7.28424E-01 9.69532E-01 3.64011E+01
 2.29087E+01 5.11605E-01 7.28437E-01 9.69550E-01 3.64770E+01
 2.31739E+01 5.11614E-01 7.28450E-01 9.69567E-01 3.65475E+01
 2.34423E+01 5.11622E-01 7.28462E-01 9.69583E-01 3.66126E+01
 2.37137E+01 5.11631E-01 7.28475E-01 9.69600E-01 3.66723E+01
 2.39883E+01 5.11639E-01 7.28487E-01 9.69616E-01 3.67265E+01
 2.42661E+01 5.11648E-01 7.28498E-01 9.69631E-01 3.67753E+01
 2.45471E+01 5.11656E-01 7.28510E-01 9.69646E-01 3.68186E+01
 2.48313E+01 5.11663E-01 7.28521E-01 9.69661E-01 3.68564E+01
 2.51189E+01 5.11671E-01 7.28532E-01 9.69676E-01 3.68887E+01
 2.54097E+01 5.11678E-01 7.28542E-01 9.69690E-01 3.69155E+01
 2.57040E+01 5.11686E-01 7.28553E-01 9.69703E-01 3.69368E+01
 2.60016E+01 5.11693E-01 7.28563E-01 9.69717E-01 3.69526E+01
 2.63027E+01 5.11700E-01 7.28573E-01 9.69730E-01 3.69630E+01
 2.66073E+01 5.11707E-01 7.28582E-01 9.69743E-01 3.69679E+01
 2.69153E+01 5.11713E-01 7.28592E-01 9.69756E-01 3.69673E+01
 2.72270E+01 5.11720E-01 7.28601E-01 9.69768E-01 3.69614E+01
 2.75423E+01 5.11726E-01 7.28610E-01 9.69780E-01 3.69500E+01
 2.78612E+01 5.11732E-01 7.28619E-01 9.69792E-01 3.69333E+01
 2.81838E+01 5.11738E-01 7.28628E-01 9.69803E-01 3.69113E+01
 2.85102E+01 5.11744E-01 7.28636E-01 9.69815E-01 3.68839E+01
 2.88403E+01 5.11750E-01 7.28644E-01 9.69826E-01 3.68514E+01
 2.91743E+01 5.11756E-01 7.28652E-01 9.69836E-01 3.68135E+01
 2.95121E+01 5.11761E-01 7.28660E-01 9.69847E-01 3.67706E+01
 2.98538E+01 5.11767E-01 7.28668E-01 9.69857E-01 3.67225E+01
 3.01995E+01 5.11772E-01 7.28676E-01 9.69867E-01 3.66693E+01
 3.05492E+01 5.11777E-01 7.28683E-01 9.69877E-01 3.66111E+01
 3.09030E+01 5.11782E-01 7.28690E-01 9.69887E-01 3.65480E+01
 3.12608E+01 5.11787E-01 7.28697E-01 9.69896E-01 3.64800E+01
 3.16228E+01 5.11792E-01 7.28704E-01 9.69905E-01 3.64071E+01
 3.19890E+01 5.11797E-01 7.28711E-01 9.69914E-01 3.63294E+01
 3.23594E+01 5.11801E-01 7.28717E-01 9.69923E-01 3.62471E+01
 3.27341E+01 5.11806E-01 7.28724E-01 9.69931E-01 3.61601E+01
 3.31131E+01 5.11810E-01 7.28730E-01 9.69940E-01 3.60686E+01
 3.34965E+01 5.11815E-01 7.28736E-01 9.69948E-01 3.59725E+01
 3.38844E+01 5.11819E-01 7.28742E-01 9.69956E-01 3.58721E+01
 3.42768E+01 5.11823E-01 7.28748E-01 9.69964E-01 3.57673E+01
 3.46737E+01 5.11827E-01 7.28754E-01 9.69971E-01 3.56583E+01
 3.50752E+01 5.11831E-01 7.28759E-01 9.69979E-01 3.55450E+01
 3.54813E+01 5.11835E-01 7.28765E-01 9.69986E-01 3.54277E+01
 3.58922E+01 5.11839E-01 7.28770E-01 9.69993E-01 3.53064E+01
 3.63078E+01 5.11842E-01 7.28775E-01 9.70000E-01 3.51811E+01
 3.67282E+01 5.11846E-01 7.28780E-01 9.70007E-01 3.50520E+01
 3.71535E+01 5.11849E-01 7.28785E-01 9.70013E-01 3.49192E+01
 3.75837E+01 5.11853E-01 7.28790E-01 9.70020E-01 3.47827E+01
 3.80189E+01 5.11856E-01 7.28795E-01 9.70026E-01 3.46426E+01
 3.84592E+01 5.11859E-01 7.28800E-01 9.70032E-01 3.44990E+01
 3.89045E+01 5.11863E-01 7.28804E-01 9.70039E-01 3.43521E+01
 3.93550E+01 5.11866E-01 7.28809E-01 9.70044E-01 3.42018E+01
 3.98107E+01 5.11869E-01 7.28813E-01 9.70050E-01 3.40483E+01
 4.02717E+01 5.11872E-01 7.28817E-01 9.70056E-01 3.38918E+01
 4.07380E+01 5.11875E-01 7.28821E-01 9.70061E-01 3.37321E+01
 4.12098E+01 5.11877E-01 7.28826E-01 9.70067E-01 3.35696E+01
 4.16869E+01 5.11880E-01 7.28829E-01 9.70072E-01 3.34042E+01
 4.21697E+01 5.11883E-01 7.28833E-01 9.70077E-01 3.32360E+01
 4.26580E+01 5.11886E-01 7.28837E-01 9.70082E-01 3.30652E+01
 4.31519E+01 5.11888E-01 7.28841E-01 9.70087E-01 3.28918E+01
 4.36516E+01 5.11891E-01 7.28844E-01 9.70092E-01 3.27160E+01
 4.41570E+01 5.11893E-01 7.28848E-01 9.70097E-01 3.25378E+01
 4.46684E+01 5.11896E-01 7.28851E-01 9.70101E-01 3.23572E+01
 4.51856E+01 5.11898E-01 7.28855E-01 9.70106E-01 3.21745E+01
 4.57088E+01 5.11900E-01 7.28858E-01 9.70110E-01 3.19897E+01
 4.62381E+01 5.11903E-01 7.28861E-01 9.70114E-01 3.18028E+01
 4.67735E+01 5.11905E-01 7.28865E-01 9.70119E-01 3.16140E+01
 4.73151E+01 5.11907E-01 7.28868E-01 9.70123E-01 3.14234E+01
 4.78630E+01 5.11909E-01 7.28871E-01 9.70127E-01 3.12310E+01
 4.84172E+01 5.11911E-01 7.28874E-01 9.70131E-01 3.10369E+01
 4.89779E+01 5.11913E-01 7.28876E-01 9.70135E-01 3.08413E+01
 4.95450E+01 5.11915E-01 7.28879E-01 9.70138E-01 3.06441E+01
 5.01187E+01 5.11917E-01 7.28882E-01 9.70142E-01 3.04455E+01
 5.06991E+01 5.11919E-01 7.28885E-01 9.70145E-01 3.02456E+01
 5.12861E+01 5.11921E-01 7.28887E-01 9.70149E-01 3.00444E+01
 5.18800E+01 5.11923E-01 7.28890E-01 9.70152E-01 2.98421E+01
 5.24807E+01 5.11924E-01 7.28892E-01 9.70156E-01 2.96386E+01
 5.30884E+01 5.11926E-01 7.28895E-01 9.70159E-01 2.94341E+01
 5.37032E+01 5.11928E-01 7.28897E-01 9.70162E-01 2.92287E+01
 5.43250E+01 5.11929E-01 7.28900E-01 9.70165E-01 2.90224E+01
 5.49541E+01 5.11931E-01 7.28902E-01 9.70168E-01 2.88153E+01
 5.55904E+01 5.11933E-01 7.28904E-01 9.70171E-01 2.86075E+01
 5.62341E+01 5.11934E-01 7.28906E-01 9.70174E-01 2.83990E+01
 5.68853E+01 5.11936E-01 7.28908E-01 9.70177E-01 2.81900E+01
 5.75440E+01 5.11937E-01 7.28910E-01 9.70180E-01 2.79804E+01
 5.82103E+01 5.11939E-01 7.28912E-01 9.70182E-01 2.77703E+01
 5.88844E+01 5.11940E-01 7.28914E-01 9.70185E-01 2.75599E+01
 5.95662E+01 5.11941E-01 7.28916E-01 9.70188E-01 2.73492E+01
 6.02560E+01 5.11943E-01 7.28918E-01 9.70190E-01 2.71382E+01
 6.09537E+01 5.11944E-01 7.28920E-01 9.70193E-01 2.69270E+01
 6.16595E+01 5.11945E-01 7.28922E-01 9.70195E-01 2.67156E+01
 6.23735E+01 5.11946E-01 7.28924E-01 9.70198E-01 2.65042E+01
 6.30957E+01 5.11948E-01 7.28925E-01 9.70200E-01 2.62927E+01
 6.38263E+01 5.11949E-01 7.28927E-01 9.70202E-01 2.60813E+01
 6.45654E+01 5.11950E-01 7.28929E-01 9.70204E-01 2.58700E+01
 6.53131E+01 5.11951E-01 7.28930E-01 9.70206E-01 2.56588E+01
 6.60693E+01 5.11952E-01 7.28932E-01 9.70209E-01 2.54477E+01
 6.68344E+01 5.11953E-01 7.28934E-01 9.70211E-01 2.52370E+01
 6.76083E+01 5.11954E-01 7.28935E-01 9.70213E-01 2.50265E+01
 6.83912E+01 5.11955E-01 7.28937E-01 9.70215E-01 2.48163E+01
 6.91831E+01 5.11956E-01 7.28938E-01 9.70216E-01 2.46065E+01
 6.99842E+01 5.11957E-01 7.28939E-01 9.70218E-01 2.43971E+01
 7.07946E+01 5.11958E-01 7.28941E-01 9.70220E-01 2.41882E+01
 7.16143E+01 5.11959E-01 7.28942E-01 9.70222E-01 2.39798E+01
 7.24436E+01 5.11960E-01 7.28943E-01 9.70224E-01 2.37720E+01
 7.32825E+01 5.11961E-01 7.28945E-01 9.70225E-01 2.35647E+01
 7.41310E+01 5.11962E-01 7.28946E-01 9.70227E-01 2.33580E+01
 7.49894E+01 5.11963E-01 7.28947E-01 9.70229E-01 2.31520E+01
 7.58578E+01 5.11964E-01 7.28948E-01 9.70230E-01 2.29467E+01
 7.67361E+01 5.11965E-01 7.28950E-01 9.70232E-01 2.27421E+01
 7.76247E+01 5.11965E-01 7.28951E-01 9.70233E-01 2.25383E+01
 7.85236E+01 5.11966E-01 7.28952E-01 9.70235E-01 2.23353E+01
 7.94328E+01 5.11967E-01 7.28953E-01 9.70236E-01 2.21330E+01
 8.03526E+01 5.11968E-01 7.28954E-01 9.70238E-01 2.19317E+01
 8.12831E+01 5.11968E-01 7.28955E-01 9.70239E-01 2.17312E+01
 8.22243E+01 5.11969E-01 7.28956E-01 9.70241E-01 2.15316E+01
 8.31764E+01 5.11970E-01 7.28957E-01 9.70242E-01 2.13329E+01
 8.41395E+01 5.11971E-01 7.28958E-01 9.70243E-01 2.11352E+01
 8.51138E+01 5.11971E-01 7.28959E-01 9.70244E-01 2.09385E+01
 8.60994E+01 5.11972E-01 7.28960E-01 9.70246E-01 2.07427E+01
 8.70964E+01 5.11973E-01 7.28961E-01 9.70247E-01 2.05480E+01
 8.81049E+01 5.11973E-01 7.28962E-01 9.70248E-01 2.03543E+01
 8.91251E+01 5.11974E-01 7.28963E-01 9.70249E-01 2.01617E+01
 9.01571E+01 5.11974E-01 7.28963E-01 9.70250E-01 1.99702E+01
 9.12011E+01 5.11975E-01 7.28964E-01 9.70251E-01 1.97797E+01
 9.22571E+01 5.11976E-01 7.28965E-01 9.70253E-01 1.95904E+01
 9.33254E+01 5.11976E-01 7.28966E-01 9.70254E-01 1.94022E+01
 9.44061E+01 5.11977E-01 7.28967E-01 9.70255E-01 1.92151E+01
 9.54993E+01 5.11977E-01 7.28967E-01 9.70256E-01 1.90292E+01
 9.66051E+01 5.11978E-01 7.28968E-01 9.70257E-01 1.88445E+01
 9.77237E+01 5.11978E-01 7.28969E-01 9.70258E-01 1.86609E+01
 9.88553E+01 5.11979E-01 7.28970E-01 9.70259E-01 1.84786E+01
 1.00000E+02 5.11979E-01 7.28970E-01 9.70259E-01 1.82974E+01
