 1.00000E-02 1.66690E-01 1.94238E-01 2.21802E-01 2.25068E-01
 2.00000E-02 1.67674E-01 1.95373E-01 2.23130E-01 2.26402E-01
 3.00000E-02 1.69324E-01 1.97292E-01 2.25342E-01 2.28652E-01
 4.00000E-02 1.71669E-01 2.00010E-01 2.28473E-01 2.31836E-01
 5.00000E-02 1.74730E-01 2.03552E-01 2.32549E-01 2.35982E-01
 6.00000E-02 1.78524E-01 2.07935E-01 2.37589E-01 2.41108E-01
 7.00000E-02 1.83061E-01 2.13163E-01 2.43593E-01 2.47215E-01
 8.00000E-02 1.88331E-01 2.19221E-01 2.50544E-01 2.54286E-01
 9.00000E-02 1.94303E-01 2.26067E-01 2.58394E-01 2.62273E-01
 1.00000E-01 2.00924E-01 2.33638E-01 2.67071E-01 2.71105E-01
 1.10000E-01 2.08119E-01 2.41848E-01 2.76479E-01 2.80687E-01
 1.20000E-01 2.15803E-01 2.50596E-01 2.86510E-01 2.90908E-01
 1.30000E-01 2.23885E-01 2.59778E-01 2.97047E-01 3.01655E-01
 1.40000E-01 2.32275E-01 2.69294E-01 3.07980E-01 3.12818E-01
 1.50000E-01 2.40893E-01 2.79052E-01 3.19204E-01 3.24294E-01
 1.60000E-01 2.49670E-01 2.88971E-01 3.30630E-01 3.35995E-01
 1.70000E-01 2.58547E-01 2.98983E-01 3.42177E-01 3.47843E-01
 1.80000E-01 2.67478E-01 3.09036E-01 3.53782E-01 3.59775E-01
 1.90000E-01 2.76425E-01 3.19084E-01 3.65387E-01 3.71740E-01
 2.00000E-01 2.85362E-01 3.29094E-01 3.76949E-01 3.83694E-01
 2.10000E-01 2.94265E-01 3.39040E-01 3.88431E-01 3.98157E-01
 2.20000E-01 3.03119E-01 3.48902E-01 3.99801E-01 4.18736E-01
 2.30000E-01 3.11912E-01 3.58665E-01 4.11036E-01 4.39512E-01
 2.40000E-01 3.20635E-01 3.68318E-01 4.22115E-01 4.60480E-01
 2.50000E-01 3.29281E-01 3.77853E-01 4.33024E-01 4.81639E-01
 2.60000E-01 3.37847E-01 3.87264E-01 4.43750E-01 5.02986E-01
 2.70000E-01 3.46329E-01 3.96547E-01 4.54284E-01 5.24521E-01
 2.80000E-01 3.54724E-01 4.05701E-01 4.64620E-01 5.46237E-01
 2.90000E-01 3.63032E-01 4.14723E-01 4.78535E-01 5.68130E-01
 3.00000E-01 3.71251E-01 4.23613E-01 4.97968E-01 5.90203E-01
 3.10000E-01 3.79382E-01 4.32371E-01 5.17587E-01 6.12446E-01
 3.20000E-01 3.87423E-01 4.40996E-01 5.37387E-01 6.34861E-01
 3.30000E-01 3.95376E-01 4.49491E-01 5.57370E-01 6.57442E-01
 3.40000E-01 4.03241E-01 4.57856E-01 5.77531E-01 6.80187E-01
 3.50000E-01 4.11017E-01 4.66093E-01 5.97870E-01 7.03094E-01
 3.60000E-01 4.18707E-01 4.74202E-01 6.18384E-01 7.26159E-01
 3.70000E-01 4.26309E-01 4.82186E-01 6.39071E-01 7.49378E-01
 3.80000E-01 4.33779E-01 4.90046E-01 6.59930E-01 7.72752E-01
 3.90000E-01 4.41080E-01 4.97783E-01 6.80959E-01 7.96274E-01
 4.00000E-01 4.48214E-01 5.05401E-01 7.02156E-01 8.19944E-01
 4.10000E-01 4.55185E-01 5.12899E-01 7.23520E-01 8.43759E-01
 4.20000E-01 4.61996E-01 5.20281E-01 7.45048E-01 8.67716E-01
 4.30000E-01 4.68651E-01 5.27549E-01 7.66740E-01 8.91811E-01
 4.40000E-01 4.75153E-01 5.34959E-01 7.88593E-01 9.16043E-01
 4.50000E-01 4.81506E-01 5.50789E-01 8.10606E-01 9.40410E-01
 4.60000E-01 4.87712E-01 5.66767E-01 8.32777E-01 9.64909E-01
 4.70000E-01 4.93775E-01 5.82891E-01 8.55105E-01 9.89536E-01
 4.80000E-01 4.99698E-01 5.99155E-01 8.77588E-01 1.01429E+00
 4.90000E-01 5.05484E-01 6.15273E-01 9.00225E-01 1.03917E+00
 5.00000E-01 5.11136E-01 6.31092E-01 9.23014E-01 1.06417E+00
 5.10000E-01 5.16658E-01 6.46606E-01 9.45953E-01 1.08929E+00
 5.20000E-01 5.22052E-01 6.61808E-01 9.69041E-01 1.11453E+00
 5.30000E-01 5.27321E-01 6.76693E-01 9.92276E-01 1.13988E+00
 5.40000E-01 5.32469E-01 6.91256E-01 1.01566E+00 1.16534E+00
 5.50000E-01 5.37498E-01 7.05494E-01 1.03918E+00 1.19092E+00
 5.60000E-01 5.42410E-01 7.19404E-01 1.06285E+00 1.21660E+00
 5.70000E-01 5.47209E-01 7.32983E-01 1.08666E+00 1.24239E+00
 5.80000E-01 5.51898E-01 7.46231E-01 1.11060E+00 1.26828E+00
 5.90000E-01 5.56479E-01 7.59147E-01 1.13469E+00 1.29427E+00
 6.00000E-01 5.60954E-01 7.71731E-01 1.15891E+00 1.32036E+00
 6.10000E-01 5.65326E-01 7.83983E-01 1.18326E+00 1.34655E+00
 6.20000E-01 5.69598E-01 7.95905E-01 1.20775E+00 1.37283E+00
 6.30000E-01 5.73773E-01 8.07499E-01 1.23237E+00 1.39921E+00
 6.40000E-01 5.77851E-01 8.18765E-01 1.25712E+00 1.42568E+00
 6.50000E-01 5.81837E-01 8.29708E-01 1.28199E+00 1.45223E+00
 6.60000E-01 5.85732E-01 8.40329E-01 1.30700E+00 1.47888E+00
 6.70000E-01 5.89538E-01 8.50632E-01 1.33212E+00 1.50560E+00
 6.80000E-01 5.93258E-01 8.60621E-01 1.35737E+00 1.53241E+00
 6.90000E-01 5.96894E-01 8.70298E-01 1.38274E+00 1.55931E+00
 7.00000E-01 6.00448E-01 8.79668E-01 1.40823E+00 1.58628E+00
 7.10000E-01 6.03922E-01 8.88735E-01 1.43384E+00 1.61332E+00
 7.20000E-01 6.07317E-01 8.97504E-01 1.45956E+00 1.64045E+00
 7.30000E-01 6.10637E-01 9.05979E-01 1.48540E+00 1.66764E+00
 7.40000E-01 6.13882E-01 9.14165E-01 1.51135E+00 1.69491E+00
 7.50000E-01 6.17055E-01 9.22066E-01 1.53732E+00 1.72225E+00
 7.60000E-01 6.20158E-01 9.29688E-01 1.56317E+00 1.74966E+00
 7.70000E-01 6.23191E-01 9.37035E-01 1.58889E+00 1.77713E+00
 7.80000E-01 6.26158E-01 9.44113E-01 1.61447E+00 1.80467E+00
 7.90000E-01 6.29060E-01 9.50927E-01 1.63993E+00 1.83228E+00
 8.00000E-01 6.31897E-01 9.57482E-01 1.66524E+00 1.85994E+00
 8.10000E-01 6.34673E-01 9.63783E-01 1.69043E+00 1.88767E+00
 8.20000E-01 6.37388E-01 9.69835E-01 1.71547E+00 1.91545E+00
 8.30000E-01 6.40044E-01 9.75644E-01 1.74038E+00 1.94329E+00
 8.40000E-01 6.42642E-01 9.81215E-01 1.76514E+00 1.97119E+00
 8.50000E-01 6.45185E-01 9.86553E-01 1.78977E+00 1.99914E+00
 8.60000E-01 6.47673E-01 9.91664E-01 1.81425E+00 2.02715E+00
 8.70000E-01 6.50107E-01 9.96552E-01 1.83859E+00 2.05520E+00
 8.80000E-01 6.52489E-01 1.00122E+00 1.86279E+00 2.08331E+00
 8.90000E-01 6.54821E-01 1.00568E+00 1.88684E+00 2.11147E+00
 9.00000E-01 6.57103E-01 1.00993E+00 1.91074E+00 2.13967E+00
 9.10000E-01 6.59338E-01 1.01398E+00 1.93450E+00 2.16792E+00
 9.20000E-01 6.61525E-01 1.01783E+00 1.95812E+00 2.19622E+00
 9.30000E-01 6.63666E-01 1.02149E+00 1.98158E+00 2.22456E+00
 9.40000E-01 6.65763E-01 1.02496E+00 2.00490E+00 2.25294E+00
 9.50000E-01 6.67815E-01 1.02825E+00 2.02807E+00 2.28136E+00
 9.60000E-01 6.69826E-01 1.03136E+00 2.05109E+00 2.30983E+00
 9.70000E-01 6.71795E-01 1.03430E+00 2.07396E+00 2.33833E+00
 9.80000E-01 6.73723E-01 1.03707E+00 2.09669E+00 2.36687E+00
 9.90000E-01 6.75612E-01 1.03968E+00 2.11926E+00 2.39545E+00
 1.00000E+00 6.77463E-01 1.04212E+00 2.14168E+00 2.42407E+00
 1.01158E+00 6.79559E-01 1.04476E+00 2.16746E+00 2.45725E+00
 1.02329E+00 6.81630E-01 1.04722E+00 2.19333E+00 2.49086E+00
 1.03514E+00 6.83674E-01 1.04950E+00 2.21929E+00 2.52490E+00
 1.04713E+00 6.85694E-01 1.05161E+00 2.24534E+00 2.55938E+00
 1.05925E+00 6.87688E-01 1.05354E+00 2.27147E+00 2.59431E+00
 1.07152E+00 6.89656E-01 1.05530E+00 2.29767E+00 2.62969E+00
 1.08393E+00 6.91599E-01 1.05689E+00 2.32394E+00 2.66552E+00
 1.09648E+00 6.93517E-01 1.05830E+00 2.35029E+00 2.70181E+00
 1.10917E+00 6.95409E-01 1.05953E+00 2.37669E+00 2.73856E+00
 1.12202E+00 6.97275E-01 1.06060E+00 2.40316E+00 2.77578E+00
 1.13501E+00 6.99117E-01 1.06149E+00 2.42967E+00 2.81347E+00
 1.14815E+00 7.00933E-01 1.06221E+00 2.45624E+00 2.85164E+00
 1.16145E+00 7.02725E-01 1.06275E+00 2.48285E+00 2.89029E+00
 1.17490E+00 7.04491E-01 1.06313E+00 2.50949E+00 2.92942E+00
 1.18850E+00 7.06232E-01 1.06335E+00 2.53617E+00 2.96905E+00
 1.20226E+00 7.07949E-01 1.06339E+00 2.56287E+00 3.00917E+00
 1.21619E+00 7.09641E-01 1.06327E+00 2.58959E+00 3.04980E+00
 1.23027E+00 7.11308E-01 1.06298E+00 2.61632E+00 3.09093E+00
 1.24451E+00 7.12951E-01 1.06254E+00 2.64307E+00 3.13257E+00
 1.25893E+00 7.14570E-01 1.06193E+00 2.66981E+00 3.17473E+00
 1.27350E+00 7.16165E-01 1.06116E+00 2.69655E+00 3.21741E+00
 1.28825E+00 7.17735E-01 1.06024E+00 2.72327E+00 3.26062E+00
 1.30317E+00 7.19282E-01 1.05916E+00 2.74998E+00 3.30436E+00
 1.31826E+00 7.20805E-01 1.05792E+00 2.77666E+00 3.34864E+00
 1.33352E+00 7.22305E-01 1.05653E+00 2.80331E+00 3.39346E+00
 1.34896E+00 7.23781E-01 1.05500E+00 2.82992E+00 3.43883E+00
 1.36458E+00 7.25235E-01 1.05331E+00 2.85648E+00 3.48475E+00
 1.38038E+00 7.26665E-01 1.05148E+00 2.88298E+00 3.53123E+00
 1.39637E+00 7.28072E-01 1.04951E+00 2.90942E+00 3.57828E+00
 1.41254E+00 7.29457E-01 1.04740E+00 2.93579E+00 3.62587E+00
 1.42889E+00 7.30820E-01 1.04514E+00 2.96208E+00 3.67400E+00
 1.44544E+00 7.32161E-01 1.04275E+00 2.98828E+00 3.72267E+00
 1.46218E+00 7.33479E-01 1.04023E+00 3.01439E+00 3.77189E+00
 1.47911E+00 7.34776E-01 1.03758E+00 3.04039E+00 3.82165E+00
 1.49624E+00 7.36051E-01 1.03479E+00 3.06628E+00 3.87198E+00
 1.51356E+00 7.37305E-01 1.03188E+00 3.09205E+00 3.92287E+00
 1.53109E+00 7.38538E-01 1.02884E+00 3.11769E+00 3.97433E+00
 1.54882E+00 7.39751E-01 1.02568E+00 3.14319E+00 4.02638E+00
 1.56675E+00 7.40942E-01 1.02241E+00 3.16854E+00 4.07901E+00
 1.58489E+00 7.42113E-01 1.01901E+00 3.19373E+00 4.13223E+00
 1.60325E+00 7.43264E-01 1.01550E+00 3.21875E+00 4.18605E+00
 1.62181E+00 7.44395E-01 1.01189E+00 3.24360E+00 4.24048E+00
 1.64059E+00 7.45506E-01 1.00816E+00 3.26826E+00 4.29552E+00
 1.65959E+00 7.46598E-01 1.00432E+00 3.29272E+00 4.35119E+00
 1.67880E+00 7.47671E-01 1.00038E+00 3.31698E+00 4.40749E+00
 1.69824E+00 7.48725E-01 9.96343E-01 3.34103E+00 4.46442E+00
 1.71791E+00 7.49759E-01 9.92205E-01 3.36485E+00 4.52199E+00
 1.73780E+00 7.50776E-01 9.87971E-01 3.38843E+00 4.58022E+00
 1.75792E+00 7.51774E-01 9.83644E-01 3.41177E+00 4.63911E+00
 1.77828E+00 7.52754E-01 9.79227E-01 3.43485E+00 4.69866E+00
 1.79887E+00 7.53716E-01 9.74721E-01 3.45766E+00 4.75888E+00
 1.81970E+00 7.54661E-01 9.70131E-01 3.48020E+00 4.81979E+00
 1.84077E+00 7.55588E-01 9.65457E-01 3.50246E+00 4.88139E+00
 1.86209E+00 7.56498E-01 9.60704E-01 3.52442E+00 4.94369E+00
 1.88365E+00 7.57392E-01 9.55874E-01 3.54607E+00 5.00669E+00
 1.90546E+00 7.58269E-01 9.50968E-01 3.56741E+00 5.07040E+00
 1.92752E+00 7.59129E-01 9.45990E-01 3.58842E+00 5.13484E+00
 1.94984E+00 7.59974E-01 9.40943E-01 3.60910E+00 5.20000E+00
 1.97242E+00 7.60802E-01 9.35828E-01 3.62943E+00 5.26590E+00
 1.99526E+00 7.61615E-01 9.30649E-01 3.64941E+00 5.33255E+00
 2.01837E+00 7.62412E-01 9.25407E-01 3.66902E+00 5.39995E+00
 2.04174E+00 7.63195E-01 9.20106E-01 3.68825E+00 5.46812E+00
 2.06538E+00 7.63962E-01 9.14747E-01 3.70710E+00 5.53705E+00
 2.08930E+00 7.64715E-01 9.09333E-01 3.72556E+00 5.60677E+00
 2.11349E+00 7.65453E-01 9.03867E-01 3.74361E+00 5.67727E+00
 2.13796E+00 7.66177E-01 8.98351E-01 3.76125E+00 5.74857E+00
 2.16272E+00 7.66887E-01 8.92787E-01 3.77847E+00 5.82067E+00
 2.18776E+00 7.67583E-01 8.87177E-01 3.79525E+00 5.89359E+00
 2.21309E+00 7.68265E-01 8.81524E-01 3.81160E+00 5.96733E+00
 2.23872E+00 7.68934E-01 8.75830E-01 3.82750E+00 6.04189E+00
 2.26464E+00 7.69590E-01 8.70097E-01 3.84294E+00 6.11730E+00
 2.29087E+00 7.70233E-01 8.66513E-01 3.85792E+00 6.19356E+00
 2.31739E+00 7.70864E-01 8.67222E-01 3.87242E+00 6.27068E+00
 2.34423E+00 7.71482E-01 8.67917E-01 3.88645E+00 6.34866E+00
 2.37137E+00 7.72087E-01 8.68598E-01 3.89999E+00 6.42752E+00
 2.39883E+00 7.72681E-01 8.69266E-01 3.91303E+00 6.50726E+00
 2.42661E+00 7.73263E-01 8.69920E-01 3.92557E+00 6.58790E+00
 2.45471E+00 7.73833E-01 8.70562E-01 3.93760E+00 6.66944E+00
 2.48313E+00 7.74391E-01 8.71190E-01 3.94912E+00 6.75190E+00
 2.51189E+00 7.74939E-01 8.71806E-01 3.96012E+00 6.83527E+00
 2.54097E+00 7.75475E-01 8.72409E-01 3.97059E+00 6.91958E+00
 2.57040E+00 7.76000E-01 8.73000E-01 3.98053E+00 7.00483E+00
 2.60016E+00 7.76515E-01 8.73580E-01 3.98993E+00 7.09102E+00
 2.63027E+00 7.77019E-01 8.74147E-01 3.99879E+00 7.17818E+00
 2.66073E+00 7.77514E-01 8.74703E-01 4.00710E+00 7.26631E+00
 2.69153E+00 7.77997E-01 8.75247E-01 4.01486E+00 7.35542E+00
 2.72270E+00 7.78472E-01 8.75780E-01 4.02207E+00 7.44552E+00
 2.75423E+00 7.78936E-01 8.76303E-01 4.02872E+00 7.53661E+00
 2.78612E+00 7.79391E-01 8.76814E-01 4.03480E+00 7.62872E+00
 2.81838E+00 7.79836E-01 8.77316E-01 4.04033E+00 7.72184E+00
 2.85102E+00 7.80272E-01 8.77806E-01 4.04529E+00 7.81599E+00
 2.88403E+00 7.80699E-01 8.78287E-01 4.04968E+00 7.91118E+00
 2.91743E+00 7.81118E-01 8.78757E-01 4.05350E+00 8.00742E+00
 2.95121E+00 7.81527E-01 8.79218E-01 4.05675E+00 8.10471E+00
 2.98538E+00 7.81928E-01 8.79669E-01 4.05943E+00 8.20308E+00
 3.01995E+00 7.82321E-01 8.80111E-01 4.06154E+00 8.30252E+00
 3.05492E+00 7.82706E-01 8.80544E-01 4.06307E+00 8.40306E+00
 3.09030E+00 7.83082E-01 8.80967E-01 4.06404E+00 8.50469E+00
 3.12608E+00 7.83451E-01 8.81382E-01 4.06443E+00 8.60743E+00
 3.16228E+00 7.83812E-01 8.81788E-01 4.06425E+00 8.71129E+00
 3.19890E+00 7.84165E-01 8.82186E-01 4.06351E+00 8.81628E+00
 3.23594E+00 7.84511E-01 8.82575E-01 4.06219E+00 8.92241E+00
 3.27341E+00 7.84849E-01 8.82956E-01 4.06031E+00 9.02970E+00
 3.31131E+00 7.85181E-01 8.83328E-01 4.05787E+00 9.13814E+00
 3.34965E+00 7.85505E-01 8.83693E-01 4.05488E+00 9.24775E+00
 3.38844E+00 7.85823E-01 8.84050E-01 4.05132E+00 9.35855E+00
 3.42768E+00 7.86133E-01 8.84400E-01 4.04721E+00 9.47054E+00
 3.46737E+00 7.86438E-01 8.84742E-01 4.04256E+00 9.58373E+00
 3.50752E+00 7.86735E-01 8.85077E-01 4.03736E+00 9.69813E+00
 3.54813E+00 7.87027E-01 8.85405E-01 4.03162E+00 9.81376E+00
 3.58922E+00 7.87312E-01 8.85726E-01 4.02534E+00 9.93062E+00
 3.63078E+00 7.87591E-01 8.86040E-01 4.01854E+00 1.00487E+01
 3.67282E+00 7.87864E-01 8.86347E-01 4.01121E+00 1.01681E+01
 3.71535E+00 7.88131E-01 8.86647E-01 4.00336E+00 1.02887E+01
 3.75837E+00 7.88393E-01 8.86942E-01 3.99501E+00 1.04106E+01
 3.80189E+00 7.88648E-01 8.87229E-01 3.98614E+00 1.05338E+01
 3.84592E+00 7.88899E-01 8.87511E-01 3.97678E+00 1.06583E+01
 3.89045E+00 7.89144E-01 8.87787E-01 3.96692E+00 1.07841E+01
 3.93550E+00 7.89384E-01 8.88056E-01 3.95658E+00 1.09112E+01
 3.98107E+00 7.89618E-01 8.88320E-01 3.94576E+00 1.10396E+01
 4.02717E+00 7.89848E-01 8.88579E-01 3.93448E+00 1.11694E+01
 4.07380E+00 7.90072E-01 8.88831E-01 3.92273E+00 1.13005E+01
 4.12098E+00 7.90292E-01 8.89078E-01 3.91052E+00 1.14330E+01
 4.16869E+00 7.90507E-01 8.89320E-01 3.89787E+00 1.15668E+01
 4.21697E+00 7.90717E-01 8.89557E-01 3.88478E+00 1.17020E+01
 4.26580E+00 7.90923E-01 8.89788E-01 3.87127E+00 1.18386E+01
 4.31519E+00 7.91124E-01 8.90014E-01 3.85733E+00 1.19766E+01
 4.36516E+00 7.91321E-01 8.90236E-01 3.84298E+00 1.21160E+01
 4.41570E+00 7.91513E-01 8.90452E-01 3.82823E+00 1.22568E+01
 4.46684E+00 7.91702E-01 8.90664E-01 3.81308E+00 1.23990E+01
 4.51856E+00 7.91886E-01 8.90872E-01 3.79755E+00 1.25427E+01
 4.57088E+00 7.92066E-01 8.91074E-01 3.78165E+00 1.26878E+01
 4.62381E+00 7.92243E-01 8.91273E-01 3.76538E+00 1.28344E+01
 4.67735E+00 7.92415E-01 8.91467E-01 3.74875E+00 1.29824E+01
 4.73151E+00 7.92584E-01 8.91657E-01 3.73178E+00 1.31319E+01
 4.78630E+00 7.92749E-01 8.91842E-01 3.71447E+00 1.32829E+01
 4.84172E+00 7.92910E-01 8.92024E-01 3.69683E+00 1.34353E+01
 4.89779E+00 7.93068E-01 8.92202E-01 3.67888E+00 1.35892E+01
 4.95450E+00 7.93222E-01 8.92375E-01 3.66061E+00 1.37447E+01
 5.01187E+00 7.93373E-01 8.92545E-01 3.64205E+00 1.39016E+01
 5.06991E+00 7.93521E-01 8.92711E-01 3.62321E+00 1.40601E+01
 5.12861E+00 7.93666E-01 8.92874E-01 3.60408E+00 1.42201E+01
 5.18800E+00 7.93807E-01 8.93033E-01 3.58468E+00 1.43816E+01
 5.24807E+00 7.93945E-01 8.93188E-01 3.56503E+00 1.45447E+01
 5.30884E+00 7.94080E-01 8.93340E-01 3.54512E+00 1.47092E+01
 5.37032E+00 7.94212E-01 8.93489E-01 3.52498E+00 1.48754E+01
 5.43250E+00 7.94342E-01 8.93634E-01 3.50460E+00 1.50431E+01
 5.49541E+00 7.94468E-01 8.93777E-01 3.48400E+00 1.52123E+01
 5.55904E+00 7.94592E-01 8.93916E-01 3.46319E+00 1.53831E+01
 5.62341E+00 7.94713E-01 8.94052E-01 3.44218E+00 1.55555E+01
 5.68853E+00 7.94831E-01 8.94185E-01 3.42098E+00 1.57295E+01
 5.75440E+00 7.94946E-01 8.94315E-01 3.39959E+00 1.59050E+01
 5.82103E+00 7.95059E-01 8.94442E-01 3.37803E+00 1.60821E+01
 5.88844E+00 7.95170E-01 8.94566E-01 3.35631E+00 1.62608E+01
 5.95662E+00 7.95278E-01 8.94688E-01 3.33442E+00 1.64411E+01
 6.02560E+00 7.95384E-01 8.94807E-01 3.31239E+00 1.66229E+01
 6.09537E+00 7.95487E-01 8.94923E-01 3.29023E+00 1.68064E+01
 6.16595E+00 7.95588E-01 8.95037E-01 3.26793E+00 1.69914E+01
 6.23735E+00 7.95687E-01 8.95148E-01 3.24551E+00 1.71781E+01
 6.30957E+00 7.95784E-01 8.95257E-01 3.22297E+00 1.73663E+01
 6.38263E+00 7.95878E-01 8.95363E-01 3.20033E+00 1.75561E+01
 6.45654E+00 7.95971E-01 8.95467E-01 3.17760E+00 1.77475E+01
 6.53131E+00 7.96061E-01 8.95569E-01 3.15477E+00 1.79405E+01
 6.60693E+00 7.96149E-01 8.95668E-01 3.13186E+00 1.81351E+01
 6.68344E+00 7.96236E-01 8.95765E-01 3.10888E+00 1.83313E+01
 6.76083E+00 7.96320E-01 8.95860E-01 3.08584E+00 1.85290E+01
 6.83912E+00 7.96403E-01 8.95953E-01 3.06274E+00 1.87283E+01
 6.91831E+00 7.96483E-01 8.96044E-01 3.03958E+00 1.89292E+01
 6.99842E+00 7.96562E-01 8.96133E-01 3.01638E+00 1.91317E+01
 7.07946E+00 7.96640E-01 8.96220E-01 2.99315E+00 1.93357E+01
 7.16143E+00 7.96715E-01 8.96304E-01 2.96988E+00 1.95413E+01
 7.24436E+00 7.96789E-01 8.96388E-01 2.94659E+00 1.97484E+01
 7.32825E+00 7.96861E-01 8.96469E-01 2.92329E+00 1.99571E+01
 7.41310E+00 7.96932E-01 8.96548E-01 2.89997E+00 2.01673E+01
 7.49894E+00 7.97001E-01 8.96626E-01 2.87665E+00 2.03790E+01
 7.58578E+00 7.97068E-01 8.96701E-01 2.85333E+00 2.05922E+01
 7.67361E+00 7.97134E-01 8.96776E-01 2.83002E+00 2.08070E+01
 7.76247E+00 7.97198E-01 8.96848E-01 2.80672E+00 2.10232E+01
 7.85236E+00 7.97261E-01 8.96919E-01 2.78344E+00 2.12408E+01
 7.94328E+00 7.97323E-01 8.96988E-01 2.76019E+00 2.14600E+01
 8.03526E+00 7.97383E-01 8.97056E-01 2.73697E+00 2.16805E+01
 8.12831E+00 7.97442E-01 8.97122E-01 2.71378E+00 2.19025E+01
 8.22243E+00 7.97500E-01 8.97187E-01 2.69063E+00 2.21259E+01
 8.31764E+00 7.97556E-01 8.97250E-01 2.66753E+00 2.23507E+01
 8.41395E+00 7.97611E-01 8.97312E-01 2.64447E+00 2.25768E+01
 8.51138E+00 7.97665E-01 8.97373E-01 2.62148E+00 2.28043E+01
 8.60994E+00 7.97717E-01 8.97432E-01 2.59854E+00 2.30332E+01
 8.70964E+00 7.97769E-01 8.97490E-01 2.57566E+00 2.32633E+01
 8.81049E+00 7.97819E-01 8.97546E-01 2.55285E+00 2.34947E+01
 8.91251E+00 7.97868E-01 8.97602E-01 2.53011E+00 2.37273E+01
 9.01571E+00 7.97916E-01 8.97656E-01 2.50745E+00 2.39612E+01
 9.12011E+00 7.97963E-01 8.97708E-01 2.48487E+00 2.41963E+01
 9.22571E+00 7.98009E-01 8.97760E-01 2.46237E+00 2.44325E+01
 9.33254E+00 7.98054E-01 8.97811E-01 2.43996E+00 2.46699E+01
 9.44061E+00 7.98098E-01 8.97860E-01 2.41763E+00 2.49084E+01
 9.54993E+00 7.98141E-01 8.97908E-01 2.39540E+00 2.51479E+01
 9.66051E+00 7.98183E-01 8.97955E-01 2.37327E+00 2.53885E+01
 9.77237E+00 7.98223E-01 8.98001E-01 2.35123E+00 2.56301E+01
 9.88553E+00 7.98264E-01 8.98046E-01 2.32930E+00 2.58726E+01
 1.00000E+01 7.98303E-01 8.98091E-01 2.30747E+00 2.61161E+01
 1.01158E+01 7.98341E-01 8.98134E-01 2.28575E+00 2.63605E+01
 1.02329E+01 7.98378E-01 8.98176E-01 2.26413E+00 2.66057E+01
 1.03514E+01 7.98415E-01 8.98217E-01 2.24263E+00 2.68517E+01
 1.04713E+01 7.98451E-01 8.98257E-01 2.22125E+00 2.70984E+01
 1.05925E+01 7.98486E-01 8.98296E-01 2.19998E+00 2.73459E+01
 1.07152E+01 7.98520E-01 8.98335E-01 2.17883E+00 2.75940E+01
 1.08393E+01 7.98553E-01 8.98372E-01 2.15780E+00 2.78427E+01
 1.09648E+01 7.98586E-01 8.98409E-01 2.13690E+00 2.80920E+01
 1.10917E+01 7.98618E-01 8.98445E-01 2.11612E+00 2.83417E+01
 1.12202E+01 7.98649E-01 8.98480E-01 2.09546E+00 2.85920E+01
 1.13501E+01 7.98680E-01 8.98515E-01 2.07494E+00 2.88426E+01
 1.14815E+01 7.98709E-01 8.98548E-01 2.05454E+00 2.90936E+01
 1.16145E+01 7.98739E-01 8.98581E-01 2.03427E+00 2.93448E+01
 1.17490E+01 7.98767E-01 8.98613E-01 2.01414E+00 2.95962E+01
 1.18850E+01 7.98795E-01 8.98644E-01 1.99414E+00 2.98478E+01
 1.20226E+01 7.98822E-01 8.98675E-01 1.97427E+00 3.00995E+01
 1.21619E+01 7.98849E-01 8.98705E-01 1.95454E+00 3.03513E+01
 1.23027E+01 7.98875E-01 8.98734E-01 1.93495E+00 3.06029E+01
 1.24451E+01 7.98900E-01 8.98763E-01 1.91549E+00 3.08545E+01
 1.25893E+01 7.98925E-01 8.98791E-01 1.89617E+00 3.11059E+01
 1.27350E+01 7.98949E-01 8.98818E-01 1.87700E+00 3.13570E+01
 1.28825E+01 7.98973E-01 8.98845E-01 1.85796E+00 3.16078E+01
 1.30317E+01 7.98996E-01 8.98871E-01 1.83906E+00 3.18581E+01
 1.31826E+01 7.99019E-01 8.98896E-01 1.82031E+00 3.21080E+01
 1.33352E+01 7.99041E-01 8.98921E-01 1.80169E+00 3.23574E+01
 1.34896E+01 7.99063E-01 8.98946E-01 1.78322E+00 3.26061E+01
 1.36458E+01 7.99084E-01 8.98969E-01 1.76489E+00 3.28540E+01
 1.38038E+01 7.99105E-01 8.98993E-01 1.74671E+00 3.31012E+01
 1.39637E+01 7.99125E-01 8.99016E-01 1.72867E+00 3.33475E+01
 1.41254E+01 7.99145E-01 8.99038E-01 1.71077E+00 3.35928E+01
 1.42889E+01 7.99164E-01 8.99060E-01 1.69302E+00 3.38370E+01
 1.44544E+01 7.99183E-01 8.99081E-01 1.67541E+00 3.40801E+01
 1.46218E+01 7.99201E-01 8.99102E-01 1.65794E+00 3.43219E+01
 1.47911E+01 7.99220E-01 8.99122E-01 1.64062E+00 3.45624E+01
 1.49624E+01 7.99237E-01 8.99142E-01 1.62344E+00 3.48015E+01
 1.51356E+01 7.99254E-01 8.99161E-01 1.60641E+00 3.50391E+01
 1.53109E+01 7.99271E-01 8.99180E-01 1.58952E+00 3.52750E+01
 1.54882E+01 7.99288E-01 8.99199E-01 1.57277E+00 3.55093E+01
 1.56675E+01 7.99304E-01 8.99217E-01 1.55617E+00 3.57417E+01
 1.58489E+01 7.99320E-01 8.99235E-01 1.53971E+00 3.59722E+01
 1.60325E+01 7.99335E-01 8.99252E-01 1.52340E+00 3.62008E+01
 1.62181E+01 7.99350E-01 8.99269E-01 1.50723E+00 3.64272E+01
 1.64059E+01 7.99365E-01 8.99285E-01 1.49120E+00 3.66514E+01
 1.65959E+01 7.99379E-01 8.99302E-01 1.47531E+00 3.68734E+01
 1.67880E+01 7.99393E-01 8.99317E-01 1.45957E+00 3.70929E+01
 1.69824E+01 7.99407E-01 8.99333E-01 1.44396E+00 3.73099E+01
 1.71791E+01 7.99420E-01 8.99348E-01 1.42850E+00 3.75244E+01
 1.73780E+01 7.99434E-01 8.99363E-01 1.41318E+00 3.77361E+01
 1.75792E+01 7.99446E-01 8.99377E-01 1.39800E+00 3.79450E+01
 1.77828E+01 7.99459E-01 8.99391E-01 1.38295E+00 3.81511E+01
 1.79887E+01 7.99471E-01 8.99405E-01 1.36805E+00 3.83541E+01
 1.81970E+01 7.99483E-01 8.99419E-01 1.35329E+00 3.85540E+01
 1.84077E+01 7.99495E-01 8.99432E-01 1.33866E+00 3.87507E+01
 1.86209E+01 7.99506E-01 8.99445E-01 1.32417E+00 3.89441E+01
 1.88365E+01 7.99517E-01 8.99457E-01 1.30982E+00 3.91341E+01
 1.90546E+01 7.99528E-01 8.99469E-01 1.29560E+00 3.93206E+01
 1.92752E+01 7.99539E-01 8.99481E-01 1.28152E+00 3.95035E+01
 1.94984E+01 7.99549E-01 8.99493E-01 1.26757E+00 3.96827E+01
 1.97242E+01 7.99560E-01 8.99505E-01 1.25376E+00 3.98580E+01
 1.99526E+01 7.99570E-01 8.99516E-01 1.24008E+00 4.00295E+01
 2.01837E+01 7.99579E-01 8.99527E-01 1.22653E+00 4.01970E+01
 2.04174E+01 7.99589E-01 8.99538E-01 1.21311E+00 4.03604E+01
 2.06538E+01 7.99598E-01 8.99548E-01 1.19983E+00 4.05196E+01
 2.08930E+01 7.99607E-01 8.99558E-01 1.18667E+00 4.06746E+01
 2.11349E+01 7.99616E-01 8.99568E-01 1.17365E+00 4.08252E+01
 2.13796E+01 7.99625E-01 8.99578E-01 1.16075E+00 4.09713E+01
 2.16272E+01 7.99633E-01 8.99588E-01 1.14798E+00 4.11130E+01
 2.18776E+01 7.99642E-01 8.99597E-01 1.13534E+00 4.12500E+01
 2.21309E+01 7.99650E-01 8.99606E-01 1.12282E+00 4.13823E+01
 2.23872E+01 7.99658E-01 8.99615E-01 1.11043E+00 4.15099E+01
 2.26464E+01 7.99666E-01 8.99624E-01 1.09817E+00 4.16326E+01
 2.29087E+01 7.99673E-01 8.99632E-01 1.08602E+00 4.17504E+01
 2.31739E+01 7.99681E-01 8.99641E-01 1.07400E+00 4.18632E+01
 2.34423E+01 7.99688E-01 8.99649E-01 1.06210E+00 4.19709E+01
 2.37137E+01 7.99695E-01 8.99657E-01 1.05033E+00 4.20735E+01
 2.39883E+01 7.99702E-01 8.99665E-01 1.03867E+00 4.21709E+01
 2.42661E+01 7.99709E-01 8.99672E-01 1.02713E+00 4.22631E+01
 2.45471E+01 7.99715E-01 8.99680E-01 1.01571E+00 4.23500E+01
 2.48313E+01 7.99722E-01 8.99687E-01 1.00441E+00 4.24315E+01
 2.51189E+01 7.99728E-01 8.99694E-01 9.93220E-01 4.25076E+01
 2.54097E+01 7.99734E-01 8.99701E-01 9.89671E-01 4.25782E+01
 2.57040E+01 7.99740E-01 8.99708E-01 9.89678E-01 4.26433E+01
 2.60016E+01 7.99746E-01 8.99714E-01 9.89686E-01 4.27029E+01
 2.63027E+01 7.99752E-01 8.99721E-01 9.89693E-01 4.27569E+01
 2.66073E+01 7.99757E-01 8.99727E-01 9.89700E-01 4.28053E+01
 2.69153E+01 7.99763E-01 8.99733E-01 9.89707E-01 4.28481E+01
 2.72270E+01 7.99768E-01 8.99739E-01 9.89713E-01 4.28852E+01
 2.75423E+01 7.99774E-01 8.99745E-01 9.89720E-01 4.29166E+01
 2.78612E+01 7.99779E-01 8.99751E-01 9.89726E-01 4.29423E+01
 2.81838E+01 7.99784E-01 8.99757E-01 9.89732E-01 4.29622E+01
 2.85102E+01 7.99789E-01 8.99762E-01 9.89738E-01 4.29764E+01
 2.88403E+01 7.99793E-01 8.99768E-01 9.89744E-01 4.29849E+01
 2.91743E+01 7.99798E-01 8.99773E-01 9.89750E-01 4.29876E+01
 2.95121E+01 7.99803E-01 8.99778E-01 9.89756E-01 4.29846E+01
 2.98538E+01 7.99807E-01 8.99783E-01 9.89761E-01 4.29758E+01
 3.01995E+01 7.99812E-01 8.99788E-01 9.89767E-01 4.29613E+01
 3.05492E+01 7.99816E-01 8.99793E-01 9.89772E-01 4.29410E+01
 3.09030E+01 7.99820E-01 8.99797E-01 9.89777E-01 4.29151E+01
 3.12608E+01 7.99824E-01 8.99802E-01 9.89782E-01 4.28834E+01
 3.16228E+01 7.99828E-01 8.99807E-01 9.89787E-01 4.28461E+01
 3.19890E+01 7.99832E-01 8.99811E-01 9.89792E-01 4.28032E+01
 3.23594E+01 7.99836E-01 8.99815E-01 9.89797E-01 4.27546E+01
 3.27341E+01 7.99840E-01 8.99819E-01 9.89801E-01 4.27004E+01
 3.31131E+01 7.99843E-01 8.99824E-01 9.89806E-01 4.26407E+01
 3.34965E+01 7.99847E-01 8.99828E-01 9.89810E-01 4.25755E+01
 3.38844E+01 7.99850E-01 8.99831E-01 9.89815E-01 4.25049E+01
 3.42768E+01 7.99854E-01 8.99835E-01 9.89819E-01 4.24288E+01
 3.46737E+01 7.99857E-01 8.99839E-01 9.89823E-01 4.23474E+01
 3.50752E+01 7.99860E-01 8.99843E-01 9.89827E-01 4.22606E+01
 3.54813E+01 7.99863E-01 8.99846E-01 9.89831E-01 4.21687E+01
 3.58922E+01 7.99866E-01 8.99850E-01 9.89835E-01 4.20715E+01
 3.63078E+01 7.99869E-01 8.99853E-01 9.89838E-01 4.19692E+01
 3.67282E+01 7.99872E-01 8.99856E-01 9.89842E-01 4.18618E+01
 3.71535E+01 7.99875E-01 8.99860E-01 9.89846E-01 4.17495E+01
 3.75837E+01 7.99878E-01 8.99863E-01 9.89849E-01 4.16322E+01
 3.80189E+01 7.99881E-01 8.99866E-01 9.89853E-01 4.15101E+01
 3.84592E+01 7.99884E-01 8.99869E-01 9.89856E-01 4.13832E+01
 3.89045E+01 7.99886E-01 8.99872E-01 9.89859E-01 4.12516E+01
 3.93550E+01 7.99889E-01 8.99875E-01 9.89862E-01 4.11154E+01
 3.98107E+01 7.99891E-01 8.99878E-01 9.89866E-01 4.09747E+01
 4.02717E+01 7.99894E-01 8.99881E-01 9.89869E-01 4.08295E+01
 4.07380E+01 7.99896E-01 8.99883E-01 9.89872E-01 4.06799E+01
 4.12098E+01 7.99899E-01 8.99886E-01 9.89875E-01 4.05261E+01
 4.16869E+01 7.99901E-01 8.99889E-01 9.89877E-01 4.03681E+01
 4.21697E+01 7.99903E-01 8.99891E-01 9.89880E-01 4.02060E+01
 4.26580E+01 7.99905E-01 8.99894E-01 9.89883E-01 4.00400E+01
 4.31519E+01 7.99908E-01 8.99896E-01 9.89886E-01 3.98700E+01
 4.36516E+01 7.99910E-01 8.99898E-01 9.89888E-01 3.96962E+01
 4.41570E+01 7.99912E-01 8.99901E-01 9.89891E-01 3.95187E+01
 4.46684E+01 7.99914E-01 8.99903E-01 9.89893E-01 3.93375E+01
 4.51856E+01 7.99916E-01 8.99905E-01 9.89896E-01 3.91529E+01
 4.57088E+01 7.99918E-01 8.99907E-01 9.89898E-01 3.89648E+01
 4.62381E+01 7.99919E-01 8.99909E-01 9.89900E-01 3.87735E+01
 4.67735E+01 7.99921E-01 8.99911E-01 9.89903E-01 3.85789E+01
 4.73151E+01 7.99923E-01 8.99913E-01 9.89905E-01 3.83812E+01
 4.78630E+01 7.99925E-01 8.99915E-01 9.89907E-01 3.81804E+01
 4.84172E+01 7.99926E-01 8.99917E-01 9.89909E-01 3.79768E+01
 4.89779E+01 7.99928E-01 8.99919E-01 9.89911E-01 3.77703E+01
 4.95450E+01 7.99930E-01 8.99921E-01 9.89913E-01 3.75611E+01
 5.01187E+01 7.99931E-01 8.99923E-01 9.89915E-01 3.73493E+01
 5.06991E+01 7.99933E-01 8.99925E-01 9.89917E-01 3.71349E+01
 5.12861E+01 7.99934E-01 8.99926E-01 9.89919E-01 3.69182E+01
 5.18800E+01 7.99936E-01 8.99928E-01 9.89921E-01 3.66991E+01
 5.24807E+01 7.99937E-01 8.99930E-01 9.89923E-01 3.64779E+01
 5.30884E+01 7.99939E-01 8.99931E-01 9.89924E-01 3.62544E+01
 5.37032E+01 7.99940E-01 8.99933E-01 9.89926E-01 3.60290E+01
 5.43250E+01 7.99942E-01 8.99934E-01 9.89928E-01 3.58017E+01
 5.49541E+01 7.99943E-01 8.99936E-01 9.89929E-01 3.55725E+01
 5.55904E+01 7.99944E-01 8.99937E-01 9.89931E-01 3.53416E+01
 5.62341E+01 7.99945E-01 8.99939E-01 9.89933E-01 3.51090E+01
 5.68853E+01 7.99947E-01 8.99940E-01 9.89934E-01 3.48749E+01
 5.75440E+01 7.99948E-01 8.99941E-01 9.89936E-01 3.46393E+01
 5.82103E+01 7.99949E-01 8.99943E-01 9.89937E-01 3.44024E+01
 5.88844E+01 7.99950E-01 8.99944E-01 9.89938E-01 3.41642E+01
 5.95662E+01 7.99951E-01 8.99945E-01 9.89940E-01 3.39249E+01
 6.02560E+01 7.99952E-01 8.99947E-01 9.89941E-01 3.36844E+01
 6.09537E+01 7.99954E-01 8.99948E-01 9.89943E-01 3.34429E+01
 6.16595E+01 7.99955E-01 8.99949E-01 9.89944E-01 3.32005E+01
 6.23735E+01 7.99956E-01 8.99950E-01 9.89945E-01 3.29573E+01
 6.30957E+01 7.99957E-01 8.99951E-01 9.89946E-01 3.27132E+01
 6.38263E+01 7.99958E-01 8.99952E-01 9.89948E-01 3.24686E+01
 6.45654E+01 7.99959E-01 8.99953E-01 9.89949E-01 3.22233E+01
 6.53131E+01 7.99960E-01 8.99955E-01 9.89950E-01 3.19775E+01
 6.60693E+01 7.99960E-01 8.99956E-01 9.89951E-01 3.17312E+01
 6.68344E+01 7.99961E-01 8.99957E-01 9.89952E-01 3.14846E+01
 6.76083E+01 7.99962E-01 8.99958E-01 9.89953E-01 3.12377E+01
 6.83912E+01 7.99963E-01 8.99958E-01 9.89954E-01 3.09906E+01
 6.91831E+01 7.99964E-01 8.99959E-01 9.89955E-01 3.07433E+01
 6.99842E+01 7.99965E-01 8.99960E-01 9.89956E-01 3.04959E+01
 7.07946E+01 7.99966E-01 8.99961E-01 9.89957E-01 3.02485E+01
 7.16143E+01 7.99966E-01 8.99962E-01 9.89958E-01 3.00011E+01
 7.24436E+01 7.99967E-01 8.99963E-01 9.89959E-01 2.97539E+01
 7.32825E+01 7.99968E-01 8.99964E-01 9.89960E-01 2.95068E+01
 7.41310E+01 7.99969E-01 8.99965E-01 9.89961E-01 2.92599E+01
 7.49894E+01 7.99969E-01 8.99965E-01 9.89962E-01 2.90134E+01
 7.58578E+01 7.99970E-01 8.99966E-01 9.89963E-01 2.87672E+01
 7.67361E+01 7.99971E-01 8.99967E-01 9.89964E-01 2.85214E+01
 7.76247E+01 7.99971E-01 8.99968E-01 9.89965E-01 2.82760E+01
 7.85236E+01 7.99972E-01 8.99969E-01 9.89965E-01 2.80312E+01
 7.94328E+01 7.99973E-01 8.99969E-01 9.89966E-01 2.77869E+01
 8.03526E+01 7.99973E-01 8.99970E-01 9.89967E-01 2.75433E+01
 8.12831E+01 7.99974E-01 8.99971E-01 9.89968E-01 2.73002E+01
 8.22243E+01 7.99974E-01 8.99971E-01 9.89968E-01 2.70579E+01
 8.31764E+01 7.99975E-01 8.99972E-01 9.89969E-01 2.68164E+01
 8.41395E+01 7.99976E-01 8.99973E-01 9.89970E-01 2.65756E+01
 8.51138E+01 7.99976E-01 8.99973E-01 9.89971E-01 2.63357E+01
 8.60994E+01 7.99977E-01 8.99974E-01 9.89971E-01 2.60966E+01
 8.70964E+01 7.99977E-01 8.99974E-01 9.89972E-01 2.58585E+01
 8.81049E+01 7.99978E-01 8.99975E-01 9.89972E-01 2.56213E+01
 8.91251E+01 7.99978E-01 8.99976E-01 9.89973E-01 2.53851E+01
 9.01571E+01 7.99979E-01 8.99976E-01 9.89974E-01 2.51499E+01
 9.12011E+01 7.99979E-01 8.99977E-01 9.89974E-01 2.49157E+01
 9.22571E+01 7.99980E-01 8.99977E-01 9.89975E-01 2.46827E+01
 9.33254E+01 7.99980E-01 8.99978E-01 9.89975E-01 2.44507E+01
 9.44061E+01 7.99981E-01 8.99978E-01 9.89976E-01 2.42199E+01
 9.54993E+01 7.99981E-01 8.99979E-01 9.89977E-01 2.39903E+01
 9.66051E+01 7.99981E-01 8.99979E-01 9.89977E-01 2.37619E+01
 9.77237E+01 7.99982E-01 8.99980E-01 9.89978E-01 2.35347E+01
 9.88553E+01 7.99982E-01 8.99980E-01 9.89978E-01 2.33088E+01
 1.00000E+02 7.99983E-01 8.99981E-01 9.89979E-01 2.30841E+01
