 1.00000E-02 6.77608E-02 9.31474E-02 1.23947E-01 1.28001E-01
 2.00000E-02 6.78134E-02 9.31759E-02 1.23966E-01 1.28054E-01
 3.00000E-02 6.78839E-02 9.32399E-02 1.24021E-01 1.28093E-01
 4.00000E-02 6.80079E-02 9.33658E-02 1.24124E-01 1.28191E-01
 5.00000E-02 6.82052E-02 9.35795E-02 1.24329E-01 1.28397E-01
 6.00000E-02 6.85041E-02 9.39139E-02 1.24681E-01 1.28749E-01
 7.00000E-02 6.89318E-02 9.44086E-02 1.25227E-01 1.29299E-01
 8.00000E-02 6.95153E-02 9.51006E-02 1.26014E-01 1.30100E-01
 9.00000E-02 7.02846E-02 9.60251E-02 1.27092E-01 1.31197E-01
 1.00000E-01 7.12657E-02 9.72181E-02 1.28504E-01 1.32637E-01
 1.10000E-01 7.24831E-02 9.87096E-02 1.30288E-01 1.34461E-01
 1.20000E-01 7.39576E-02 1.00527E-01 1.32480E-01 1.36705E-01
 1.30000E-01 7.57053E-02 1.02690E-01 1.35106E-01 1.39395E-01
 1.40000E-01 7.77360E-02 1.05212E-01 1.38182E-01 1.42550E-01
 1.50000E-01 8.00542E-02 1.08099E-01 1.41718E-01 1.46179E-01
 1.60000E-01 8.26581E-02 1.11348E-01 1.45713E-01 1.50282E-01
 1.70000E-01 8.55411E-02 1.14952E-01 1.50157E-01 1.54851E-01
 1.80000E-01 8.86922E-02 1.18896E-01 1.55034E-01 1.59868E-01
 1.90000E-01 9.20978E-02 1.23163E-01 1.60322E-01 1.65310E-01
 2.00000E-01 9.57428E-02 1.27731E-01 1.65992E-01 1.71153E-01
 2.10000E-01 9.96112E-02 1.32579E-01 1.72017E-01 1.77365E-01
 2.20000E-01 1.03687E-01 1.37685E-01 1.78365E-01 1.83916E-01
 2.30000E-01 1.07956E-01 1.43027E-01 1.85006E-01 1.90774E-01
 2.40000E-01 1.12405E-01 1.48585E-01 1.91911E-01 1.97910E-01
 2.50000E-01 1.17019E-01 1.54340E-01 1.99051E-01 2.05293E-01
 2.60000E-01 1.21788E-01 1.60275E-01 2.06399E-01 2.12896E-01
 2.70000E-01 1.26702E-01 1.66374E-01 2.13930E-01 2.20693E-01
 2.80000E-01 1.31751E-01 1.72624E-01 2.21621E-01 2.28658E-01
 2.90000E-01 1.36928E-01 1.79011E-01 2.29450E-01 2.36769E-01
 3.00000E-01 1.42224E-01 1.85525E-01 2.37398E-01 2.45005E-01
 3.10000E-01 1.47634E-01 1.92154E-01 2.45446E-01 2.53346E-01
 3.20000E-01 1.53152E-01 1.98890E-01 2.53580E-01 2.61773E-01
 3.30000E-01 1.58772E-01 2.05725E-01 2.61784E-01 2.70271E-01
 3.40000E-01 1.64489E-01 2.12650E-01 2.70045E-01 2.78823E-01
 3.50000E-01 1.70299E-01 2.19659E-01 2.78351E-01 2.87415E-01
 3.60000E-01 1.76199E-01 2.26746E-01 2.86691E-01 2.96034E-01
 3.70000E-01 1.82183E-01 2.33905E-01 2.95056E-01 3.04669E-01
 3.80000E-01 1.88250E-01 2.41131E-01 3.03437E-01 3.13309E-01
 3.90000E-01 1.94396E-01 2.48418E-01 3.11826E-01 3.23253E-01
 4.00000E-01 2.00617E-01 2.55763E-01 3.20216E-01 3.35405E-01
 4.10000E-01 2.06905E-01 2.63161E-01 3.28601E-01 3.47687E-01
 4.20000E-01 2.13174E-01 2.70609E-01 3.36975E-01 3.60096E-01
 4.30000E-01 2.19388E-01 2.78102E-01 3.45332E-01 3.72632E-01
 4.40000E-01 2.25547E-01 2.85637E-01 3.53670E-01 3.85294E-01
 4.50000E-01 2.31646E-01 2.93211E-01 3.61983E-01 3.98077E-01
 4.60000E-01 2.37683E-01 3.00818E-01 3.70267E-01 4.10981E-01
 4.70000E-01 2.43656E-01 3.08377E-01 3.78520E-01 4.24004E-01
 4.80000E-01 2.49562E-01 3.15853E-01 3.86739E-01 4.37146E-01
 4.90000E-01 2.55401E-01 3.23242E-01 3.94922E-01 4.50402E-01
 5.00000E-01 2.61169E-01 3.30542E-01 4.03065E-01 4.63773E-01
 5.10000E-01 2.66867E-01 3.37753E-01 4.11168E-01 4.77256E-01
 5.20000E-01 2.72492E-01 3.44872E-01 4.19228E-01 4.90850E-01
 5.30000E-01 2.78043E-01 3.51898E-01 4.27245E-01 5.04554E-01
 5.40000E-01 2.83520E-01 3.58830E-01 4.35217E-01 5.18365E-01
 5.50000E-01 2.88922E-01 3.65666E-01 4.43144E-01 5.32283E-01
 5.60000E-01 2.94248E-01 3.72407E-01 4.51025E-01 5.46306E-01
 5.70000E-01 2.99498E-01 3.79052E-01 4.60858E-01 5.60433E-01
 5.80000E-01 3.04672E-01 3.85600E-01 4.73187E-01 5.74662E-01
 5.90000E-01 3.09769E-01 3.92051E-01 4.85625E-01 5.88992E-01
 6.00000E-01 3.14789E-01 3.98405E-01 4.98170E-01 6.03422E-01
 6.10000E-01 3.19733E-01 4.04662E-01 5.10823E-01 6.17949E-01
 6.20000E-01 3.24601E-01 4.10823E-01 5.23583E-01 6.32574E-01
 6.30000E-01 3.29392E-01 4.16887E-01 5.36449E-01 6.47293E-01
 6.40000E-01 3.34107E-01 4.22855E-01 5.49420E-01 6.62108E-01
 6.50000E-01 3.38747E-01 4.28727E-01 5.62495E-01 6.77015E-01
 6.60000E-01 3.43312E-01 4.34505E-01 5.75675E-01 6.92014E-01
 6.70000E-01 3.47803E-01 4.40188E-01 5.88957E-01 7.07104E-01
 6.80000E-01 3.52219E-01 4.45778E-01 6.02342E-01 7.22283E-01
 6.90000E-01 3.56562E-01 4.51274E-01 6.15829E-01 7.37550E-01
 7.00000E-01 3.60833E-01 4.56679E-01 6.29417E-01 7.52905E-01
 7.10000E-01 3.65032E-01 4.61993E-01 6.43105E-01 7.68345E-01
 7.20000E-01 3.69159E-01 4.67217E-01 6.56893E-01 7.83869E-01
 7.30000E-01 3.73217E-01 4.72352E-01 6.70780E-01 7.99478E-01
 7.40000E-01 3.77204E-01 4.77399E-01 6.84765E-01 8.15168E-01
 7.50000E-01 3.81123E-01 4.82359E-01 6.98848E-01 8.30940E-01
 7.60000E-01 3.84975E-01 4.87234E-01 7.13027E-01 8.46793E-01
 7.70000E-01 3.88759E-01 4.92023E-01 7.27303E-01 8.62725E-01
 7.80000E-01 3.92478E-01 4.96729E-01 7.41674E-01 8.78734E-01
 7.90000E-01 3.96131E-01 5.01353E-01 7.56140E-01 8.94821E-01
 8.00000E-01 3.99720E-01 5.05896E-01 7.70701E-01 9.10984E-01
 8.10000E-01 4.03247E-01 5.10359E-01 7.85354E-01 9.27222E-01
 8.20000E-01 4.06711E-01 5.14743E-01 8.00100E-01 9.43534E-01
 8.30000E-01 4.10113E-01 5.19050E-01 8.14938E-01 9.59919E-01
 8.40000E-01 4.13456E-01 5.23280E-01 8.29867E-01 9.76377E-01
 8.50000E-01 4.16739E-01 5.27436E-01 8.44886E-01 9.92905E-01
 8.60000E-01 4.19964E-01 5.31518E-01 8.59996E-01 1.00950E+00
 8.70000E-01 4.23132E-01 5.35527E-01 8.75194E-01 1.02617E+00
 8.80000E-01 4.26243E-01 5.39464E-01 8.90480E-01 1.04291E+00
 8.90000E-01 4.29299E-01 5.43332E-01 9.05778E-01 1.05971E+00
 9.00000E-01 4.32301E-01 5.47131E-01 9.21026E-01 1.07658E+00
 9.10000E-01 4.35249E-01 5.50862E-01 9.36224E-01 1.09352E+00
 9.20000E-01 4.38144E-01 5.54527E-01 9.51369E-01 1.11052E+00
 9.30000E-01 4.40988E-01 5.58126E-01 9.66460E-01 1.12759E+00
 9.40000E-01 4.43781E-01 5.61661E-01 9.81496E-01 1.14471E+00
 9.50000E-01 4.46525E-01 5.65133E-01 9.96476E-01 1.16190E+00
 9.60000E-01 4.49220E-01 5.68544E-01 1.01140E+00 1.17916E+00
 9.70000E-01 4.51866E-01 5.71893E-01 1.02626E+00 1.19647E+00
 9.80000E-01 4.54466E-01 5.75183E-01 1.04107E+00 1.21384E+00
 9.90000E-01 4.57019E-01 5.78415E-01 1.05582E+00 1.23128E+00
 1.00000E+00 4.59528E-01 5.81589E-01 1.07050E+00 1.24877E+00
 1.01158E+00 4.62376E-01 5.85195E-01 1.08743E+00 1.26909E+00
 1.02329E+00 4.65199E-01 5.88767E-01 1.10447E+00 1.28973E+00
 1.03514E+00 4.67995E-01 5.92306E-01 1.12162E+00 1.31069E+00
 1.04713E+00 4.70764E-01 5.95810E-01 1.13888E+00 1.33196E+00
 1.05925E+00 4.73506E-01 5.99280E-01 1.15624E+00 1.35357E+00
 1.07152E+00 4.76220E-01 6.02716E-01 1.17371E+00 1.37550E+00
 1.08393E+00 4.78906E-01 6.06116E-01 1.19128E+00 1.39777E+00
 1.09648E+00 4.81565E-01 6.09480E-01 1.20895E+00 1.42038E+00
 1.10917E+00 4.84195E-01 6.12809E-01 1.22671E+00 1.44333E+00
 1.12202E+00 4.86797E-01 6.16102E-01 1.24458E+00 1.46663E+00
 1.13501E+00 4.89370E-01 6.19359E-01 1.26253E+00 1.49029E+00
 1.14815E+00 4.91914E-01 6.22579E-01 1.28058E+00 1.51430E+00
 1.16145E+00 4.94430E-01 6.25763E-01 1.29872E+00 1.53868E+00
 1.17490E+00 4.96916E-01 6.28909E-01 1.31694E+00 1.56342E+00
 1.18850E+00 4.99373E-01 6.32019E-01 1.33525E+00 1.58854E+00
 1.20226E+00 5.01801E-01 6.35092E-01 1.35363E+00 1.61403E+00
 1.21619E+00 5.04200E-01 6.38128E-01 1.37210E+00 1.63991E+00
 1.23027E+00 5.06569E-01 6.41126E-01 1.39064E+00 1.66618E+00
 1.24451E+00 5.08908E-01 6.44087E-01 1.40926E+00 1.69284E+00
 1.25893E+00 5.11218E-01 6.47011E-01 1.42795E+00 1.71989E+00
 1.27350E+00 5.13499E-01 6.49897E-01 1.44670E+00 1.74735E+00
 1.28825E+00 5.15750E-01 6.52746E-01 1.46552E+00 1.77522E+00
 1.30317E+00 5.17971E-01 6.55557E-01 1.48441E+00 1.80351E+00
 1.31826E+00 5.20163E-01 6.58331E-01 1.50334E+00 1.83222E+00
 1.33352E+00 5.22325E-01 6.61068E-01 1.52234E+00 1.86135E+00
 1.34896E+00 5.24458E-01 6.63767E-01 1.54138E+00 1.89091E+00
 1.36458E+00 5.26562E-01 6.66429E-01 1.56048E+00 1.92091E+00
 1.38038E+00 5.28636E-01 6.69055E-01 1.57962E+00 1.95136E+00
 1.39637E+00 5.30681E-01 6.71643E-01 1.59880E+00 1.98225E+00
 1.41254E+00 5.32696E-01 6.74194E-01 1.61801E+00 2.01360E+00
 1.42889E+00 5.34683E-01 6.76708E-01 1.63726E+00 2.04541E+00
 1.44544E+00 5.36641E-01 6.79186E-01 1.65654E+00 2.07769E+00
 1.46218E+00 5.38570E-01 6.81628E-01 1.67584E+00 2.11045E+00
 1.47911E+00 5.40471E-01 6.84033E-01 1.69516E+00 2.14368E+00
 1.49624E+00 5.42343E-01 6.86403E-01 1.71450E+00 2.17741E+00
 1.51356E+00 5.44186E-01 6.88736E-01 1.73385E+00 2.21162E+00
 1.53109E+00 5.46002E-01 6.91034E-01 1.75321E+00 2.24634E+00
 1.54882E+00 5.47790E-01 6.93296E-01 1.77257E+00 2.28157E+00
 1.56675E+00 5.49550E-01 6.95524E-01 1.79193E+00 2.31731E+00
 1.58489E+00 5.51282E-01 6.97716E-01 1.81128E+00 2.35357E+00
 1.60325E+00 5.52987E-01 6.99874E-01 1.83062E+00 2.39036E+00
 1.62181E+00 5.54665E-01 7.01997E-01 1.84994E+00 2.42769E+00
 1.64059E+00 5.56315E-01 7.04087E-01 1.86924E+00 2.46555E+00
 1.65959E+00 5.57939E-01 7.06142E-01 1.88851E+00 2.50392E+00
 1.67880E+00 5.59537E-01 7.08164E-01 1.90775E+00 2.54281E+00
 1.69824E+00 5.61108E-01 7.10153E-01 1.92695E+00 2.58224E+00
 1.71791E+00 5.62654E-01 7.12109E-01 1.94610E+00 2.62220E+00
 1.73780E+00 5.64174E-01 7.14032E-01 1.96521E+00 2.66272E+00
 1.75792E+00 5.65668E-01 7.15923E-01 1.98426E+00 2.70379E+00
 1.77828E+00 5.67137E-01 7.17782E-01 2.00324E+00 2.74543E+00
 1.79887E+00 5.68581E-01 7.19610E-01 2.02216E+00 2.78765E+00
 1.81970E+00 5.70000E-01 7.21406E-01 2.04101E+00 2.83045E+00
 1.84077E+00 5.71395E-01 7.23171E-01 2.05977E+00 2.87384E+00
 1.86209E+00 5.72765E-01 7.24906E-01 2.07845E+00 2.91783E+00
 1.88365E+00 5.74112E-01 7.26610E-01 2.09703E+00 2.96244E+00
 1.90546E+00 5.75435E-01 7.28285E-01 2.11552E+00 3.00767E+00
 1.92752E+00 5.76735E-01 7.29930E-01 2.13390E+00 3.05352E+00
 1.94984E+00 5.78011E-01 7.31546E-01 2.15217E+00 3.10002E+00
 1.97242E+00 5.79265E-01 7.33133E-01 2.17032E+00 3.14717E+00
 1.99526E+00 5.80497E-01 7.34691E-01 2.18834E+00 3.19497E+00
 2.01837E+00 5.81706E-01 7.36222E-01 2.20623E+00 3.24345E+00
 2.04174E+00 5.82893E-01 7.37724E-01 2.22399E+00 3.29260E+00
 2.06538E+00 5.84059E-01 7.39200E-01 2.24160E+00 3.34245E+00
 2.08930E+00 5.85203E-01 7.40648E-01 2.25905E+00 3.39299E+00
 2.11349E+00 5.86327E-01 7.42070E-01 2.27635E+00 3.44425E+00
 2.13796E+00 5.87429E-01 7.43465E-01 2.29348E+00 3.49623E+00
 2.16272E+00 5.88511E-01 7.44835E-01 2.31044E+00 3.54893E+00
 2.18776E+00 5.89573E-01 7.46179E-01 2.32721E+00 3.60238E+00
 2.21309E+00 5.90615E-01 7.47497E-01 2.34381E+00 3.65659E+00
 2.23872E+00 5.91638E-01 7.48791E-01 2.36020E+00 3.71156E+00
 2.26464E+00 5.92641E-01 7.50061E-01 2.37640E+00 3.76730E+00
 2.29087E+00 5.93625E-01 7.51307E-01 2.39240E+00 3.82383E+00
 2.31739E+00 5.94590E-01 7.52528E-01 2.40817E+00 3.88116E+00
 2.34423E+00 5.95537E-01 7.53727E-01 2.42373E+00 3.93930E+00
 2.37137E+00 5.96466E-01 7.54902E-01 2.43906E+00 3.99826E+00
 2.39883E+00 5.97377E-01 7.56055E-01 2.45416E+00 4.05806E+00
 2.42661E+00 5.98270E-01 7.57186E-01 2.46902E+00 4.11869E+00
 2.45471E+00 5.99146E-01 7.58294E-01 2.48363E+00 4.18019E+00
 2.48313E+00 6.00005E-01 7.59381E-01 2.49799E+00 4.24255E+00
 2.51189E+00 6.00847E-01 7.60447E-01 2.51210E+00 4.30579E+00
 2.54097E+00 6.01673E-01 7.61492E-01 2.52593E+00 4.36993E+00
 2.57040E+00 6.02482E-01 7.62517E-01 2.53950E+00 4.43497E+00
 2.60016E+00 6.03276E-01 7.63521E-01 2.55279E+00 4.50093E+00
 2.63027E+00 6.04053E-01 7.64505E-01 2.56579E+00 4.56782E+00
 2.66073E+00 6.04816E-01 7.65470E-01 2.57851E+00 4.63566E+00
 2.69153E+00 6.05563E-01 7.66416E-01 2.59093E+00 4.70444E+00
 2.72270E+00 6.06295E-01 7.67342E-01 2.60306E+00 4.77420E+00
 2.75423E+00 6.07013E-01 7.68251E-01 2.61487E+00 4.84494E+00
 2.78612E+00 6.07716E-01 7.69140E-01 2.62638E+00 4.91667E+00
 2.81838E+00 6.08405E-01 7.70013E-01 2.63758E+00 4.98941E+00
 2.85102E+00 6.09080E-01 7.70867E-01 2.64845E+00 5.06317E+00
 2.88403E+00 6.09742E-01 7.71704E-01 2.65900E+00 5.13796E+00
 2.91743E+00 6.10390E-01 7.72525E-01 2.66922E+00 5.21380E+00
 2.95121E+00 6.11025E-01 7.73328E-01 2.67911E+00 5.29070E+00
 2.98538E+00 6.11647E-01 7.74115E-01 2.68866E+00 5.36867E+00
 3.01995E+00 6.12256E-01 7.74886E-01 2.69787E+00 5.44773E+00
 3.05492E+00 6.12853E-01 7.75642E-01 2.70673E+00 5.52790E+00
 3.09030E+00 6.13437E-01 7.76382E-01 2.71524E+00 5.60917E+00
 3.12608E+00 6.14010E-01 7.77106E-01 2.72341E+00 5.69158E+00
 3.16228E+00 6.14571E-01 7.77816E-01 2.73121E+00 5.77513E+00
 3.19890E+00 6.15120E-01 7.78511E-01 2.73866E+00 5.85983E+00
 3.23594E+00 6.15658E-01 7.79192E-01 2.74575E+00 5.94570E+00
 3.27341E+00 6.16184E-01 7.79858E-01 2.75248E+00 6.03276E+00
 3.31131E+00 6.16700E-01 7.80511E-01 2.75884E+00 6.12101E+00
 3.34965E+00 6.17205E-01 7.81150E-01 2.76483E+00 6.21048E+00
 3.38844E+00 6.17700E-01 7.81776E-01 2.77046E+00 6.30117E+00
 3.42768E+00 6.18184E-01 7.82389E-01 2.77571E+00 6.39310E+00
 3.46737E+00 6.18658E-01 7.82989E-01 2.78059E+00 6.48629E+00
 3.50752E+00 6.19122E-01 7.83576E-01 2.78509E+00 6.58074E+00
 3.54813E+00 6.19576E-01 7.84151E-01 2.78923E+00 6.67647E+00
 3.58922E+00 6.20021E-01 7.84714E-01 2.79298E+00 6.77350E+00
 3.63078E+00 6.20457E-01 7.85266E-01 2.79636E+00 6.87184E+00
 3.67282E+00 6.20883E-01 7.85805E-01 2.79937E+00 6.97151E+00
 3.71535E+00 6.21300E-01 7.86333E-01 2.80200E+00 7.07251E+00
 3.75837E+00 6.21709E-01 7.86850E-01 2.80425E+00 7.17486E+00
 3.80189E+00 6.22109E-01 7.87356E-01 2.80613E+00 7.27858E+00
 3.84592E+00 6.22500E-01 7.87852E-01 2.80763E+00 7.38368E+00
 3.89045E+00 6.22883E-01 7.88336E-01 2.80876E+00 7.49018E+00
 3.93550E+00 6.23258E-01 7.88811E-01 2.80952E+00 7.59808E+00
 3.98107E+00 6.23625E-01 7.89275E-01 2.80990E+00 7.70740E+00
 4.02717E+00 6.23984E-01 7.89730E-01 2.80992E+00 7.81816E+00
 4.07380E+00 6.24335E-01 7.90174E-01 2.80956E+00 7.93037E+00
 4.12098E+00 6.24679E-01 7.90610E-01 2.80884E+00 8.04404E+00
 4.16869E+00 6.25016E-01 7.91036E-01 2.80776E+00 8.15918E+00
 4.21697E+00 6.25345E-01 7.91453E-01 2.80631E+00 8.27582E+00
 4.26580E+00 6.25668E-01 7.91860E-01 2.80450E+00 8.39396E+00
 4.31519E+00 6.25983E-01 7.92260E-01 2.80234E+00 8.51361E+00
 4.36516E+00 6.26291E-01 7.92650E-01 2.79982E+00 8.63479E+00
 4.41570E+00 6.26593E-01 7.93032E-01 2.79694E+00 8.75752E+00
 4.46684E+00 6.26889E-01 7.93406E-01 2.79373E+00 8.88180E+00
 4.51856E+00 6.27178E-01 7.93772E-01 2.79016E+00 9.00764E+00
 4.57088E+00 6.27461E-01 7.94130E-01 2.78625E+00 9.13507E+00
 4.62381E+00 6.27738E-01 7.94480E-01 2.78201E+00 9.26409E+00
 4.67735E+00 6.28008E-01 7.94823E-01 2.77743E+00 9.39471E+00
 4.73151E+00 6.28273E-01 7.95158E-01 2.77253E+00 9.52695E+00
 4.78630E+00 6.28532E-01 7.95486E-01 2.76729E+00 9.66082E+00
 4.84172E+00 6.28786E-01 7.95807E-01 2.76174E+00 9.79633E+00
 4.89779E+00 6.29034E-01 7.96121E-01 2.75586E+00 9.93349E+00
 4.95450E+00 6.29277E-01 7.96428E-01 2.74968E+00 1.00723E+01
 5.01187E+00 6.29514E-01 7.96729E-01 2.74318E+00 1.02128E+01
 5.06991E+00 6.29746E-01 7.97023E-01 2.73639E+00 1.03550E+01
 5.12861E+00 6.29974E-01 7.97310E-01 2.72929E+00 1.04989E+01
 5.18800E+00 6.30196E-01 7.97591E-01 2.72190E+00 1.06444E+01
 5.24807E+00 6.30413E-01 7.97867E-01 2.71422E+00 1.07917E+01
 5.30884E+00 6.30626E-01 7.98136E-01 2.70626E+00 1.09407E+01
 5.37032E+00 6.30834E-01 7.98399E-01 2.69801E+00 1.10915E+01
 5.43250E+00 6.31037E-01 7.98657E-01 2.68950E+00 1.12440E+01
 5.49541E+00 6.31236E-01 7.98908E-01 2.68072E+00 1.13982E+01
 5.55904E+00 6.31431E-01 7.99155E-01 2.67167E+00 1.15542E+01
 5.62341E+00 6.31621E-01 7.99396E-01 2.66237E+00 1.17120E+01
 5.68853E+00 6.31808E-01 7.99632E-01 2.65281E+00 1.18715E+01
 5.75440E+00 6.31990E-01 7.99862E-01 2.64301E+00 1.20328E+01
 5.82103E+00 6.32168E-01 8.00088E-01 2.63297E+00 1.21959E+01
 5.88844E+00 6.32342E-01 8.00308E-01 2.62269E+00 1.23608E+01
 5.95662E+00 6.32513E-01 8.00524E-01 2.61218E+00 1.25275E+01
 6.02560E+00 6.32679E-01 8.00735E-01 2.60145E+00 1.26960E+01
 6.09537E+00 6.32842E-01 8.00941E-01 2.59051E+00 1.28663E+01
 6.16595E+00 6.33002E-01 8.01143E-01 2.57934E+00 1.30384E+01
 6.23735E+00 6.33158E-01 8.01340E-01 2.56798E+00 1.32123E+01
 6.30957E+00 6.33310E-01 8.01533E-01 2.55641E+00 1.33881E+01
 6.38263E+00 6.33459E-01 8.01722E-01 2.54465E+00 1.35657E+01
 6.45654E+00 6.33605E-01 8.01907E-01 2.53269E+00 1.37451E+01
 6.53131E+00 6.33748E-01 8.02087E-01 2.52056E+00 1.39263E+01
 6.60693E+00 6.33887E-01 8.02264E-01 2.50824E+00 1.41094E+01
 6.68344E+00 6.34024E-01 8.02436E-01 2.49576E+00 1.42942E+01
 6.76083E+00 6.34157E-01 8.02605E-01 2.48311E+00 1.44809E+01
 6.83912E+00 6.34288E-01 8.02770E-01 2.47029E+00 1.46695E+01
 6.91831E+00 6.34415E-01 8.02932E-01 2.45732E+00 1.48598E+01
 6.99842E+00 6.34540E-01 8.03090E-01 2.44420E+00 1.50520E+01
 7.07946E+00 6.34662E-01 8.03244E-01 2.43094E+00 1.52460E+01
 7.16143E+00 6.34781E-01 8.03395E-01 2.41754E+00 1.54418E+01
 7.24436E+00 6.34898E-01 8.03543E-01 2.40401E+00 1.56395E+01
 7.32825E+00 6.35012E-01 8.03687E-01 2.39034E+00 1.58389E+01
 7.41310E+00 6.35124E-01 8.03829E-01 2.37656E+00 1.60401E+01
 7.49894E+00 6.35233E-01 8.03967E-01 2.36266E+00 1.62431E+01
 7.58578E+00 6.35340E-01 8.04102E-01 2.34864E+00 1.64479E+01
 7.67361E+00 6.35444E-01 8.04234E-01 2.33452E+00 1.66545E+01
 7.76247E+00 6.35546E-01 8.04363E-01 2.32030E+00 1.68629E+01
 7.85236E+00 6.35646E-01 8.04489E-01 2.30599E+00 1.70730E+01
 7.94328E+00 6.35743E-01 8.04612E-01 2.29158E+00 1.72848E+01
 8.03526E+00 6.35839E-01 8.04733E-01 2.27708E+00 1.74984E+01
 8.12831E+00 6.35932E-01 8.04851E-01 2.26251E+00 1.77137E+01
 8.22243E+00 6.36023E-01 8.04967E-01 2.24786E+00 1.79306E+01
 8.31764E+00 6.36112E-01 8.05079E-01 2.23313E+00 1.81493E+01
 8.41395E+00 6.36199E-01 8.05190E-01 2.21834E+00 1.83697E+01
 8.51138E+00 6.36285E-01 8.05298E-01 2.20349E+00 1.85916E+01
 8.60994E+00 6.36368E-01 8.05403E-01 2.18858E+00 1.88153E+01
 8.70964E+00 6.36449E-01 8.05506E-01 2.17362E+00 1.90405E+01
 8.81049E+00 6.36529E-01 8.05607E-01 2.15860E+00 1.92673E+01
 8.91251E+00 6.36607E-01 8.05706E-01 2.14355E+00 1.94957E+01
 9.01571E+00 6.36683E-01 8.05802E-01 2.12845E+00 1.97256E+01
 9.12011E+00 6.36758E-01 8.05896E-01 2.11332E+00 1.99571E+01
 9.22571E+00 6.36830E-01 8.05988E-01 2.09816E+00 2.01900E+01
 9.33254E+00 6.36901E-01 8.06078E-01 2.08296E+00 2.04245E+01
 9.44061E+00 6.36971E-01 8.06167E-01 2.06775E+00 2.06603E+01
 9.54993E+00 6.37039E-01 8.06253E-01 2.05251E+00 2.08975E+01
 9.66051E+00 6.37106E-01 8.06337E-01 2.03726E+00 2.11362E+01
 9.77237E+00 6.37171E-01 8.06419E-01 2.02200E+00 2.13761E+01
 9.88553E+00 6.37234E-01 8.06500E-01 2.00672E+00 2.16174E+01
 1.00000E+01 6.37296E-01 8.06578E-01 1.99145E+00 2.18599E+01
 1.01158E+01 6.37357E-01 8.06655E-01 1.97617E+00 2.21036E+01
 1.02329E+01 6.37417E-01 8.06730E-01 1.96089E+00 2.23486E+01
 1.03514E+01 6.37475E-01 8.06804E-01 1.94562E+00 2.25947E+01
 1.04713E+01 6.37532E-01 8.06876E-01 1.93035E+00 2.28419E+01
 1.05925E+01 6.37587E-01 8.06946E-01 1.91510E+00 2.30902E+01
 1.07152E+01 6.37641E-01 8.07015E-01 1.89986E+00 2.33394E+01
 1.08393E+01 6.37694E-01 8.07082E-01 1.88464E+00 2.35897E+01
 1.09648E+01 6.37746E-01 8.07148E-01 1.86944E+00 2.38409E+01
 1.10917E+01 6.37797E-01 8.07212E-01 1.85427E+00 2.40929E+01
 1.12202E+01 6.37847E-01 8.07275E-01 1.83911E+00 2.43458E+01
 1.13501E+01 6.37895E-01 8.07336E-01 1.82399E+00 2.45994E+01
 1.14815E+01 6.37943E-01 8.07396E-01 1.80890E+00 2.48538E+01
 1.16145E+01 6.37989E-01 8.07455E-01 1.79385E+00 2.51088E+01
 1.17490E+01 6.38034E-01 8.07512E-01 1.77883E+00 2.53643E+01
 1.18850E+01 6.38078E-01 8.07568E-01 1.76385E+00 2.56205E+01
 1.20226E+01 6.38122E-01 8.07623E-01 1.74891E+00 2.58771E+01
 1.21619E+01 6.38164E-01 8.07676E-01 1.73401E+00 2.61341E+01
 1.23027E+01 6.38205E-01 8.07729E-01 1.71916E+00 2.63914E+01
 1.24451E+01 6.38246E-01 8.07780E-01 1.70436E+00 2.66491E+01
 1.25893E+01 6.38285E-01 8.07830E-01 1.68961E+00 2.69069E+01
 1.27350E+01 6.38324E-01 8.07879E-01 1.67491E+00 2.71649E+01
 1.28825E+01 6.38362E-01 8.07927E-01 1.66026E+00 2.74229E+01
 1.30317E+01 6.38399E-01 8.07973E-01 1.64567E+00 2.76809E+01
 1.31826E+01 6.38435E-01 8.08019E-01 1.63114E+00 2.79389E+01
 1.33352E+01 6.38470E-01 8.08064E-01 1.61667E+00 2.81966E+01
 1.34896E+01 6.38505E-01 8.08108E-01 1.60225E+00 2.84542E+01
 1.36458E+01 6.38538E-01 8.08150E-01 1.58790E+00 2.87114E+01
 1.38038E+01 6.38571E-01 8.08192E-01 1.57362E+00 2.89682E+01
 1.39637E+01 6.38604E-01 8.08233E-01 1.55940E+00 2.92245E+01
 1.41254E+01 6.38635E-01 8.08273E-01 1.54524E+00 2.94802E+01
 1.42889E+01 6.38666E-01 8.08312E-01 1.53116E+00 2.97353E+01
 1.44544E+01 6.38696E-01 8.08350E-01 1.51714E+00 2.99897E+01
 1.46218E+01 6.38725E-01 8.08387E-01 1.50320E+00 3.02432E+01
 1.47911E+01 6.38754E-01 8.08423E-01 1.48933E+00 3.04957E+01
 1.49624E+01 6.38782E-01 8.08459E-01 1.47553E+00 3.07473E+01
 1.51356E+01 6.38810E-01 8.08494E-01 1.46181E+00 3.09977E+01
 1.53109E+01 6.38837E-01 8.08528E-01 1.44816E+00 3.12469E+01
 1.54882E+01 6.38863E-01 8.08561E-01 1.43459E+00 3.14949E+01
 1.56675E+01 6.38889E-01 8.08594E-01 1.42110E+00 3.17414E+01
 1.58489E+01 6.38914E-01 8.08625E-01 1.40768E+00 3.19864E+01
 1.60325E+01 6.38938E-01 8.08656E-01 1.39435E+00 3.22298E+01
 1.62181E+01 6.38962E-01 8.08687E-01 1.38109E+00 3.24716E+01
 1.64059E+01 6.38986E-01 8.08716E-01 1.36792E+00 3.27115E+01
 1.65959E+01 6.39009E-01 8.08745E-01 1.35482E+00 3.29495E+01
 1.67880E+01 6.39031E-01 8.08774E-01 1.34181E+00 3.31856E+01
 1.69824E+01 6.39053E-01 8.08801E-01 1.32889E+00 3.34195E+01
 1.71791E+01 6.39074E-01 8.08829E-01 1.31604E+00 3.36512E+01
 1.73780E+01 6.39095E-01 8.08855E-01 1.30329E+00 3.38806E+01
 1.75792E+01 6.39116E-01 8.08881E-01 1.29061E+00 3.41076E+01
 1.77828E+01 6.39136E-01 8.08906E-01 1.27802E+00 3.43321E+01
 1.79887E+01 6.39155E-01 8.08931E-01 1.26552E+00 3.45539E+01
 1.81970E+01 6.39174E-01 8.08955E-01 1.25310E+00 3.47730E+01
 1.84077E+01 6.39193E-01 8.08979E-01 1.24077E+00 3.49893E+01
 1.86209E+01 6.39211E-01 8.09002E-01 1.22853E+00 3.52027E+01
 1.88365E+01 6.39229E-01 8.09024E-01 1.21637E+00 3.54130E+01
 1.90546E+01 6.39247E-01 8.09046E-01 1.20431E+00 3.56201E+01
 1.92752E+01 6.39264E-01 8.09068E-01 1.19232E+00 3.58241E+01
 1.94984E+01 6.39280E-01 8.09089E-01 1.18043E+00 3.60246E+01
 1.97242E+01 6.39297E-01 8.09110E-01 1.16863E+00 3.62218E+01
 1.99526E+01 6.39312E-01 8.09130E-01 1.15691E+00 3.64153E+01
 2.01837E+01 6.39328E-01 8.09150E-01 1.14529E+00 3.66053E+01
 2.04174E+01 6.39343E-01 8.09169E-01 1.13375E+00 3.67914E+01
 2.06538E+01 6.39358E-01 8.09188E-01 1.12230E+00 3.69737E+01
 2.08930E+01 6.39373E-01 8.09206E-01 1.11094E+00 3.71521E+01
 2.11349E+01 6.39387E-01 8.09224E-01 1.09966E+00 3.73265E+01
 2.13796E+01 6.39401E-01 8.09242E-01 1.08848E+00 3.74967E+01
 2.16272E+01 6.39414E-01 8.09259E-01 1.07739E+00 3.76627E+01
 2.18776E+01 6.39428E-01 8.09275E-01 1.06638E+00 3.78244E+01
 2.21309E+01 6.39441E-01 8.09292E-01 1.05547E+00 3.79816E+01
 2.23872E+01 6.39453E-01 8.09308E-01 1.04464E+00 3.81344E+01
 2.26464E+01 6.39466E-01 8.09324E-01 1.03390E+00 3.82827E+01
 2.29087E+01 6.39478E-01 8.09339E-01 1.02325E+00 3.84263E+01
 2.31739E+01 6.39489E-01 8.09354E-01 1.01269E+00 3.85651E+01
 2.34423E+01 6.39501E-01 8.09369E-01 1.00221E+00 3.86992E+01
 2.37137E+01 6.39512E-01 8.09383E-01 9.91828E-01 3.88283E+01
 2.39883E+01 6.39523E-01 8.09397E-01 9.81530E-01 3.89526E+01
 2.42661E+01 6.39534E-01 8.09410E-01 9.79387E-01 3.90718E+01
 2.45471E+01 6.39545E-01 8.09424E-01 9.79403E-01 3.91859E+01
 2.48313E+01 6.39555E-01 8.09437E-01 9.79419E-01 3.92949E+01
 2.51189E+01 6.39565E-01 8.09450E-01 9.79434E-01 3.93986E+01
 2.54097E+01 6.39575E-01 8.09462E-01 9.79449E-01 3.94971E+01
 2.57040E+01 6.39585E-01 8.09474E-01 9.79464E-01 3.95903E+01
 2.60016E+01 6.39594E-01 8.09486E-01 9.79478E-01 3.96782E+01
 2.63027E+01 6.39603E-01 8.09498E-01 9.79492E-01 3.97606E+01
 2.66073E+01 6.39612E-01 8.09509E-01 9.79506E-01 3.98376E+01
 2.69153E+01 6.39621E-01 8.09520E-01 9.79520E-01 3.99090E+01
 2.72270E+01 6.39630E-01 8.09531E-01 9.79533E-01 3.99750E+01
 2.75423E+01 6.39638E-01 8.09542E-01 9.79546E-01 4.00354E+01
 2.78612E+01 6.39646E-01 8.09552E-01 9.79558E-01 4.00902E+01
 2.81838E+01 6.39654E-01 8.09562E-01 9.79570E-01 4.01394E+01
 2.85102E+01 6.39662E-01 8.09572E-01 9.79582E-01 4.01829E+01
 2.88403E+01 6.39670E-01 8.09582E-01 9.79594E-01 4.02208E+01
 2.91743E+01 6.39677E-01 8.09591E-01 9.79606E-01 4.02531E+01
 2.95121E+01 6.39685E-01 8.09601E-01 9.79617E-01 4.02796E+01
 2.98538E+01 6.39692E-01 8.09610E-01 9.79628E-01 4.03005E+01
 3.01995E+01 6.39699E-01 8.09619E-01 9.79639E-01 4.03157E+01
 3.05492E+01 6.39705E-01 8.09627E-01 9.79649E-01 4.03252E+01
 3.09030E+01 6.39712E-01 8.09636E-01 9.79659E-01 4.03291E+01
 3.12608E+01 6.39719E-01 8.09644E-01 9.79669E-01 4.03273E+01
 3.16228E+01 6.39725E-01 8.09652E-01 9.79679E-01 4.03198E+01
 3.19890E+01 6.39731E-01 8.09660E-01 9.79689E-01 4.03067E+01
 3.23594E+01 6.39737E-01 8.09668E-01 9.79698E-01 4.02880E+01
 3.27341E+01 6.39743E-01 8.09675E-01 9.79707E-01 4.02636E+01
 3.31131E+01 6.39749E-01 8.09683E-01 9.79716E-01 4.02338E+01
 3.34965E+01 6.39755E-01 8.09690E-01 9.79725E-01 4.01983E+01
 3.38844E+01 6.39760E-01 8.09697E-01 9.79733E-01 4.01574E+01
 3.42768E+01 6.39766E-01 8.09704E-01 9.79741E-01 4.01111E+01
 3.46737E+01 6.39771E-01 8.09710E-01 9.79750E-01 4.00593E+01
 3.50752E+01 6.39776E-01 8.09717E-01 9.79758E-01 4.00021E+01
 3.54813E+01 6.39781E-01 8.09723E-01 9.79765E-01 3.99396E+01
 3.58922E+01 6.39786E-01 8.09730E-01 9.79773E-01 3.98719E+01
 3.63078E+01 6.39791E-01 8.09736E-01 9.79780E-01 3.97989E+01
 3.67282E+01 6.39796E-01 8.09742E-01 9.79788E-01 3.97208E+01
 3.71535E+01 6.39801E-01 8.09748E-01 9.79795E-01 3.96375E+01
 3.75837E+01 6.39805E-01 8.09753E-01 9.79802E-01 3.95492E+01
 3.80189E+01 6.39810E-01 8.09759E-01 9.79808E-01 3.94560E+01
 3.84592E+01 6.39814E-01 8.09764E-01 9.79815E-01 3.93578E+01
 3.89045E+01 6.39818E-01 8.09770E-01 9.79821E-01 3.92549E+01
 3.93550E+01 6.39822E-01 8.09775E-01 9.79828E-01 3.91471E+01
 3.98107E+01 6.39826E-01 8.09780E-01 9.79834E-01 3.90347E+01
 4.02717E+01 6.39830E-01 8.09785E-01 9.79840E-01 3.89176E+01
 4.07380E+01 6.39834E-01 8.09790E-01 9.79846E-01 3.87961E+01
 4.12098E+01 6.39838E-01 8.09795E-01 9.79852E-01 3.86701E+01
 4.16869E+01 6.39842E-01 8.09799E-01 9.79857E-01 3.85397E+01
 4.21697E+01 6.39845E-01 8.09804E-01 9.79863E-01 3.84051E+01
 4.26580E+01 6.39849E-01 8.09808E-01 9.79868E-01 3.82662E+01
 4.31519E+01 6.39852E-01 8.09813E-01 9.79873E-01 3.81233E+01
 4.36516E+01 6.39855E-01 8.09817E-01 9.79879E-01 3.79763E+01
 4.41570E+01 6.39859E-01 8.09821E-01 9.79884E-01 3.78255E+01
 4.46684E+01 6.39862E-01 8.09825E-01 9.79889E-01 3.76708E+01
 4.51856E+01 6.39865E-01 8.09829E-01 9.79893E-01 3.75123E+01
 4.57088E+01 6.39868E-01 8.09833E-01 9.79898E-01 3.73503E+01
 4.62381E+01 6.39871E-01 8.09837E-01 9.79903E-01 3.71846E+01
 4.67735E+01 6.39874E-01 8.09841E-01 9.79907E-01 3.70156E+01
 4.73151E+01 6.39877E-01 8.09844E-01 9.79911E-01 3.68432E+01
 4.78630E+01 6.39880E-01 8.09848E-01 9.79916E-01 3.66675E+01
 4.84172E+01 6.39882E-01 8.09851E-01 9.79920E-01 3.64886E+01
 4.89779E+01 6.39885E-01 8.09855E-01 9.79924E-01 3.63067E+01
 4.95450E+01 6.39888E-01 8.09858E-01 9.79928E-01 3.61219E+01
 5.01187E+01 6.39890E-01 8.09861E-01 9.79932E-01 3.59341E+01
 5.06991E+01 6.39893E-01 8.09864E-01 9.79936E-01 3.57436E+01
 5.12861E+01 6.39895E-01 8.09867E-01 9.79939E-01 3.55504E+01
 5.18800E+01 6.39898E-01 8.09870E-01 9.79943E-01 3.53547E+01
 5.24807E+01 6.39900E-01 8.09873E-01 9.79947E-01 3.51564E+01
 5.30884E+01 6.39902E-01 8.09876E-01 9.79950E-01 3.49558E+01
 5.37032E+01 6.39904E-01 8.09879E-01 9.79954E-01 3.47529E+01
 5.43250E+01 6.39907E-01 8.09882E-01 9.79957E-01 3.45478E+01
 5.49541E+01 6.39909E-01 8.09884E-01 9.79960E-01 3.43406E+01
 5.55904E+01 6.39911E-01 8.09887E-01 9.79963E-01 3.41314E+01
 5.62341E+01 6.39913E-01 8.09890E-01 9.79966E-01 3.39203E+01
 5.68853E+01 6.39915E-01 8.09892E-01 9.79969E-01 3.37074E+01
 5.75440E+01 6.39917E-01 8.09895E-01 9.79972E-01 3.34927E+01
 5.82103E+01 6.39919E-01 8.09897E-01 9.79975E-01 3.32765E+01
 5.88844E+01 6.39920E-01 8.09899E-01 9.79978E-01 3.30586E+01
 5.95662E+01 6.39922E-01 8.09902E-01 9.79981E-01 3.28394E+01
 6.02560E+01 6.39924E-01 8.09904E-01 9.79984E-01 3.26187E+01
 6.09537E+01 6.39926E-01 8.09906E-01 9.79986E-01 3.23968E+01
 6.16595E+01 6.39927E-01 8.09908E-01 9.79989E-01 3.21737E+01
 6.23735E+01 6.39929E-01 8.09910E-01 9.79991E-01 3.19494E+01
 6.30957E+01 6.39931E-01 8.09912E-01 9.79994E-01 3.17242E+01
 6.38263E+01 6.39932E-01 8.09914E-01 9.79996E-01 3.14980E+01
 6.45654E+01 6.39934E-01 8.09916E-01 9.79999E-01 3.12709E+01
 6.53131E+01 6.39935E-01 8.09918E-01 9.80001E-01 3.10431E+01
 6.60693E+01 6.39937E-01 8.09920E-01 9.80003E-01 3.08145E+01
 6.68344E+01 6.39938E-01 8.09922E-01 9.80005E-01 3.05853E+01
 6.76083E+01 6.39940E-01 8.09924E-01 9.80008E-01 3.03555E+01
 6.83912E+01 6.39941E-01 8.09925E-01 9.80010E-01 3.01253E+01
 6.91831E+01 6.39942E-01 8.09927E-01 9.80012E-01 2.98946E+01
 6.99842E+01 6.39944E-01 8.09929E-01 9.80014E-01 2.96636E+01
 7.07946E+01 6.39945E-01 8.09930E-01 9.80016E-01 2.94324E+01
 7.16143E+01 6.39946E-01 8.09932E-01 9.80018E-01 2.92009E+01
 7.24436E+01 6.39947E-01 8.09933E-01 9.80019E-01 2.89692E+01
 7.32825E+01 6.39949E-01 8.09935E-01 9.80021E-01 2.87375E+01
 7.41310E+01 6.39950E-01 8.09936E-01 9.80023E-01 2.85058E+01
 7.49894E+01 6.39951E-01 8.09938E-01 9.80025E-01 2.82741E+01
 7.58578E+01 6.39952E-01 8.09939E-01 9.80027E-01 2.80425E+01
 7.67361E+01 6.39953E-01 8.09941E-01 9.80028E-01 2.78111E+01
 7.76247E+01 6.39954E-01 8.09942E-01 9.80030E-01 2.75799E+01
 7.85236E+01 6.39955E-01 8.09943E-01 9.80031E-01 2.73489E+01
 7.94328E+01 6.39956E-01 8.09945E-01 9.80033E-01 2.71183E+01
 8.03526E+01 6.39957E-01 8.09946E-01 9.80034E-01 2.68881E+01
 8.12831E+01 6.39958E-01 8.09947E-01 9.80036E-01 2.66583E+01
 8.22243E+01 6.39959E-01 8.09948E-01 9.80037E-01 2.64289E+01
 8.31764E+01 6.39960E-01 8.09949E-01 9.80039E-01 2.62001E+01
 8.41395E+01 6.39961E-01 8.09951E-01 9.80040E-01 2.59719E+01
 8.51138E+01 6.39962E-01 8.09952E-01 9.80042E-01 2.57443E+01
 8.60994E+01 6.39963E-01 8.09953E-01 9.80043E-01 2.55173E+01
 8.70964E+01 6.39964E-01 8.09954E-01 9.80044E-01 2.52910E+01
 8.81049E+01 6.39964E-01 8.09955E-01 9.80046E-01 2.50654E+01
 8.91251E+01 6.39965E-01 8.09956E-01 9.80047E-01 2.48407E+01
 9.01571E+01 6.39966E-01 8.09957E-01 9.80048E-01 2.46167E+01
 9.12011E+01 6.39967E-01 8.09958E-01 9.80049E-01 2.43936E+01
 9.22571E+01 6.39968E-01 8.09959E-01 9.80050E-01 2.41714E+01
 9.33254E+01 6.39968E-01 8.09960E-01 9.80051E-01 2.39501E+01
 9.44061E+01 6.39969E-01 8.09961E-01 9.80053E-01 2.37297E+01
 9.54993E+01 6.39970E-01 8.09962E-01 9.80054E-01 2.35103E+01
 9.66051E+01 6.39970E-01 8.09963E-01 9.80055E-01 2.32920E+01
 9.77237E+01 6.39971E-01 8.09963E-01 9.80056E-01 2.30746E+01
 9.88553E+01 6.39972E-01 8.09964E-01 9.80057E-01 2.28583E+01
 1.00000E+02 6.39972E-01 8.09965E-01 9.80058E-01 2.26432E+01
