 1.00000E-02 1.88955E-02 3.55778E-02 6.38394E-02 6.85378E-02
 2.00000E-02 1.89557E-02 3.56638E-02 6.41031E-02 6.86975E-02
 3.00000E-02 1.90643E-02 3.58070E-02 6.42572E-02 6.88865E-02
 4.00000E-02 1.92082E-02 3.60074E-02 6.44914E-02 6.91031E-02
 5.00000E-02 1.93891E-02 3.62667E-02 6.47863E-02 6.93941E-02
 6.00000E-02 1.96100E-02 3.65837E-02 6.51380E-02 6.97473E-02
 7.00000E-02 1.98721E-02 3.69558E-02 6.55654E-02 7.01604E-02
 8.00000E-02 2.01720E-02 3.73834E-02 6.60526E-02 7.06422E-02
 9.00000E-02 2.05127E-02 3.78664E-02 6.66029E-02 7.11851E-02
 1.00000E-01 2.08911E-02 3.84044E-02 6.72192E-02 7.17930E-02
 1.10000E-01 2.13086E-02 3.89987E-02 6.79012E-02 7.24664E-02
 1.20000E-01 2.17643E-02 3.96473E-02 6.86470E-02 7.32027E-02
 1.30000E-01 2.22576E-02 4.03491E-02 6.94568E-02 7.40031E-02
 1.40000E-01 2.27882E-02 4.11046E-02 7.03305E-02 7.48683E-02
 1.50000E-01 2.33555E-02 4.19130E-02 7.12677E-02 7.57980E-02
 1.60000E-01 2.39591E-02 4.27726E-02 7.22682E-02 7.67911E-02
 1.70000E-01 2.45983E-02 4.36843E-02 7.33313E-02 7.78475E-02
 1.80000E-01 2.52728E-02 4.46457E-02 7.44564E-02 7.89669E-02
 1.90000E-01 2.59816E-02 4.56571E-02 7.56434E-02 8.01493E-02
 2.00000E-01 2.67243E-02 4.67170E-02 7.68914E-02 8.13933E-02
 2.10000E-01 2.75002E-02 4.78244E-02 7.81991E-02 8.26982E-02
 2.20000E-01 2.83085E-02 4.89785E-02 7.95655E-02 8.40630E-02
 2.30000E-01 2.91484E-02 5.01783E-02 8.09899E-02 8.54876E-02
 2.40000E-01 3.00193E-02 5.14229E-02 8.24718E-02 8.69706E-02
 2.50000E-01 3.09205E-02 5.27112E-02 8.40091E-02 8.85103E-02
 2.60000E-01 3.18510E-02 5.40420E-02 8.56007E-02 9.01062E-02
 2.70000E-01 3.28102E-02 5.54140E-02 8.72455E-02 9.17570E-02
 2.80000E-01 3.37970E-02 5.68261E-02 8.89425E-02 9.34606E-02
 2.90000E-01 3.48109E-02 5.82774E-02 9.06896E-02 9.52162E-02
 3.00000E-01 3.58509E-02 5.97663E-02 9.24854E-02 9.70222E-02
 3.10000E-01 3.69163E-02 6.12921E-02 9.43285E-02 9.88767E-02
 3.20000E-01 3.80061E-02 6.28532E-02 9.62173E-02 1.00778E-01
 3.30000E-01 3.91194E-02 6.44485E-02 9.81502E-02 1.02725E-01
 3.40000E-01 4.02555E-02 6.60767E-02 1.00125E-01 1.04716E-01
 3.50000E-01 4.14134E-02 6.77368E-02 1.02141E-01 1.06748E-01
 3.60000E-01 4.25924E-02 6.94273E-02 1.04196E-01 1.08821E-01
 3.70000E-01 4.37915E-02 7.11471E-02 1.06289E-01 1.10931E-01
 3.80000E-01 4.50100E-02 7.28950E-02 1.08416E-01 1.13078E-01
 3.90000E-01 4.62468E-02 7.46698E-02 1.10578E-01 1.15260E-01
 4.00000E-01 4.75015E-02 7.64703E-02 1.12772E-01 1.17475E-01
 4.10000E-01 4.87729E-02 7.82951E-02 1.14996E-01 1.19721E-01
 4.20000E-01 5.00602E-02 8.01434E-02 1.17248E-01 1.21996E-01
 4.30000E-01 5.13628E-02 8.20139E-02 1.19528E-01 1.24298E-01
 4.40000E-01 5.26797E-02 8.39053E-02 1.21833E-01 1.26626E-01
 4.50000E-01 5.40102E-02 8.58165E-02 1.24162E-01 1.28979E-01
 4.60000E-01 5.53536E-02 8.77468E-02 1.26513E-01 1.31353E-01
 4.70000E-01 5.67090E-02 8.96947E-02 1.28885E-01 1.33748E-01
 4.80000E-01 5.80757E-02 9.16591E-02 1.31275E-01 1.36163E-01
 4.90000E-01 5.94530E-02 9.36393E-02 1.33684E-01 1.38594E-01
 5.00000E-01 6.08402E-02 9.56341E-02 1.36108E-01 1.41042E-01
 5.10000E-01 6.22366E-02 9.76424E-02 1.38547E-01 1.43504E-01
 5.20000E-01 6.36414E-02 9.96636E-02 1.40999E-01 1.45980E-01
 5.30000E-01 6.50541E-02 1.01696E-01 1.43464E-01 1.48466E-01
 5.40000E-01 6.64740E-02 1.03740E-01 1.45939E-01 1.50964E-01
 5.50000E-01 6.79004E-02 1.05794E-01 1.48424E-01 1.53470E-01
 5.60000E-01 6.93327E-02 1.07856E-01 1.50917E-01 1.55983E-01
 5.70000E-01 7.07704E-02 1.09928E-01 1.53417E-01 1.58504E-01
 5.80000E-01 7.22129E-02 1.12006E-01 1.55923E-01 1.61029E-01
 5.90000E-01 7.36595E-02 1.14091E-01 1.58434E-01 1.63558E-01
 6.00000E-01 7.51098E-02 1.16182E-01 1.60949E-01 1.66091E-01
 6.10000E-01 7.65632E-02 1.18279E-01 1.63466E-01 1.68626E-01
 6.20000E-01 7.80191E-02 1.20379E-01 1.65986E-01 1.71161E-01
 6.30000E-01 7.94772E-02 1.22484E-01 1.68507E-01 1.73697E-01
 6.40000E-01 8.09368E-02 1.24592E-01 1.71028E-01 1.76232E-01
 6.50000E-01 8.23978E-02 1.26702E-01 1.73549E-01 1.78765E-01
 6.60000E-01 8.38593E-02 1.28814E-01 1.76068E-01 1.81296E-01
 6.70000E-01 8.53211E-02 1.30928E-01 1.78584E-01 1.83823E-01
 6.80000E-01 8.67828E-02 1.33042E-01 1.81098E-01 1.86347E-01
 6.90000E-01 8.82440E-02 1.35157E-01 1.83609E-01 1.88865E-01
 7.00000E-01 8.97042E-02 1.37271E-01 1.86115E-01 1.91378E-01
 7.10000E-01 9.11631E-02 1.39384E-01 1.88617E-01 1.93885E-01
 7.20000E-01 9.26203E-02 1.41497E-01 1.91113E-01 1.96386E-01
 7.30000E-01 9.40756E-02 1.43607E-01 1.93603E-01 1.98879E-01
 7.40000E-01 9.55285E-02 1.45715E-01 1.96087E-01 2.01364E-01
 7.50000E-01 9.69787E-02 1.47821E-01 1.98564E-01 2.03842E-01
 7.60000E-01 9.84259E-02 1.49924E-01 2.01033E-01 2.06310E-01
 7.70000E-01 9.98700E-02 1.52023E-01 2.03495E-01 2.08769E-01
 7.80000E-01 1.01311E-01 1.54119E-01 2.05948E-01 2.11219E-01
 7.90000E-01 1.02747E-01 1.56210E-01 2.08393E-01 2.13658E-01
 8.00000E-01 1.04180E-01 1.58297E-01 2.10829E-01 2.16088E-01
 8.10000E-01 1.05608E-01 1.60380E-01 2.13256E-01 2.18507E-01
 8.20000E-01 1.07032E-01 1.62457E-01 2.15673E-01 2.20914E-01
 8.30000E-01 1.08451E-01 1.64528E-01 2.18080E-01 2.23311E-01
 8.40000E-01 1.09865E-01 1.66595E-01 2.20478E-01 2.25696E-01
 8.50000E-01 1.11274E-01 1.68655E-01 2.22864E-01 2.28069E-01
 8.60000E-01 1.12678E-01 1.70709E-01 2.25241E-01 2.30430E-01
 8.70000E-01 1.14076E-01 1.72757E-01 2.27606E-01 2.32778E-01
 8.80000E-01 1.15468E-01 1.74798E-01 2.29960E-01 2.35115E-01
 8.90000E-01 1.16855E-01 1.76832E-01 2.32304E-01 2.37439E-01
 9.00000E-01 1.18235E-01 1.78859E-01 2.34636E-01 2.39750E-01
 9.10000E-01 1.19610E-01 1.80879E-01 2.36956E-01 2.42048E-01
 9.20000E-01 1.20978E-01 1.82892E-01 2.39265E-01 2.44333E-01
 9.30000E-01 1.22339E-01 1.84896E-01 2.41562E-01 2.46605E-01
 9.40000E-01 1.23694E-01 1.86893E-01 2.43848E-01 2.48864E-01
 9.50000E-01 1.25043E-01 1.88883E-01 2.46121E-01 2.51110E-01
 9.60000E-01 1.26384E-01 1.90864E-01 2.48383E-01 2.53342E-01
 9.70000E-01 1.27719E-01 1.92836E-01 2.50633E-01 2.55561E-01
 9.80000E-01 1.29046E-01 1.94801E-01 2.52870E-01 2.58703E-01
 9.90000E-01 1.30367E-01 1.96757E-01 2.55095E-01 2.62950E-01
 1.00000E+00 1.31680E-01 1.98704E-01 2.57308E-01 2.67179E-01
 1.01158E+00 1.33192E-01 2.00948E-01 2.61438E-01 2.72053E-01
 1.02329E+00 1.34711E-01 2.03206E-01 2.66151E-01 2.76957E-01
 1.03514E+00 1.36237E-01 2.05478E-01 2.70891E-01 2.81891E-01
 1.04713E+00 1.37771E-01 2.07763E-01 2.75658E-01 2.86851E-01
 1.05925E+00 1.39311E-01 2.10061E-01 2.80451E-01 2.91838E-01
 1.07152E+00 1.40858E-01 2.12372E-01 2.85267E-01 2.96849E-01
 1.08393E+00 1.42411E-01 2.14695E-01 2.90105E-01 3.01884E-01
 1.09648E+00 1.43969E-01 2.17031E-01 2.94964E-01 3.06941E-01
 1.10917E+00 1.45534E-01 2.19378E-01 2.99843E-01 3.12018E-01
 1.12202E+00 1.47104E-01 2.21737E-01 3.04740E-01 3.17114E-01
 1.13501E+00 1.48679E-01 2.24107E-01 3.09654E-01 3.22227E-01
 1.14815E+00 1.50259E-01 2.26488E-01 3.14583E-01 3.27356E-01
 1.16145E+00 1.51843E-01 2.28880E-01 3.19526E-01 3.32500E-01
 1.17490E+00 1.53431E-01 2.31282E-01 3.24482E-01 3.37657E-01
 1.18850E+00 1.55024E-01 2.33694E-01 3.29449E-01 3.42826E-01
 1.20226E+00 1.56620E-01 2.36115E-01 3.34425E-01 3.48004E-01
 1.21619E+00 1.58220E-01 2.38546E-01 3.39410E-01 3.53191E-01
 1.23027E+00 1.59822E-01 2.40985E-01 3.44402E-01 3.58386E-01
 1.24451E+00 1.61428E-01 2.43433E-01 3.49399E-01 3.63586E-01
 1.25893E+00 1.63035E-01 2.45889E-01 3.54400E-01 3.68790E-01
 1.27350E+00 1.64645E-01 2.48353E-01 3.59404E-01 3.73998E-01
 1.28825E+00 1.66257E-01 2.50824E-01 3.64410E-01 3.79206E-01
 1.30317E+00 1.67871E-01 2.53302E-01 3.69415E-01 3.84415E-01
 1.31826E+00 1.69486E-01 2.55786E-01 3.74419E-01 3.89622E-01
 1.33352E+00 1.71102E-01 2.59150E-01 3.79421E-01 3.94827E-01
 1.34896E+00 1.72718E-01 2.62563E-01 3.84418E-01 4.00027E-01
 1.36458E+00 1.74335E-01 2.65973E-01 3.89410E-01 4.05222E-01
 1.38038E+00 1.75952E-01 2.69378E-01 3.94396E-01 4.10410E-01
 1.39637E+00 1.77569E-01 2.72778E-01 3.99374E-01 4.15590E-01
 1.41254E+00 1.79186E-01 2.76171E-01 4.04343E-01 4.20761E-01
 1.42889E+00 1.80801E-01 2.79558E-01 4.09301E-01 4.25920E-01
 1.44544E+00 1.82416E-01 2.82937E-01 4.14248E-01 4.31068E-01
 1.46218E+00 1.84029E-01 2.86308E-01 4.19183E-01 4.36203E-01
 1.47911E+00 1.85641E-01 2.89669E-01 4.24104E-01 4.41324E-01
 1.49624E+00 1.87251E-01 2.93020E-01 4.29010E-01 4.46429E-01
 1.51356E+00 1.88859E-01 2.96360E-01 4.33900E-01 4.51518E-01
 1.53109E+00 1.90465E-01 2.99688E-01 4.38773E-01 4.56589E-01
 1.54882E+00 1.92068E-01 3.03004E-01 4.43629E-01 4.61642E-01
 1.56675E+00 1.93667E-01 3.06308E-01 4.48465E-01 4.66674E-01
 1.58489E+00 1.95264E-01 3.09597E-01 4.53281E-01 4.71686E-01
 1.60325E+00 1.96857E-01 3.12873E-01 4.58077E-01 4.76677E-01
 1.62181E+00 1.98447E-01 3.16133E-01 4.62851E-01 4.81645E-01
 1.64059E+00 2.00033E-01 3.19379E-01 4.67602E-01 4.86589E-01
 1.65959E+00 2.01614E-01 3.22608E-01 4.72330E-01 4.91508E-01
 1.67880E+00 2.03408E-01 3.25820E-01 4.77034E-01 4.96403E-01
 1.69824E+00 2.05403E-01 3.29016E-01 4.81712E-01 5.01271E-01
 1.71791E+00 2.07387E-01 3.32194E-01 4.86365E-01 5.06113E-01
 1.73780E+00 2.09360E-01 3.35353E-01 4.90991E-01 5.10927E-01
 1.75792E+00 2.11321E-01 3.38495E-01 4.95590E-01 5.15713E-01
 1.77828E+00 2.13270E-01 3.41617E-01 5.00161E-01 5.20470E-01
 1.79887E+00 2.15207E-01 3.44720E-01 5.04704E-01 5.25197E-01
 1.81970E+00 2.17132E-01 3.47803E-01 5.09218E-01 5.29894E-01
 1.84077E+00 2.19044E-01 3.50865E-01 5.13702E-01 5.34561E-01
 1.86209E+00 2.20943E-01 3.53908E-01 5.18156E-01 5.39195E-01
 1.88365E+00 2.22829E-01 3.56929E-01 5.22580E-01 5.43799E-01
 1.90546E+00 2.24702E-01 3.59929E-01 5.26972E-01 5.52826E-01
 1.92752E+00 2.26561E-01 3.62908E-01 5.31333E-01 5.62996E-01
 1.94984E+00 2.28407E-01 3.65864E-01 5.35662E-01 5.73322E-01
 1.97242E+00 2.30240E-01 3.68799E-01 5.39959E-01 5.83807E-01
 1.99526E+00 2.32058E-01 3.71712E-01 5.44223E-01 5.94452E-01
 2.01837E+00 2.33862E-01 3.74602E-01 5.48454E-01 6.05260E-01
 2.04174E+00 2.35652E-01 3.77469E-01 5.52652E-01 6.16230E-01
 2.06538E+00 2.37428E-01 3.80313E-01 5.56817E-01 6.27365E-01
 2.08930E+00 2.39189E-01 3.83134E-01 5.60947E-01 6.38665E-01
 2.11349E+00 2.40936E-01 3.85933E-01 5.65044E-01 6.50132E-01
 2.13796E+00 2.42668E-01 3.88707E-01 5.69106E-01 6.61768E-01
 2.16272E+00 2.44386E-01 3.91459E-01 5.73135E-01 6.73573E-01
 2.18776E+00 2.46089E-01 3.94187E-01 5.77129E-01 6.85550E-01
 2.21309E+00 2.47777E-01 3.96891E-01 5.81088E-01 6.97699E-01
 2.23872E+00 2.49450E-01 3.99571E-01 5.85012E-01 7.10023E-01
 2.26464E+00 2.51109E-01 4.02228E-01 5.88902E-01 7.22521E-01
 2.29087E+00 2.52753E-01 4.04861E-01 5.92757E-01 7.35196E-01
 2.31739E+00 2.54382E-01 4.07470E-01 5.96577E-01 7.48049E-01
 2.34423E+00 2.55996E-01 4.10056E-01 6.00363E-01 7.61081E-01
 2.37137E+00 2.57595E-01 4.12618E-01 6.04113E-01 7.74293E-01
 2.39883E+00 2.59180E-01 4.15155E-01 6.07829E-01 7.87686E-01
 2.42661E+00 2.60749E-01 4.17670E-01 6.11510E-01 8.01262E-01
 2.45471E+00 2.62304E-01 4.20160E-01 6.15156E-01 8.15021E-01
 2.48313E+00 2.63844E-01 4.22627E-01 6.18768E-01 8.28964E-01
 2.51189E+00 2.65369E-01 4.25070E-01 6.22345E-01 8.43094E-01
 2.54097E+00 2.66880E-01 4.27490E-01 6.25888E-01 8.57409E-01
 2.57040E+00 2.68376E-01 4.29886E-01 6.29397E-01 8.71912E-01
 2.60016E+00 2.69857E-01 4.32259E-01 6.32871E-01 8.86604E-01
 2.63027E+00 2.71324E-01 4.34609E-01 6.36311E-01 9.01485E-01
 2.66073E+00 2.72777E-01 4.36936E-01 6.39717E-01 9.16555E-01
 2.69153E+00 2.74215E-01 4.39239E-01 6.43090E-01 9.31817E-01
 2.72270E+00 2.75639E-01 4.41520E-01 6.46429E-01 9.47270E-01
 2.75423E+00 2.77048E-01 4.43778E-01 6.49735E-01 9.62915E-01
 2.78612E+00 2.78444E-01 4.46013E-01 6.53008E-01 9.78754E-01
 2.81838E+00 2.79825E-01 4.48226E-01 6.56247E-01 9.94785E-01
 2.85102E+00 2.81193E-01 4.50416E-01 6.59454E-01 1.01101E+00
 2.88403E+00 2.82546E-01 4.52585E-01 6.62629E-01 1.02743E+00
 2.91743E+00 2.83886E-01 4.54731E-01 6.65771E-01 1.04405E+00
 2.95121E+00 2.85212E-01 4.56855E-01 6.68882E-01 1.06086E+00
 2.98538E+00 2.86525E-01 4.58958E-01 6.71960E-01 1.07787E+00
 3.01995E+00 2.87824E-01 4.61039E-01 6.75007E-01 1.09508E+00
 3.05492E+00 2.89110E-01 4.63099E-01 6.78023E-01 1.11248E+00
 3.09030E+00 2.90383E-01 4.65138E-01 6.81008E-01 1.13008E+00
 3.12608E+00 2.91643E-01 4.67155E-01 6.83962E-01 1.14787E+00
 3.16228E+00 2.92889E-01 4.69152E-01 6.86886E-01 1.16586E+00
 3.19890E+00 2.94123E-01 4.71128E-01 6.89779E-01 1.18405E+00
 3.23594E+00 2.95344E-01 4.73084E-01 6.92642E-01 1.20244E+00
 3.27341E+00 2.96552E-01 4.75020E-01 6.95476E-01 1.22102E+00
 3.31131E+00 2.97748E-01 4.76935E-01 6.98281E-01 1.23980E+00
 3.34965E+00 2.98932E-01 4.78831E-01 7.01056E-01 1.25878E+00
 3.38844E+00 3.00103E-01 4.80707E-01 7.03803E-01 1.27796E+00
 3.42768E+00 3.01262E-01 4.82563E-01 7.06521E-01 1.29733E+00
 3.46737E+00 3.02409E-01 4.84400E-01 7.09211E-01 1.31689E+00
 3.50752E+00 3.03544E-01 4.86218E-01 7.11872E-01 1.33665E+00
 3.54813E+00 3.04667E-01 4.88018E-01 7.14507E-01 1.35661E+00
 3.58922E+00 3.05779E-01 4.89798E-01 7.17113E-01 1.37676E+00
 3.63078E+00 3.06879E-01 4.91560E-01 7.19693E-01 1.39711E+00
 3.67282E+00 3.07967E-01 4.93304E-01 7.22246E-01 1.41765E+00
 3.71535E+00 3.09044E-01 4.95029E-01 7.24772E-01 1.43838E+00
 3.75837E+00 3.10110E-01 4.96737E-01 7.27272E-01 1.45931E+00
 3.80189E+00 3.11165E-01 4.98427E-01 7.29746E-01 1.48042E+00
 3.84592E+00 3.12209E-01 5.00099E-01 7.32195E-01 1.50172E+00
 3.89045E+00 3.13242E-01 5.01754E-01 7.34618E-01 1.52322E+00
 3.93550E+00 3.14265E-01 5.03392E-01 7.37016E-01 1.54490E+00
 3.98107E+00 3.15277E-01 5.05012E-01 7.39389E-01 1.56677E+00
 4.02717E+00 3.16278E-01 5.06616E-01 7.41737E-01 1.58883E+00
 4.07380E+00 3.17269E-01 5.08204E-01 7.44061E-01 1.61107E+00
 4.12098E+00 3.18250E-01 5.09774E-01 7.46361E-01 1.63349E+00
 4.16869E+00 3.19220E-01 5.11329E-01 7.48637E-01 1.65610E+00
 4.21697E+00 3.20181E-01 5.12868E-01 7.50890E-01 1.67889E+00
 4.26580E+00 3.21131E-01 5.14390E-01 7.53119E-01 1.70186E+00
 4.31519E+00 3.22072E-01 5.15897E-01 7.55325E-01 1.72500E+00
 4.36516E+00 3.23003E-01 5.17388E-01 7.57508E-01 1.74832E+00
 4.41570E+00 3.23924E-01 5.18864E-01 7.59669E-01 1.77182E+00
 4.46684E+00 3.24836E-01 5.20325E-01 7.61808E-01 1.79549E+00
 4.51856E+00 3.25739E-01 5.21771E-01 7.63925E-01 1.81933E+00
 4.57088E+00 3.26632E-01 5.23201E-01 7.66019E-01 1.84333E+00
 4.62381E+00 3.27516E-01 5.24617E-01 7.68092E-01 1.86751E+00
 4.67735E+00 3.28391E-01 5.26019E-01 7.70144E-01 1.89185E+00
 4.73151E+00 3.29257E-01 5.27406E-01 7.72175E-01 1.91636E+00
 4.78630E+00 3.30114E-01 5.28779E-01 7.74185E-01 1.94102E+00
 4.84172E+00 3.30962E-01 5.30137E-01 7.76174E-01 1.96585E+00
 4.89779E+00 3.31802E-01 5.31482E-01 7.78143E-01 1.99083E+00
 4.95450E+00 3.32633E-01 5.32813E-01 7.80092E-01 2.01597E+00
 5.01187E+00 3.33455E-01 5.34130E-01 7.82020E-01 2.04126E+00
 5.06991E+00 3.34269E-01 5.35434E-01 7.83929E-01 2.06669E+00
 5.12861E+00 3.35074E-01 5.36724E-01 7.85818E-01 2.09228E+00
 5.18800E+00 3.35872E-01 5.38002E-01 7.87688E-01 2.11801E+00
 5.24807E+00 3.36661E-01 5.39266E-01 7.89539E-01 2.14388E+00
 5.30884E+00 3.37442E-01 5.40517E-01 7.91371E-01 2.16989E+00
 5.37032E+00 3.38215E-01 5.41755E-01 7.93184E-01 2.19604E+00
 5.43250E+00 3.38980E-01 5.42981E-01 7.94978E-01 2.22232E+00
 5.49541E+00 3.39737E-01 5.44194E-01 7.96754E-01 2.24873E+00
 5.55904E+00 3.40487E-01 5.45394E-01 7.98512E-01 2.27527E+00
 5.62341E+00 3.41229E-01 5.46583E-01 8.00252E-01 2.30194E+00
 5.68853E+00 3.41963E-01 5.47759E-01 8.01974E-01 2.32873E+00
 5.75440E+00 3.42690E-01 5.48923E-01 8.03678E-01 2.35562E+00
 5.82103E+00 3.43409E-01 5.50075E-01 8.05365E-01 2.38265E+00
 5.88844E+00 3.44121E-01 5.51216E-01 8.07035E-01 2.40979E+00
 5.95662E+00 3.44826E-01 5.52345E-01 8.08688E-01 2.43702E+00
 6.02560E+00 3.45524E-01 5.53462E-01 8.10324E-01 2.46437E+00
 6.09537E+00 3.46214E-01 5.54568E-01 8.11943E-01 2.49182E+00
 6.16595E+00 3.46897E-01 5.55662E-01 8.13545E-01 2.51937E+00
 6.23735E+00 3.47573E-01 5.56745E-01 8.15131E-01 2.54701E+00
 6.30957E+00 3.48243E-01 5.57818E-01 8.16701E-01 2.57474E+00
 6.38263E+00 3.48905E-01 5.58879E-01 8.18254E-01 2.60256E+00
 6.45654E+00 3.49561E-01 5.59929E-01 8.19792E-01 2.63046E+00
 6.53131E+00 3.50210E-01 5.60968E-01 8.21314E-01 2.65845E+00
 6.60693E+00 3.50852E-01 5.61997E-01 8.22820E-01 2.68651E+00
 6.68344E+00 3.51488E-01 5.63015E-01 8.24311E-01 2.71463E+00
 6.76083E+00 3.52117E-01 5.64023E-01 8.25786E-01 2.74284E+00
 6.83912E+00 3.52740E-01 5.65021E-01 8.27247E-01 2.77110E+00
 6.91831E+00 3.53356E-01 5.66008E-01 8.28692E-01 2.79941E+00
 6.99842E+00 3.53966E-01 5.66985E-01 8.30122E-01 2.82779E+00
 7.07946E+00 3.54569E-01 5.67952E-01 8.31538E-01 2.85621E+00
 7.16143E+00 3.55167E-01 5.68908E-01 8.32939E-01 2.88468E+00
 7.24436E+00 3.55758E-01 5.69856E-01 8.34325E-01 2.91320E+00
 7.32825E+00 3.56343E-01 5.70793E-01 8.35698E-01 2.94174E+00
 7.41310E+00 3.56922E-01 5.71720E-01 8.37056E-01 2.97032E+00
 7.49894E+00 3.57495E-01 5.72638E-01 8.38400E-01 2.99893E+00
 7.58578E+00 3.58063E-01 5.73547E-01 8.39730E-01 3.02755E+00
 7.67361E+00 3.58624E-01 5.74446E-01 8.41046E-01 3.05621E+00
 7.76247E+00 3.59179E-01 5.75336E-01 8.42349E-01 3.08487E+00
 7.85236E+00 3.59729E-01 5.76216E-01 8.43638E-01 3.11353E+00
 7.94328E+00 3.60273E-01 5.77088E-01 8.44914E-01 3.14220E+00
 8.03526E+00 3.60811E-01 5.77950E-01 8.46177E-01 3.17086E+00
 8.12831E+00 3.61344E-01 5.78804E-01 8.47426E-01 3.19952E+00
 8.22243E+00 3.61871E-01 5.79648E-01 8.48663E-01 3.22817E+00
 8.31764E+00 3.62393E-01 5.80484E-01 8.49886E-01 3.25678E+00
 8.41395E+00 3.62909E-01 5.81311E-01 8.51097E-01 3.28539E+00
 8.51138E+00 3.63420E-01 5.82129E-01 8.52295E-01 3.31396E+00
 8.60994E+00 3.63926E-01 5.82939E-01 8.53481E-01 3.34249E+00
 8.70964E+00 3.64426E-01 5.83740E-01 8.54654E-01 3.37098E+00
 8.81049E+00 3.64921E-01 5.84533E-01 8.55815E-01 3.39942E+00
 8.91251E+00 3.65411E-01 5.85318E-01 8.56964E-01 3.42781E+00
 9.01571E+00 3.65896E-01 5.86094E-01 8.58101E-01 3.45614E+00
 9.12011E+00 3.66375E-01 5.86863E-01 8.59226E-01 3.48440E+00
 9.22571E+00 3.66850E-01 5.87623E-01 8.60339E-01 3.51260E+00
 9.33254E+00 3.67320E-01 5.88375E-01 8.61440E-01 3.54070E+00
 9.44061E+00 3.67784E-01 5.89119E-01 8.62530E-01 3.56874E+00
 9.54993E+00 3.68244E-01 5.89856E-01 8.63608E-01 3.59668E+00
 9.66051E+00 3.68699E-01 5.90585E-01 8.64675E-01 3.62452E+00
 9.77237E+00 3.69149E-01 5.91306E-01 8.65731E-01 3.65226E+00
 9.88553E+00 3.69595E-01 5.92019E-01 8.66775E-01 3.67988E+00
 1.00000E+01 3.70035E-01 5.92725E-01 8.67809E-01 3.70740E+00
 1.01158E+01 3.70471E-01 5.93423E-01 8.68831E-01 3.73478E+00
 1.02329E+01 3.70903E-01 5.94114E-01 8.69843E-01 3.76204E+00
 1.03514E+01 3.71329E-01 5.94798E-01 8.70844E-01 3.78916E+00
 1.04713E+01 3.71752E-01 5.95474E-01 8.71834E-01 3.81613E+00
 1.05925E+01 3.72170E-01 5.96144E-01 8.72814E-01 3.84296E+00
 1.07152E+01 3.72583E-01 5.96806E-01 8.73783E-01 3.86961E+00
 1.08393E+01 3.72992E-01 5.97461E-01 8.74743E-01 3.89612E+00
 1.09648E+01 3.73397E-01 5.98109E-01 8.75692E-01 3.92244E+00
 1.10917E+01 3.73797E-01 5.98750E-01 8.76630E-01 3.94859E+00
 1.12202E+01 3.74193E-01 5.99385E-01 8.77559E-01 3.97455E+00
 1.13501E+01 3.74585E-01 6.00012E-01 8.78478E-01 4.00031E+00
 1.14815E+01 3.74972E-01 6.00633E-01 8.79387E-01 4.02588E+00
 1.16145E+01 3.75356E-01 6.01248E-01 8.80287E-01 4.05122E+00
 1.17490E+01 3.75735E-01 6.01855E-01 8.81176E-01 4.07637E+00
 1.18850E+01 3.76111E-01 6.02457E-01 8.82057E-01 4.10128E+00
 1.20226E+01 3.76482E-01 6.03051E-01 8.82927E-01 4.12597E+00
 1.21619E+01 3.76849E-01 6.03640E-01 8.83789E-01 4.15040E+00
 1.23027E+01 3.77213E-01 6.04222E-01 8.84641E-01 4.17460E+00
 1.24451E+01 3.77572E-01 6.04798E-01 8.85484E-01 4.19854E+00
 1.25893E+01 3.77928E-01 6.05367E-01 8.86318E-01 4.22222E+00
 1.27350E+01 3.78280E-01 6.05931E-01 8.87143E-01 4.24564E+00
 1.28825E+01 3.78628E-01 6.06488E-01 8.87960E-01 4.26876E+00
 1.30317E+01 3.78972E-01 6.07040E-01 8.88767E-01 4.29162E+00
 1.31826E+01 3.79312E-01 6.07585E-01 8.89566E-01 4.31417E+00
 1.33352E+01 3.79649E-01 6.08125E-01 8.90356E-01 4.33643E+00
 1.34896E+01 3.79983E-01 6.08659E-01 8.91137E-01 4.35838E+00
 1.36458E+01 3.80312E-01 6.09187E-01 8.91910E-01 4.38001E+00
 1.38038E+01 3.80638E-01 6.09709E-01 8.92675E-01 4.40132E+00
 1.39637E+01 3.80961E-01 6.10226E-01 8.93432E-01 4.42229E+00
 1.41254E+01 3.81280E-01 6.10737E-01 8.94180E-01 4.44294E+00
 1.42889E+01 3.81596E-01 6.11242E-01 8.94920E-01 4.46323E+00
 1.44544E+01 3.81908E-01 6.11743E-01 8.95652E-01 4.48318E+00
 1.46218E+01 3.82217E-01 6.12237E-01 8.96376E-01 4.50276E+00
 1.47911E+01 3.82522E-01 6.12726E-01 8.97093E-01 4.52198E+00
 1.49624E+01 3.82824E-01 6.13210E-01 8.97801E-01 4.54082E+00
 1.51356E+01 3.83123E-01 6.13689E-01 8.98502E-01 4.55926E+00
 1.53109E+01 3.83419E-01 6.14163E-01 8.99196E-01 4.57734E+00
 1.54882E+01 3.83711E-01 6.14631E-01 8.99881E-01 4.59500E+00
 1.56675E+01 3.84000E-01 6.15094E-01 9.00560E-01 4.61227E+00
 1.58489E+01 3.84286E-01 6.15552E-01 9.01230E-01 4.62913E+00
 1.60325E+01 3.84569E-01 6.16006E-01 9.01894E-01 4.64556E+00
 1.62181E+01 3.84849E-01 6.16454E-01 9.02550E-01 4.66157E+00
 1.64059E+01 3.85126E-01 6.16897E-01 9.03199E-01 4.67714E+00
 1.65959E+01 3.85400E-01 6.17336E-01 9.03842E-01 4.69229E+00
 1.67880E+01 3.85671E-01 6.17770E-01 9.04477E-01 4.70698E+00
 1.69824E+01 3.85938E-01 6.18199E-01 9.05105E-01 4.72122E+00
 1.71791E+01 3.86203E-01 6.18623E-01 9.05726E-01 4.73501E+00
 1.73780E+01 3.86465E-01 6.19043E-01 9.06340E-01 4.74832E+00
 1.75792E+01 3.86724E-01 6.19458E-01 9.06948E-01 4.76118E+00
 1.77828E+01 3.86981E-01 6.19868E-01 9.07549E-01 4.77356E+00
 1.79887E+01 3.87234E-01 6.20274E-01 9.08144E-01 4.78544E+00
 1.81970E+01 3.87485E-01 6.20676E-01 9.08732E-01 4.79686E+00
 1.84077E+01 3.87733E-01 6.21073E-01 9.09313E-01 4.80776E+00
 1.86209E+01 3.87978E-01 6.21466E-01 9.09888E-01 4.81818E+00
 1.88365E+01 3.88221E-01 6.21855E-01 9.10457E-01 4.82809E+00
 1.90546E+01 3.88461E-01 6.22239E-01 9.11020E-01 4.83748E+00
 1.92752E+01 3.88698E-01 6.22619E-01 9.11576E-01 4.84638E+00
 1.94984E+01 3.88933E-01 6.22995E-01 9.12127E-01 4.85475E+00
 1.97242E+01 3.89165E-01 6.23366E-01 9.12671E-01 4.86258E+00
 1.99526E+01 3.89394E-01 6.23734E-01 9.13209E-01 4.86991E+00
 2.01837E+01 3.89621E-01 6.24098E-01 9.13741E-01 4.87670E+00
 2.04174E+01 3.89846E-01 6.24457E-01 9.14268E-01 4.88295E+00
 2.06538E+01 3.90068E-01 6.24813E-01 9.14788E-01 4.88867E+00
 2.08930E+01 3.90287E-01 6.25164E-01 9.15303E-01 4.89385E+00
 2.11349E+01 3.90504E-01 6.25512E-01 9.15812E-01 4.89847E+00
 2.13796E+01 3.90719E-01 6.25856E-01 9.16316E-01 4.90255E+00
 2.16272E+01 3.90931E-01 6.26196E-01 9.16814E-01 4.90609E+00
 2.18776E+01 3.91141E-01 6.26533E-01 9.17307E-01 4.90906E+00
 2.21309E+01 3.91349E-01 6.26865E-01 9.17794E-01 4.91148E+00
 2.23872E+01 3.91554E-01 6.27194E-01 9.18275E-01 4.91335E+00
 2.26464E+01 3.91758E-01 6.27520E-01 9.18752E-01 4.91465E+00
 2.29087E+01 3.91958E-01 6.27842E-01 9.19223E-01 4.91539E+00
 2.31739E+01 3.92157E-01 6.28160E-01 9.19689E-01 4.91557E+00
 2.34423E+01 3.92354E-01 6.28475E-01 9.20150E-01 4.91519E+00
 2.37137E+01 3.92548E-01 6.28786E-01 9.20605E-01 4.91425E+00
 2.39883E+01 3.92740E-01 6.29093E-01 9.21056E-01 4.91273E+00
 2.42661E+01 3.92930E-01 6.29398E-01 9.21501E-01 4.91065E+00
 2.45471E+01 3.93118E-01 6.29699E-01 9.21942E-01 4.90801E+00
 2.48313E+01 3.93304E-01 6.29996E-01 9.22378E-01 4.90481E+00
 2.51189E+01 3.93487E-01 6.30291E-01 9.22809E-01 4.90103E+00
 2.54097E+01 3.93669E-01 6.30582E-01 9.23235E-01 4.89669E+00
 2.57040E+01 3.93849E-01 6.30870E-01 9.23656E-01 4.89179E+00
 2.60016E+01 3.94026E-01 6.31154E-01 9.24073E-01 4.88634E+00
 2.63027E+01 3.94202E-01 6.31436E-01 9.24485E-01 4.88032E+00
 2.66073E+01 3.94376E-01 6.31714E-01 9.24892E-01 4.87374E+00
 2.69153E+01 3.94548E-01 6.31989E-01 9.25295E-01 4.86660E+00
 2.72270E+01 3.94718E-01 6.32261E-01 9.25694E-01 4.85891E+00
 2.75423E+01 3.94886E-01 6.32531E-01 9.26088E-01 4.85067E+00
 2.78612E+01 3.95052E-01 6.32797E-01 9.26478E-01 4.84189E+00
 2.81838E+01 3.95216E-01 6.33060E-01 9.26863E-01 4.83256E+00
 2.85102E+01 3.95379E-01 6.33320E-01 9.27244E-01 4.82269E+00
 2.88403E+01 3.95539E-01 6.33578E-01 9.27621E-01 4.81228E+00
 2.91743E+01 3.95698E-01 6.33832E-01 9.27993E-01 4.80134E+00
 2.95121E+01 3.95855E-01 6.34084E-01 9.28362E-01 4.78986E+00
 2.98538E+01 3.96011E-01 6.34332E-01 9.28726E-01 4.77786E+00
 3.01995E+01 3.96164E-01 6.34579E-01 9.29086E-01 4.76533E+00
 3.05492E+01 3.96316E-01 6.34822E-01 9.29443E-01 4.75230E+00
 3.09030E+01 3.96466E-01 6.35062E-01 9.29795E-01 4.73875E+00
 3.12608E+01 3.96615E-01 6.35300E-01 9.30143E-01 4.72469E+00
 3.16228E+01 3.96762E-01 6.35536E-01 9.30488E-01 4.71014E+00
 3.19890E+01 3.96907E-01 6.35768E-01 9.30828E-01 4.69509E+00
 3.23594E+01 3.97051E-01 6.35998E-01 9.31165E-01 4.67956E+00
 3.27341E+01 3.97193E-01 6.36226E-01 9.31498E-01 4.66354E+00
 3.31131E+01 3.97333E-01 6.36451E-01 9.31827E-01 4.64705E+00
 3.34965E+01 3.97472E-01 6.36673E-01 9.32153E-01 4.63009E+00
 3.38844E+01 3.97609E-01 6.36893E-01 9.32475E-01 4.61267E+00
 3.42768E+01 3.97745E-01 6.37110E-01 9.32793E-01 4.59480E+00
 3.46737E+01 3.97879E-01 6.37325E-01 9.33108E-01 4.57648E+00
 3.50752E+01 3.98012E-01 6.37538E-01 9.33419E-01 4.55772E+00
 3.54813E+01 3.98143E-01 6.37748E-01 9.33727E-01 4.53852E+00
 3.58922E+01 3.98273E-01 6.37956E-01 9.34032E-01 4.51890E+00
 3.63078E+01 3.98401E-01 6.38162E-01 9.34332E-01 4.49886E+00
 3.67282E+01 3.98528E-01 6.38365E-01 9.34630E-01 4.47841E+00
 3.71535E+01 3.98654E-01 6.38566E-01 9.34924E-01 4.45756E+00
 3.75837E+01 3.98778E-01 6.38765E-01 9.35215E-01 4.43632E+00
 3.80189E+01 3.98900E-01 6.38961E-01 9.35503E-01 4.41471E+00
 3.84592E+01 3.99021E-01 6.39155E-01 9.35787E-01 4.39271E+00
 3.89045E+01 3.99141E-01 6.39347E-01 9.36068E-01 4.37035E+00
 3.93550E+01 3.99260E-01 6.39537E-01 9.36347E-01 4.34762E+00
 3.98107E+01 3.99377E-01 6.39725E-01 9.36621E-01 4.32455E+00
 4.02717E+01 3.99493E-01 6.39911E-01 9.36893E-01 4.30115E+00
 4.07380E+01 3.99608E-01 6.40094E-01 9.37162E-01 4.27741E+00
 4.12098E+01 3.99721E-01 6.40276E-01 9.37428E-01 4.25334E+00
 4.16869E+01 3.99833E-01 6.40455E-01 9.37691E-01 4.22896E+00
 4.21697E+01 3.99944E-01 6.40633E-01 9.37951E-01 4.20429E+00
 4.26580E+01 4.00054E-01 6.40808E-01 9.38208E-01 4.17932E+00
 4.31519E+01 4.00162E-01 6.40982E-01 9.38462E-01 4.15406E+00
 4.36516E+01 4.00269E-01 6.41153E-01 9.38713E-01 4.12853E+00
 4.41570E+01 4.00375E-01 6.41323E-01 9.38961E-01 4.10274E+00
 4.46684E+01 4.00480E-01 6.41491E-01 9.39207E-01 4.07668E+00
 4.51856E+01 4.00583E-01 6.41657E-01 9.39450E-01 4.05038E+00
 4.57088E+01 4.00685E-01 6.41821E-01 9.39690E-01 4.02384E+00
 4.62381E+01 4.00787E-01 6.41983E-01 9.39927E-01 3.99707E+00
 4.67735E+01 4.00887E-01 6.42143E-01 9.40162E-01 3.97009E+00
 4.73151E+01 4.00986E-01 6.42302E-01 9.40394E-01 3.94290E+00
 4.78630E+01 4.01084E-01 6.42458E-01 9.40623E-01 3.91549E+00
 4.84172E+01 4.01180E-01 6.42613E-01 9.40850E-01 3.88791E+00
 4.89779E+01 4.01276E-01 6.42766E-01 9.41074E-01 3.86014E+00
 4.95450E+01 4.01370E-01 6.42918E-01 9.41296E-01 3.83220E+00
 5.01187E+01 4.01464E-01 6.43068E-01 9.41515E-01 3.80410E+00
 5.06991E+01 4.01556E-01 6.43216E-01 9.41732E-01 3.77584E+00
 5.12861E+01 4.01648E-01 6.43362E-01 9.41946E-01 3.74744E+00
 5.18800E+01 4.01738E-01 6.43507E-01 9.42158E-01 3.71890E+00
 5.24807E+01 4.01828E-01 6.43650E-01 9.42368E-01 3.69024E+00
 5.30884E+01 4.01916E-01 6.43791E-01 9.42575E-01 3.66145E+00
 5.37032E+01 4.02003E-01 6.43931E-01 9.42780E-01 3.63256E+00
 5.43250E+01 4.02090E-01 6.44070E-01 9.42982E-01 3.60356E+00
 5.49541E+01 4.02175E-01 6.44206E-01 9.43183E-01 3.57447E+00
 5.55904E+01 4.02259E-01 6.44342E-01 9.43381E-01 3.54530E+00
 5.62341E+01 4.02343E-01 6.44475E-01 9.43576E-01 3.51605E+00
 5.68853E+01 4.02425E-01 6.44608E-01 9.43770E-01 3.48674E+00
 5.75440E+01 4.02507E-01 6.44738E-01 9.43961E-01 3.45735E+00
 5.82103E+01 4.02588E-01 6.44867E-01 9.44150E-01 3.42793E+00
 5.88844E+01 4.02667E-01 6.44995E-01 9.44338E-01 3.39846E+00
 5.95662E+01 4.02746E-01 6.45122E-01 9.44522E-01 3.36895E+00
 6.02560E+01 4.02824E-01 6.45246E-01 9.44705E-01 3.33942E+00
 6.09537E+01 4.02901E-01 6.45370E-01 9.44886E-01 3.30986E+00
 6.16595E+01 4.02977E-01 6.45492E-01 9.45065E-01 3.28030E+00
 6.23735E+01 4.03053E-01 6.45613E-01 9.45242E-01 3.25072E+00
 6.30957E+01 4.03127E-01 6.45732E-01 9.45416E-01 3.22114E+00
 6.38263E+01 4.03201E-01 6.45850E-01 9.45589E-01 3.19158E+00
 6.45654E+01 4.03274E-01 6.45967E-01 9.45760E-01 3.16203E+00
 6.53131E+01 4.03346E-01 6.46082E-01 9.45929E-01 3.13249E+00
 6.60693E+01 4.03417E-01 6.46196E-01 9.46096E-01 3.10299E+00
 6.68344E+01 4.03487E-01 6.46309E-01 9.46261E-01 3.07352E+00
 6.76083E+01 4.03557E-01 6.46420E-01 9.46424E-01 3.04409E+00
 6.83912E+01 4.03626E-01 6.46530E-01 9.46585E-01 3.01470E+00
 6.91831E+01 4.03694E-01 6.46639E-01 9.46745E-01 2.98538E+00
 6.99842E+01 4.03761E-01 6.46747E-01 9.46902E-01 2.95611E+00
 7.07946E+01 4.03827E-01 6.46854E-01 9.47058E-01 2.92690E+00
 7.16143E+01 4.03893E-01 6.46959E-01 9.47212E-01 2.89775E+00
 7.24436E+01 4.03958E-01 6.47063E-01 9.47365E-01 2.86869E+00
 7.32825E+01 4.04022E-01 6.47166E-01 9.47515E-01 2.83971E+00
 7.41310E+01 4.04086E-01 6.47268E-01 9.47664E-01 2.81081E+00
 7.49894E+01 4.04149E-01 6.47368E-01 9.47812E-01 2.78200E+00
 7.58578E+01 4.04211E-01 6.47468E-01 9.47957E-01 2.75328E+00
 7.67361E+01 4.04272E-01 6.47566E-01 9.48101E-01 2.72467E+00
 7.76247E+01 4.04333E-01 6.47663E-01 9.48244E-01 2.69615E+00
 7.85236E+01 4.04393E-01 6.47759E-01 9.48384E-01 2.66775E+00
 7.94328E+01 4.04452E-01 6.47854E-01 9.48523E-01 2.63946E+00
 8.03526E+01 4.04511E-01 6.47948E-01 9.48661E-01 2.61129E+00
 8.12831E+01 4.04569E-01 6.48041E-01 9.48797E-01 2.58323E+00
 8.22243E+01 4.04626E-01 6.48133E-01 9.48931E-01 2.55530E+00
 8.31764E+01 4.04683E-01 6.48224E-01 9.49064E-01 2.52750E+00
 8.41395E+01 4.04739E-01 6.48313E-01 9.49196E-01 2.49983E+00
 8.51138E+01 4.04794E-01 6.48402E-01 9.49326E-01 2.47229E+00
 8.60994E+01 4.04849E-01 6.48490E-01 9.49454E-01 2.44489E+00
 8.70964E+01 4.04903E-01 6.48577E-01 9.49581E-01 2.41763E+00
 8.81049E+01 4.04957E-01 6.48662E-01 9.49707E-01 2.39052E+00
 8.91251E+01 4.05010E-01 6.48747E-01 9.49831E-01 2.36355E+00
 9.01571E+01 4.05062E-01 6.48831E-01 9.49954E-01 2.33674E+00
 9.12011E+01 4.05114E-01 6.48914E-01 9.50075E-01 2.31007E+00
 9.22571E+01 4.05165E-01 6.48996E-01 9.50195E-01 2.28356E+00
 9.33254E+01 4.05215E-01 6.49077E-01 9.50313E-01 2.25721E+00
 9.44061E+01 4.05265E-01 6.49157E-01 9.50431E-01 2.23102E+00
 9.54993E+01 4.05315E-01 6.49236E-01 9.50547E-01 2.20499E+00
 9.66051E+01 4.05364E-01 6.49314E-01 9.50661E-01 2.17913E+00
 9.77237E+01 4.05412E-01 6.49392E-01 9.50774E-01 2.15343E+00
 9.88553E+01 4.05460E-01 6.49468E-01 9.50886E-01 2.12790E+00
 1.00000E+02 4.05507E-01 6.49544E-01 9.50997E-01 2.10253E+00
