 1.00000E-02 3.39277E-02 5.46103E-02 8.46762E-02 8.90649E-02
 2.00000E-02 3.39362E-02 5.47890E-02 8.49255E-02 8.93696E-02
 3.00000E-02 3.39736E-02 5.47874E-02 8.49254E-02 8.93638E-02
 4.00000E-02 3.39900E-02 5.48085E-02 8.49291E-02 8.93697E-02
 5.00000E-02 3.40054E-02 5.48231E-02 8.49411E-02 8.93773E-02
 6.00000E-02 3.40238E-02 5.48413E-02 8.49354E-02 8.93701E-02
 7.00000E-02 3.40498E-02 5.48642E-02 8.49496E-02 8.93795E-02
 8.00000E-02 3.40789E-02 5.48882E-02 8.49520E-02 8.93766E-02
 9.00000E-02 3.41113E-02 5.49188E-02 8.49619E-02 8.93830E-02
 1.00000E-01 3.41478E-02 5.49512E-02 8.49714E-02 8.93867E-02
 1.10000E-01 3.41889E-02 5.49905E-02 8.49833E-02 8.93933E-02
 1.20000E-01 3.42354E-02 5.50336E-02 8.50010E-02 8.94048E-02
 1.30000E-01 3.42881E-02 5.50841E-02 8.50205E-02 8.94176E-02
 1.40000E-01 3.43469E-02 5.51410E-02 8.50500E-02 8.94406E-02
 1.50000E-01 3.44125E-02 5.52058E-02 8.50838E-02 8.94682E-02
 1.60000E-01 3.44857E-02 5.52803E-02 8.51296E-02 8.95057E-02
 1.70000E-01 3.45672E-02 5.53640E-02 8.51840E-02 8.95546E-02
 1.80000E-01 3.46580E-02 5.54605E-02 8.52532E-02 8.96150E-02
 1.90000E-01 3.47589E-02 5.55695E-02 8.53353E-02 8.96918E-02
 2.00000E-01 3.48715E-02 5.56925E-02 8.54364E-02 8.97855E-02
 2.10000E-01 3.49961E-02 5.58315E-02 8.55552E-02 8.98983E-02
 2.20000E-01 3.51339E-02 5.59884E-02 8.56959E-02 9.00326E-02
 2.30000E-01 3.52860E-02 5.61643E-02 8.58606E-02 9.01924E-02
 2.40000E-01 3.54538E-02 5.63608E-02 8.60511E-02 9.03788E-02
 2.50000E-01 3.56379E-02 5.65796E-02 8.62700E-02 9.05945E-02
 2.60000E-01 3.58401E-02 5.68225E-02 8.65202E-02 9.08421E-02
 2.70000E-01 3.60611E-02 5.70912E-02 8.68041E-02 9.11243E-02
 2.80000E-01 3.63021E-02 5.73878E-02 8.71240E-02 9.14436E-02
 2.90000E-01 3.65643E-02 5.77134E-02 8.74824E-02 9.18031E-02
 3.00000E-01 3.68489E-02 5.80699E-02 8.78822E-02 9.22053E-02
 3.10000E-01 3.71569E-02 5.84592E-02 8.83253E-02 9.26519E-02
 3.20000E-01 3.74895E-02 5.88827E-02 8.88139E-02 9.31469E-02
 3.30000E-01 3.78475E-02 5.93420E-02 8.93515E-02 9.36915E-02
 3.40000E-01 3.82322E-02 5.98387E-02 8.99393E-02 9.42886E-02
 3.50000E-01 3.86443E-02 6.03743E-02 9.05798E-02 9.49409E-02
 3.60000E-01 3.90850E-02 6.09503E-02 9.12756E-02 9.56500E-02
 3.70000E-01 3.95548E-02 6.15679E-02 9.20281E-02 9.64186E-02
 3.80000E-01 4.00546E-02 6.22281E-02 9.28393E-02 9.72483E-02
 3.90000E-01 4.05851E-02 6.29322E-02 9.37112E-02 9.81407E-02
 4.00000E-01 4.11469E-02 6.36813E-02 9.46449E-02 9.90980E-02
 4.10000E-01 4.17405E-02 6.44759E-02 9.56421E-02 1.00121E-01
 4.20000E-01 4.23664E-02 6.53170E-02 9.67036E-02 1.01212E-01
 4.30000E-01 4.30250E-02 6.62054E-02 9.78309E-02 1.02370E-01
 4.40000E-01 4.37166E-02 6.71412E-02 9.90244E-02 1.03599E-01
 4.50000E-01 4.44415E-02 6.81250E-02 1.00285E-01 1.04896E-01
 4.60000E-01 4.51997E-02 6.91570E-02 1.01612E-01 1.06265E-01
 4.70000E-01 4.59914E-02 7.02374E-02 1.03008E-01 1.07704E-01
 4.80000E-01 4.68167E-02 7.13662E-02 1.04471E-01 1.09213E-01
 4.90000E-01 4.76755E-02 7.25433E-02 1.06001E-01 1.10793E-01
 5.00000E-01 4.85680E-02 7.37686E-02 1.07598E-01 1.12443E-01
 5.10000E-01 4.94938E-02 7.50420E-02 1.09263E-01 1.14163E-01
 5.20000E-01 5.04529E-02 7.63632E-02 1.10993E-01 1.15952E-01
 5.30000E-01 5.14453E-02 7.77317E-02 1.12788E-01 1.17809E-01
 5.40000E-01 5.24705E-02 7.91472E-02 1.14648E-01 1.19733E-01
 5.50000E-01 5.35286E-02 8.06092E-02 1.16572E-01 1.21724E-01
 5.60000E-01 5.46193E-02 8.21173E-02 1.18558E-01 1.23780E-01
 5.70000E-01 5.57424E-02 8.36710E-02 1.20606E-01 1.25901E-01
 5.80000E-01 5.68977E-02 8.52697E-02 1.22715E-01 1.28084E-01
 5.90000E-01 5.80849E-02 8.69130E-02 1.24882E-01 1.30329E-01
 6.00000E-01 5.93038E-02 8.86003E-02 1.27108E-01 1.32634E-01
 6.10000E-01 6.05542E-02 9.03309E-02 1.29390E-01 1.34998E-01
 6.20000E-01 6.18359E-02 9.21046E-02 1.31727E-01 1.37419E-01
 6.30000E-01 6.31487E-02 9.39205E-02 1.34119E-01 1.39897E-01
 6.40000E-01 6.44923E-02 9.57784E-02 1.36564E-01 1.42429E-01
 6.50000E-01 6.58666E-02 9.76774E-02 1.39061E-01 1.45014E-01
 6.60000E-01 6.72714E-02 9.96174E-02 1.41608E-01 1.47652E-01
 6.70000E-01 6.87065E-02 1.01598E-01 1.44205E-01 1.50339E-01
 6.80000E-01 7.01718E-02 1.03618E-01 1.46849E-01 1.53076E-01
 6.90000E-01 7.16670E-02 1.05677E-01 1.49541E-01 1.55860E-01
 7.00000E-01 7.31920E-02 1.07776E-01 1.52278E-01 1.58691E-01
 7.10000E-01 7.47468E-02 1.09912E-01 1.55059E-01 1.61567E-01
 7.20000E-01 7.63311E-02 1.12087E-01 1.57884E-01 1.64486E-01
 7.30000E-01 7.79448E-02 1.14300E-01 1.60752E-01 1.67448E-01
 7.40000E-01 7.95878E-02 1.16550E-01 1.63661E-01 1.70451E-01
 7.50000E-01 8.12601E-02 1.18837E-01 1.66610E-01 1.73494E-01
 7.60000E-01 8.29614E-02 1.21160E-01 1.69599E-01 1.76577E-01
 7.70000E-01 8.46918E-02 1.23520E-01 1.72626E-01 1.79697E-01
 7.80000E-01 8.64512E-02 1.25916E-01 1.75691E-01 1.82854E-01
 7.90000E-01 8.82394E-02 1.28347E-01 1.78793E-01 1.86047E-01
 8.00000E-01 9.00564E-02 1.30813E-01 1.81930E-01 1.89274E-01
 8.10000E-01 9.19021E-02 1.33315E-01 1.85103E-01 1.92535E-01
 8.20000E-01 9.37765E-02 1.35851E-01 1.88310E-01 1.95830E-01
 8.30000E-01 9.56795E-02 1.38422E-01 1.91551E-01 1.99156E-01
 8.40000E-01 9.76111E-02 1.41027E-01 1.94825E-01 2.02514E-01
 8.50000E-01 9.95713E-02 1.43666E-01 1.98131E-01 2.05902E-01
 8.60000E-01 1.01560E-01 1.46339E-01 2.01469E-01 2.09320E-01
 8.70000E-01 1.03577E-01 1.49045E-01 2.04838E-01 2.12767E-01
 8.80000E-01 1.05622E-01 1.51785E-01 2.08238E-01 2.16243E-01
 8.90000E-01 1.07696E-01 1.54558E-01 2.11668E-01 2.19746E-01
 9.00000E-01 1.09798E-01 1.57364E-01 2.15127E-01 2.23277E-01
 9.10000E-01 1.11929E-01 1.60202E-01 2.18615E-01 2.26834E-01
 9.20000E-01 1.14086E-01 1.63073E-01 2.22132E-01 2.30418E-01
 9.30000E-01 1.16253E-01 1.65977E-01 2.25677E-01 2.34027E-01
 9.40000E-01 1.18421E-01 1.68912E-01 2.29250E-01 2.37662E-01
 9.50000E-01 1.20591E-01 1.71880E-01 2.32850E-01 2.41321E-01
 9.60000E-01 1.22761E-01 1.74879E-01 2.36478E-01 2.45006E-01
 9.70000E-01 1.24931E-01 1.77910E-01 2.40132E-01 2.48714E-01
 9.80000E-01 1.27101E-01 1.80973E-01 2.43812E-01 2.52446E-01
 9.90000E-01 1.29271E-01 1.84060E-01 2.47519E-01 2.56202E-01
 1.00000E+00 1.31440E-01 1.87148E-01 2.51252E-01 2.59982E-01
 1.01158E+00 1.33949E-01 1.90720E-01 2.55606E-01 2.64387E-01
 1.02329E+00 1.36485E-01 1.94331E-01 2.60045E-01 2.68875E-01
 1.03514E+00 1.39047E-01 1.97978E-01 2.64571E-01 2.74368E-01
 1.04713E+00 1.41634E-01 2.01662E-01 2.69185E-01 2.80031E-01
 1.05925E+00 1.44246E-01 2.05382E-01 2.73888E-01 2.85805E-01
 1.07152E+00 1.46884E-01 2.09137E-01 2.78683E-01 2.91691E-01
 1.08393E+00 1.49545E-01 2.12927E-01 2.83571E-01 2.97693E-01
 1.09648E+00 1.52230E-01 2.16750E-01 2.88554E-01 3.03812E-01
 1.10917E+00 1.54939E-01 2.20606E-01 2.93633E-01 3.10050E-01
 1.12202E+00 1.57670E-01 2.24495E-01 2.98803E-01 3.16410E-01
 1.13501E+00 1.60423E-01 2.28415E-01 3.04021E-01 3.22893E-01
 1.14815E+00 1.63198E-01 2.32366E-01 3.09279E-01 3.29503E-01
 1.16145E+00 1.65994E-01 2.36346E-01 3.14577E-01 3.36241E-01
 1.17490E+00 1.68810E-01 2.40356E-01 3.19914E-01 3.43110E-01
 1.18850E+00 1.71645E-01 2.44393E-01 3.25287E-01 3.50112E-01
 1.20226E+00 1.74500E-01 2.48458E-01 3.30697E-01 3.57250E-01
 1.21619E+00 1.77373E-01 2.52548E-01 3.36142E-01 3.64526E-01
 1.23027E+00 1.80263E-01 2.56664E-01 3.41620E-01 3.71943E-01
 1.24451E+00 1.83171E-01 2.60804E-01 3.47130E-01 3.79503E-01
 1.25893E+00 1.86095E-01 2.64967E-01 3.52671E-01 3.87210E-01
 1.27350E+00 1.89034E-01 2.69152E-01 3.58241E-01 3.95065E-01
 1.28825E+00 1.91988E-01 2.73358E-01 3.63839E-01 4.03072E-01
 1.30317E+00 1.94956E-01 2.77583E-01 3.69463E-01 4.11233E-01
 1.31826E+00 1.97937E-01 2.81828E-01 3.75113E-01 4.19550E-01
 1.33352E+00 2.00930E-01 2.86090E-01 3.80786E-01 4.28028E-01
 1.34896E+00 2.03935E-01 2.90369E-01 3.86481E-01 4.36669E-01
 1.36458E+00 2.06951E-01 2.94663E-01 3.92197E-01 4.45476E-01
 1.38038E+00 2.09977E-01 2.98971E-01 3.97931E-01 4.54451E-01
 1.39637E+00 2.13012E-01 3.03293E-01 4.03683E-01 4.63598E-01
 1.41254E+00 2.16056E-01 3.07626E-01 4.09450E-01 4.72921E-01
 1.42889E+00 2.19106E-01 3.11970E-01 4.15232E-01 4.82422E-01
 1.44544E+00 2.22164E-01 3.16323E-01 4.21026E-01 4.92104E-01
 1.46218E+00 2.25227E-01 3.20685E-01 4.26831E-01 5.01971E-01
 1.47911E+00 2.28295E-01 3.25053E-01 4.32646E-01 5.12026E-01
 1.49624E+00 2.31367E-01 3.29427E-01 4.38468E-01 5.22272E-01
 1.51356E+00 2.34443E-01 3.33806E-01 4.44296E-01 5.32713E-01
 1.53109E+00 2.37520E-01 3.38188E-01 4.50129E-01 5.43353E-01
 1.54882E+00 2.40600E-01 3.42572E-01 4.55964E-01 5.54195E-01
 1.56675E+00 2.43679E-01 3.46958E-01 4.61801E-01 5.65242E-01
 1.58489E+00 2.46759E-01 3.51342E-01 4.70795E-01 5.76499E-01
 1.60325E+00 2.49837E-01 3.55725E-01 4.80686E-01 5.87969E-01
 1.62181E+00 2.52914E-01 3.60106E-01 4.90777E-01 5.99655E-01
 1.64059E+00 2.55988E-01 3.64482E-01 5.01071E-01 6.11562E-01
 1.65959E+00 2.59058E-01 3.68853E-01 5.11571E-01 6.23693E-01
 1.67880E+00 2.62123E-01 3.73218E-01 5.22282E-01 6.36053E-01
 1.69824E+00 2.65183E-01 3.77575E-01 5.33208E-01 6.48645E-01
 1.71791E+00 2.68237E-01 3.81924E-01 5.44352E-01 6.61474E-01
 1.73780E+00 2.71284E-01 3.86262E-01 5.55719E-01 6.74544E-01
 1.75792E+00 2.74324E-01 3.90590E-01 5.67313E-01 6.87858E-01
 1.77828E+00 2.77354E-01 3.94905E-01 5.79138E-01 7.01422E-01
 1.79887E+00 2.80376E-01 3.99207E-01 5.91198E-01 7.15239E-01
 1.81970E+00 2.83387E-01 4.03494E-01 6.03497E-01 7.29314E-01
 1.84077E+00 2.86387E-01 4.07766E-01 6.16040E-01 7.43651E-01
 1.86209E+00 2.89376E-01 4.12021E-01 6.28831E-01 7.58255E-01
 1.88365E+00 2.92352E-01 4.16259E-01 6.41874E-01 7.73130E-01
 1.90546E+00 2.95315E-01 4.20478E-01 6.55147E-01 7.88282E-01
 1.92752E+00 2.98264E-01 4.24677E-01 6.68574E-01 8.03714E-01
 1.94984E+00 3.01199E-01 4.28856E-01 6.82150E-01 8.19432E-01
 1.97242E+00 3.04119E-01 4.33013E-01 6.95875E-01 8.35440E-01
 1.99526E+00 3.07023E-01 4.37148E-01 7.09748E-01 8.51743E-01
 2.01837E+00 3.09910E-01 4.41259E-01 7.23769E-01 8.68346E-01
 2.04174E+00 3.12781E-01 4.45346E-01 7.37937E-01 8.85255E-01
 2.06538E+00 3.15633E-01 4.49407E-01 7.52251E-01 9.02474E-01
 2.08930E+00 3.18468E-01 4.53443E-01 7.66712E-01 9.20009E-01
 2.11349E+00 3.21283E-01 4.57452E-01 7.81319E-01 9.37864E-01
 2.13796E+00 3.24079E-01 4.61433E-01 7.96070E-01 9.56045E-01
 2.16272E+00 3.26855E-01 4.65386E-01 8.10966E-01 9.74558E-01
 2.18776E+00 3.29611E-01 4.69309E-01 8.26005E-01 9.93407E-01
 2.21309E+00 3.32346E-01 4.73203E-01 8.41188E-01 1.01260E+00
 2.23872E+00 3.35059E-01 4.77066E-01 8.56513E-01 1.03214E+00
 2.26464E+00 3.37750E-01 4.80898E-01 8.71979E-01 1.05203E+00
 2.29087E+00 3.40419E-01 4.84699E-01 8.87586E-01 1.07228E+00
 2.31739E+00 3.43066E-01 4.88467E-01 9.03332E-01 1.09290E+00
 2.34423E+00 3.45689E-01 4.92202E-01 9.19218E-01 1.11389E+00
 2.37137E+00 3.48289E-01 4.95904E-01 9.35240E-01 1.13525E+00
 2.39883E+00 3.50865E-01 4.99572E-01 9.51400E-01 1.15700E+00
 2.42661E+00 3.53417E-01 5.03205E-01 9.67694E-01 1.17913E+00
 2.45471E+00 3.55944E-01 5.06803E-01 9.84123E-01 1.20166E+00
 2.48313E+00 3.58447E-01 5.10367E-01 1.00068E+00 1.22459E+00
 2.51189E+00 3.60924E-01 5.13894E-01 1.01738E+00 1.24793E+00
 2.54097E+00 3.63376E-01 5.17386E-01 1.03420E+00 1.27168E+00
 2.57040E+00 3.65803E-01 5.20841E-01 1.05115E+00 1.29585E+00
 2.60016E+00 3.68204E-01 5.24259E-01 1.06823E+00 1.32044E+00
 2.63027E+00 3.70579E-01 5.27640E-01 1.08543E+00 1.34547E+00
 2.66073E+00 3.72927E-01 5.30985E-01 1.10275E+00 1.37094E+00
 2.69153E+00 3.75250E-01 5.34291E-01 1.12020E+00 1.39685E+00
 2.72270E+00 3.77546E-01 5.37560E-01 1.13776E+00 1.42322E+00
 2.75423E+00 3.79815E-01 5.40792E-01 1.15545E+00 1.45004E+00
 2.78612E+00 3.82058E-01 5.43985E-01 1.17324E+00 1.47733E+00
 2.81838E+00 3.84274E-01 5.47140E-01 1.19115E+00 1.50509E+00
 2.85102E+00 3.86463E-01 5.50256E-01 1.20916E+00 1.53334E+00
 2.88403E+00 3.88625E-01 5.53335E-01 1.22729E+00 1.56207E+00
 2.91743E+00 3.90760E-01 5.56375E-01 1.24551E+00 1.59129E+00
 2.95121E+00 3.92868E-01 5.59376E-01 1.26384E+00 1.62102E+00
 2.98538E+00 3.94949E-01 5.62339E-01 1.28226E+00 1.65125E+00
 3.01995E+00 3.97003E-01 5.65264E-01 1.30078E+00 1.68200E+00
 3.05492E+00 3.99030E-01 5.68150E-01 1.31938E+00 1.71327E+00
 3.09030E+00 4.01030E-01 5.70998E-01 1.33808E+00 1.74508E+00
 3.12608E+00 4.03003E-01 5.73807E-01 1.35685E+00 1.77743E+00
 3.16228E+00 4.04949E-01 5.76578E-01 1.37571E+00 1.81032E+00
 3.19890E+00 4.06868E-01 5.79311E-01 1.39464E+00 1.84376E+00
 3.23594E+00 4.08761E-01 5.82005E-01 1.41364E+00 1.87778E+00
 3.27341E+00 4.10627E-01 5.84662E-01 1.43271E+00 1.91236E+00
 3.31131E+00 4.12466E-01 5.87281E-01 1.45184E+00 1.94752E+00
 3.34965E+00 4.14279E-01 5.89862E-01 1.47102E+00 1.98327E+00
 3.38844E+00 4.16066E-01 5.92406E-01 1.49026E+00 2.01962E+00
 3.42768E+00 4.17826E-01 5.94913E-01 1.50954E+00 2.05657E+00
 3.46737E+00 4.19561E-01 5.97382E-01 1.52887E+00 2.09414E+00
 3.50752E+00 4.21269E-01 5.99815E-01 1.54823E+00 2.13234E+00
 3.54813E+00 4.22952E-01 6.02211E-01 1.56762E+00 2.17116E+00
 3.58922E+00 4.24609E-01 6.04570E-01 1.58704E+00 2.21063E+00
 3.63078E+00 4.26241E-01 6.06894E-01 1.60647E+00 2.25076E+00
 3.67282E+00 4.27847E-01 6.09181E-01 1.62592E+00 2.29154E+00
 3.71535E+00 4.29429E-01 6.11433E-01 1.64537E+00 2.33300E+00
 3.75837E+00 4.30986E-01 6.13649E-01 1.66483E+00 2.37513E+00
 3.80189E+00 4.32518E-01 6.15831E-01 1.68427E+00 2.41796E+00
 3.84592E+00 4.34025E-01 6.17978E-01 1.70370E+00 2.46150E+00
 3.89045E+00 4.35509E-01 6.20090E-01 1.72312E+00 2.50574E+00
 3.93550E+00 4.36968E-01 6.22168E-01 1.74250E+00 2.55071E+00
 3.98107E+00 4.38404E-01 6.24212E-01 1.76185E+00 2.59641E+00
 4.02717E+00 4.39816E-01 6.26223E-01 1.78115E+00 2.64286E+00
 4.07380E+00 4.41205E-01 6.28201E-01 1.80041E+00 2.69006E+00
 4.12098E+00 4.42571E-01 6.30145E-01 1.81961E+00 2.73803E+00
 4.16869E+00 4.43914E-01 6.32058E-01 1.83874E+00 2.78678E+00
 4.21697E+00 4.45235E-01 6.33938E-01 1.85780E+00 2.83631E+00
 4.26580E+00 4.46533E-01 6.35786E-01 1.87678E+00 2.88665E+00
 4.31519E+00 4.47809E-01 6.37604E-01 1.89567E+00 2.93780E+00
 4.36516E+00 4.49064E-01 6.39390E-01 1.91447E+00 2.98977E+00
 4.41570E+00 4.50296E-01 6.41145E-01 1.93316E+00 3.04259E+00
 4.46684E+00 4.51508E-01 6.42870E-01 1.95173E+00 3.09624E+00
 4.51856E+00 4.52698E-01 6.44565E-01 1.97019E+00 3.15076E+00
 4.57088E+00 4.53868E-01 6.46230E-01 1.98851E+00 3.20616E+00
 4.62381E+00 4.55017E-01 6.47866E-01 2.00669E+00 3.26243E+00
 4.67735E+00 4.56146E-01 6.49474E-01 2.02473E+00 3.31961E+00
 4.73151E+00 4.57255E-01 6.51053E-01 2.04261E+00 3.37768E+00
 4.78630E+00 4.58344E-01 6.52604E-01 2.06033E+00 3.43667E+00
 4.84172E+00 4.59414E-01 6.54127E-01 2.07787E+00 3.49659E+00
 4.89779E+00 4.60465E-01 6.55622E-01 2.09523E+00 3.55745E+00
 4.95450E+00 4.61496E-01 6.57091E-01 2.11241E+00 3.61925E+00
 5.01187E+00 4.62509E-01 6.58533E-01 2.12938E+00 3.68202E+00
 5.06991E+00 4.63503E-01 6.59949E-01 2.14615E+00 3.74577E+00
 5.12861E+00 4.64480E-01 6.61339E-01 2.16271E+00 3.81050E+00
 5.18800E+00 4.65438E-01 6.62704E-01 2.17904E+00 3.87623E+00
 5.24807E+00 4.66379E-01 6.64044E-01 2.19514E+00 3.94298E+00
 5.30884E+00 4.67303E-01 6.65358E-01 2.21100E+00 4.01075E+00
 5.37032E+00 4.68209E-01 6.66649E-01 2.22661E+00 4.07955E+00
 5.43250E+00 4.69098E-01 6.67915E-01 2.24197E+00 4.14941E+00
 5.49541E+00 4.69971E-01 6.69158E-01 2.25706E+00 4.22033E+00
 5.55904E+00 4.70828E-01 6.70378E-01 2.27189E+00 4.29233E+00
 5.62341E+00 4.71668E-01 6.71574E-01 2.28643E+00 4.36541E+00
 5.68853E+00 4.72493E-01 6.72748E-01 2.30069E+00 4.43960E+00
 5.75440E+00 4.73302E-01 6.73900E-01 2.31466E+00 4.51490E+00
 5.82103E+00 4.74095E-01 6.75030E-01 2.32833E+00 4.59132E+00
 5.88844E+00 4.74874E-01 6.76139E-01 2.34169E+00 4.66889E+00
 5.95662E+00 4.75638E-01 6.77226E-01 2.35473E+00 4.74761E+00
 6.02560E+00 4.76387E-01 6.78293E-01 2.36746E+00 4.82749E+00
 6.09537E+00 4.77121E-01 6.79339E-01 2.37986E+00 4.90855E+00
 6.16595E+00 4.77842E-01 6.80365E-01 2.39193E+00 4.99080E+00
 6.23735E+00 4.78549E-01 6.81371E-01 2.40366E+00 5.07425E+00
 6.30957E+00 4.79242E-01 6.82358E-01 2.41505E+00 5.15892E+00
 6.38263E+00 4.79921E-01 6.83325E-01 2.42609E+00 5.24482E+00
 6.45654E+00 4.80587E-01 6.84274E-01 2.43678E+00 5.33196E+00
 6.53131E+00 4.81241E-01 6.85204E-01 2.44711E+00 5.42036E+00
 6.60693E+00 4.81881E-01 6.86116E-01 2.45707E+00 5.51003E+00
 6.68344E+00 4.82509E-01 6.87010E-01 2.46667E+00 5.60097E+00
 6.76083E+00 4.83125E-01 6.87887E-01 2.47589E+00 5.69321E+00
 6.83912E+00 4.83729E-01 6.88746E-01 2.48474E+00 5.78675E+00
 6.91831E+00 4.84320E-01 6.89589E-01 2.49321E+00 5.88162E+00
 6.99842E+00 4.84900E-01 6.90414E-01 2.50130E+00 5.97781E+00
 7.07946E+00 4.85468E-01 6.91224E-01 2.50901E+00 6.07535E+00
 7.16143E+00 4.86026E-01 6.92017E-01 2.51632E+00 6.17425E+00
 7.24436E+00 4.86572E-01 6.92794E-01 2.52325E+00 6.27452E+00
 7.32825E+00 4.87107E-01 6.93556E-01 2.52979E+00 6.37617E+00
 7.41310E+00 4.87631E-01 6.94303E-01 2.53593E+00 6.47922E+00
 7.49894E+00 4.88145E-01 6.95035E-01 2.54168E+00 6.58367E+00
 7.58578E+00 4.88649E-01 6.95752E-01 2.54703E+00 6.68955E+00
 7.67361E+00 4.89142E-01 6.96455E-01 2.55198E+00 6.79685E+00
 7.76247E+00 4.89626E-01 6.97143E-01 2.55654E+00 6.90561E+00
 7.85236E+00 4.90100E-01 6.97818E-01 2.56070E+00 7.01582E+00
 7.94328E+00 4.90564E-01 6.98479E-01 2.56446E+00 7.12750E+00
 8.03526E+00 4.91019E-01 6.99127E-01 2.56782E+00 7.24066E+00
 8.12831E+00 4.91465E-01 6.99761E-01 2.57078E+00 7.35532E+00
 8.22243E+00 4.91901E-01 7.00383E-01 2.57335E+00 7.47148E+00
 8.31764E+00 4.92329E-01 7.00992E-01 2.57552E+00 7.58917E+00
 8.41395E+00 4.92748E-01 7.01588E-01 2.57730E+00 7.70838E+00
 8.51138E+00 4.93158E-01 7.02172E-01 2.57869E+00 7.82913E+00
 8.60994E+00 4.93560E-01 7.02745E-01 2.57969E+00 7.95144E+00
 8.70964E+00 4.93954E-01 7.03306E-01 2.58029E+00 8.07532E+00
 8.81049E+00 4.94340E-01 7.03855E-01 2.58051E+00 8.20077E+00
 8.91251E+00 4.94717E-01 7.04393E-01 2.58035E+00 8.32781E+00
 9.01571E+00 4.95087E-01 7.04919E-01 2.57980E+00 8.45645E+00
 9.12011E+00 4.95450E-01 7.05435E-01 2.57888E+00 8.58670E+00
 9.22571E+00 4.95805E-01 7.05941E-01 2.57758E+00 8.71857E+00
 9.33254E+00 4.96152E-01 7.06436E-01 2.57591E+00 8.85207E+00
 9.44061E+00 4.96493E-01 7.06920E-01 2.57388E+00 8.98721E+00
 9.54993E+00 4.96826E-01 7.07395E-01 2.57148E+00 9.12401E+00
 9.66051E+00 4.97152E-01 7.07860E-01 2.56872E+00 9.26247E+00
 9.77237E+00 4.97472E-01 7.08315E-01 2.56560E+00 9.40260E+00
 9.88553E+00 4.97785E-01 7.08760E-01 2.56213E+00 9.54442E+00
 1.00000E+01 4.98091E-01 7.09197E-01 2.55832E+00 9.68793E+00
 1.01158E+01 4.98392E-01 7.09624E-01 2.55416E+00 9.83314E+00
 1.02329E+01 4.98685E-01 7.10042E-01 2.54966E+00 9.98006E+00
 1.03514E+01 4.98973E-01 7.10452E-01 2.54484E+00 1.01287E+01
 1.04713E+01 4.99255E-01 7.10853E-01 2.53968E+00 1.02791E+01
 1.05925E+01 4.99530E-01 7.11245E-01 2.53421E+00 1.04312E+01
 1.07152E+01 4.99800E-01 7.11630E-01 2.52842E+00 1.05850E+01
 1.08393E+01 5.00065E-01 7.12006E-01 2.52231E+00 1.07406E+01
 1.09648E+01 5.00323E-01 7.12374E-01 2.51590E+00 1.08980E+01
 1.10917E+01 5.00577E-01 7.12735E-01 2.50919E+00 1.10571E+01
 1.12202E+01 5.00824E-01 7.13088E-01 2.50219E+00 1.12180E+01
 1.13501E+01 5.01067E-01 7.13434E-01 2.49490E+00 1.13807E+01
 1.14815E+01 5.01305E-01 7.13772E-01 2.48732E+00 1.15451E+01
 1.16145E+01 5.01537E-01 7.14103E-01 2.47947E+00 1.17114E+01
 1.17490E+01 5.01765E-01 7.14427E-01 2.47135E+00 1.18795E+01
 1.18850E+01 5.01988E-01 7.14744E-01 2.46296E+00 1.20493E+01
 1.20226E+01 5.02206E-01 7.15055E-01 2.45432E+00 1.22210E+01
 1.21619E+01 5.02419E-01 7.15359E-01 2.44542E+00 1.23944E+01
 1.23027E+01 5.02628E-01 7.15656E-01 2.43628E+00 1.25697E+01
 1.24451E+01 5.02833E-01 7.15947E-01 2.42690E+00 1.27468E+01
 1.25893E+01 5.03033E-01 7.16232E-01 2.41728E+00 1.29257E+01
 1.27350E+01 5.03229E-01 7.16511E-01 2.40744E+00 1.31065E+01
 1.28825E+01 5.03420E-01 7.16784E-01 2.39738E+00 1.32890E+01
 1.30317E+01 5.03608E-01 7.17051E-01 2.38710E+00 1.34734E+01
 1.31826E+01 5.03792E-01 7.17313E-01 2.37661E+00 1.36596E+01
 1.33352E+01 5.03971E-01 7.17568E-01 2.36592E+00 1.38477E+01
 1.34896E+01 5.04147E-01 7.17819E-01 2.35504E+00 1.40375E+01
 1.36458E+01 5.04319E-01 7.18064E-01 2.34396E+00 1.42292E+01
 1.38038E+01 5.04488E-01 7.18304E-01 2.33270E+00 1.44227E+01
 1.39637E+01 5.04652E-01 7.18538E-01 2.32126E+00 1.46180E+01
 1.41254E+01 5.04814E-01 7.18768E-01 2.30965E+00 1.48151E+01
 1.42889E+01 5.04971E-01 7.18992E-01 2.29788E+00 1.50140E+01
 1.44544E+01 5.05126E-01 7.19212E-01 2.28594E+00 1.52147E+01
 1.46218E+01 5.05277E-01 7.19427E-01 2.27385E+00 1.54173E+01
 1.47911E+01 5.05424E-01 7.19638E-01 2.26162E+00 1.56216E+01
 1.49624E+01 5.05569E-01 7.19843E-01 2.24924E+00 1.58277E+01
 1.51356E+01 5.05711E-01 7.20045E-01 2.23673E+00 1.60356E+01
 1.53109E+01 5.05849E-01 7.20242E-01 2.22408E+00 1.62452E+01
 1.54882E+01 5.05984E-01 7.20435E-01 2.21132E+00 1.64566E+01
 1.56675E+01 5.06117E-01 7.20624E-01 2.19843E+00 1.66697E+01
 1.58489E+01 5.06247E-01 7.20808E-01 2.18543E+00 1.68846E+01
 1.60325E+01 5.06373E-01 7.20989E-01 2.17232E+00 1.71012E+01
 1.62181E+01 5.06498E-01 7.21166E-01 2.15911E+00 1.73195E+01
 1.64059E+01 5.06619E-01 7.21338E-01 2.14580E+00 1.75395E+01
 1.65959E+01 5.06738E-01 7.21508E-01 2.13239E+00 1.77612E+01
 1.67880E+01 5.06854E-01 7.21673E-01 2.11891E+00 1.79845E+01
 1.69824E+01 5.06968E-01 7.21835E-01 2.10534E+00 1.82095E+01
 1.71791E+01 5.07079E-01 7.21993E-01 2.09169E+00 1.84360E+01
 1.73780E+01 5.07188E-01 7.22148E-01 2.07797E+00 1.86642E+01
 1.75792E+01 5.07294E-01 7.22300E-01 2.06418E+00 1.88940E+01
 1.77828E+01 5.07398E-01 7.22448E-01 2.05034E+00 1.91253E+01
 1.79887E+01 5.07500E-01 7.22593E-01 2.03643E+00 1.93582E+01
 1.81970E+01 5.07600E-01 7.22735E-01 2.02247E+00 1.95926E+01
 1.84077E+01 5.07697E-01 7.22873E-01 2.00846E+00 1.98284E+01
 1.86209E+01 5.07792E-01 7.23009E-01 1.99441E+00 2.00657E+01
 1.88365E+01 5.07886E-01 7.23142E-01 1.98032E+00 2.03044E+01
 1.90546E+01 5.07977E-01 7.23272E-01 1.96619E+00 2.05445E+01
 1.92752E+01 5.08066E-01 7.23399E-01 1.95204E+00 2.07860E+01
 1.94984E+01 5.08153E-01 7.23523E-01 1.93785E+00 2.10288E+01
 1.97242E+01 5.08239E-01 7.23645E-01 1.92364E+00 2.12730E+01
 1.99526E+01 5.08322E-01 7.23764E-01 1.90941E+00 2.15183E+01
 2.01837E+01 5.08404E-01 7.23880E-01 1.89517E+00 2.17649E+01
 2.04174E+01 5.08484E-01 7.23994E-01 1.88091E+00 2.20127E+01
 2.06538E+01 5.08562E-01 7.24105E-01 1.86664E+00 2.22616E+01
 2.08930E+01 5.08638E-01 7.24214E-01 1.85237E+00 2.25116E+01
 2.11349E+01 5.08713E-01 7.24320E-01 1.83810E+00 2.27627E+01
 2.13796E+01 5.08786E-01 7.24424E-01 1.82383E+00 2.30147E+01
 2.16272E+01 5.08858E-01 7.24526E-01 1.80957E+00 2.32678E+01
 2.18776E+01 5.08928E-01 7.24625E-01 1.79531E+00 2.35217E+01
 2.21309E+01 5.08996E-01 7.24723E-01 1.78107E+00 2.37766E+01
 2.23872E+01 5.09063E-01 7.24818E-01 1.76683E+00 2.40322E+01
 2.26464E+01 5.09128E-01 7.24911E-01 1.75262E+00 2.42886E+01
 2.29087E+01 5.09192E-01 7.25002E-01 1.73843E+00 2.45457E+01
 2.31739E+01 5.09255E-01 7.25091E-01 1.72426E+00 2.48034E+01
 2.34423E+01 5.09316E-01 7.25178E-01 1.71011E+00 2.50618E+01
 2.37137E+01 5.09376E-01 7.25264E-01 1.69600E+00 2.53206E+01
 2.39883E+01 5.09434E-01 7.25347E-01 1.68191E+00 2.55800E+01
 2.42661E+01 5.09492E-01 7.25428E-01 1.66786E+00 2.58397E+01
 2.45471E+01 5.09548E-01 7.25508E-01 1.65384E+00 2.60998E+01
 2.48313E+01 5.09602E-01 7.25586E-01 1.63986E+00 2.63601E+01
 2.51189E+01 5.09656E-01 7.25662E-01 1.62592E+00 2.66207E+01
 2.54097E+01 5.09708E-01 7.25737E-01 1.61203E+00 2.68813E+01
 2.57040E+01 5.09759E-01 7.25810E-01 1.59818E+00 2.71421E+01
 2.60016E+01 5.09809E-01 7.25881E-01 1.58437E+00 2.74028E+01
 2.63027E+01 5.09858E-01 7.25951E-01 1.57062E+00 2.76634E+01
 2.66073E+01 5.09906E-01 7.26019E-01 1.55691E+00 2.79239E+01
 2.69153E+01 5.09953E-01 7.26085E-01 1.54325E+00 2.81842E+01
 2.72270E+01 5.09999E-01 7.26151E-01 1.52965E+00 2.84441E+01
 2.75423E+01 5.10043E-01 7.26214E-01 1.51611E+00 2.87036E+01
 2.78612E+01 5.10087E-01 7.26277E-01 1.50262E+00 2.89626E+01
 2.81838E+01 5.10130E-01 7.26338E-01 1.48919E+00 2.92210E+01
 2.85102E+01 5.10172E-01 7.26397E-01 1.47582E+00 2.94788E+01
 2.88403E+01 5.10213E-01 7.26455E-01 1.46252E+00 2.97358E+01
 2.91743E+01 5.10253E-01 7.26512E-01 1.44927E+00 2.99920E+01
 2.95121E+01 5.10292E-01 7.26568E-01 1.43609E+00 3.02473E+01
 2.98538E+01 5.10330E-01 7.26622E-01 1.42298E+00 3.05015E+01
 3.01995E+01 5.10368E-01 7.26676E-01 1.40993E+00 3.07547E+01
 3.05492E+01 5.10404E-01 7.26728E-01 1.39696E+00 3.10066E+01
 3.09030E+01 5.10440E-01 7.26779E-01 1.38405E+00 3.12572E+01
 3.12608E+01 5.10475E-01 7.26828E-01 1.37121E+00 3.15064E+01
 3.16228E+01 5.10509E-01 7.26877E-01 1.35844E+00 3.17541E+01
 3.19890E+01 5.10543E-01 7.26925E-01 1.34574E+00 3.20003E+01
 3.23594E+01 5.10575E-01 7.26971E-01 1.33312E+00 3.22447E+01
 3.27341E+01 5.10607E-01 7.27017E-01 1.32057E+00 3.24873E+01
 3.31131E+01 5.10638E-01 7.27061E-01 1.30810E+00 3.27281E+01
 3.34965E+01 5.10669E-01 7.27105E-01 1.29570E+00 3.29668E+01
 3.38844E+01 5.10699E-01 7.27147E-01 1.28338E+00 3.32034E+01
 3.42768E+01 5.10728E-01 7.27189E-01 1.27113E+00 3.34378E+01
 3.46737E+01 5.10757E-01 7.27230E-01 1.25897E+00 3.36700E+01
 3.50752E+01 5.10784E-01 7.27269E-01 1.24688E+00 3.38997E+01
 3.54813E+01 5.10812E-01 7.27308E-01 1.23487E+00 3.41269E+01
 3.58922E+01 5.10838E-01 7.27346E-01 1.22294E+00 3.43514E+01
 3.63078E+01 5.10865E-01 7.27383E-01 1.21109E+00 3.45733E+01
 3.67282E+01 5.10890E-01 7.27420E-01 1.19932E+00 3.47923E+01
 3.71535E+01 5.10915E-01 7.27455E-01 1.18763E+00 3.50083E+01
 3.75837E+01 5.10939E-01 7.27490E-01 1.17602E+00 3.52214E+01
 3.80189E+01 5.10963E-01 7.27524E-01 1.16449E+00 3.54313E+01
 3.84592E+01 5.10987E-01 7.27557E-01 1.15305E+00 3.56379E+01
 3.89045E+01 5.11009E-01 7.27589E-01 1.14168E+00 3.58412E+01
 3.93550E+01 5.11032E-01 7.27621E-01 1.13040E+00 3.60411E+01
 3.98107E+01 5.11053E-01 7.27652E-01 1.11920E+00 3.62374E+01
 4.02717E+01 5.11075E-01 7.27683E-01 1.10809E+00 3.64300E+01
 4.07380E+01 5.11095E-01 7.27712E-01 1.09706E+00 3.66189E+01
 4.12098E+01 5.11116E-01 7.27741E-01 1.08611E+00 3.68040E+01
 4.16869E+01 5.11136E-01 7.27769E-01 1.07524E+00 3.69851E+01
 4.21697E+01 5.11155E-01 7.27797E-01 1.06446E+00 3.71622E+01
 4.26580E+01 5.11174E-01 7.27824E-01 1.05376E+00 3.73351E+01
 4.31519E+01 5.11193E-01 7.27851E-01 1.04314E+00 3.75038E+01
 4.36516E+01 5.11211E-01 7.27877E-01 1.03261E+00 3.76683E+01
 4.41570E+01 5.11229E-01 7.27902E-01 1.02216E+00 3.78283E+01
 4.46684E+01 5.11246E-01 7.27927E-01 1.01179E+00 3.79838E+01
 4.51856E+01 5.11263E-01 7.27951E-01 1.00151E+00 3.81347E+01
 4.57088E+01 5.11280E-01 7.27974E-01 9.91311E-01 3.82810E+01
 4.62381E+01 5.11296E-01 7.27998E-01 9.81195E-01 3.84226E+01
 4.67735E+01 5.11312E-01 7.28020E-01 9.71162E-01 3.85594E+01
 4.73151E+01 5.11327E-01 7.28042E-01 9.69024E-01 3.86913E+01
 4.78630E+01 5.11342E-01 7.28064E-01 9.69053E-01 3.88182E+01
 4.84172E+01 5.11357E-01 7.28085E-01 9.69081E-01 3.89401E+01
 4.89779E+01 5.11372E-01 7.28106E-01 9.69108E-01 3.90569E+01
 4.95450E+01 5.11386E-01 7.28126E-01 9.69135E-01 3.91686E+01
 5.01187E+01 5.11400E-01 7.28145E-01 9.69162E-01 3.92750E+01
 5.06991E+01 5.11413E-01 7.28165E-01 9.69187E-01 3.93762E+01
 5.12861E+01 5.11427E-01 7.28184E-01 9.69212E-01 3.94720E+01
 5.18800E+01 5.11439E-01 7.28202E-01 9.69237E-01 3.95625E+01
 5.24807E+01 5.11452E-01 7.28220E-01 9.69261E-01 3.96476E+01
 5.30884E+01 5.11464E-01 7.28238E-01 9.69284E-01 3.97272E+01
 5.37032E+01 5.11477E-01 7.28255E-01 9.69307E-01 3.98013E+01
 5.43250E+01 5.11488E-01 7.28272E-01 9.69329E-01 3.98698E+01
 5.49541E+01 5.11500E-01 7.28288E-01 9.69351E-01 3.99328E+01
 5.55904E+01 5.11511E-01 7.28304E-01 9.69373E-01 3.99902E+01
 5.62341E+01 5.11522E-01 7.28320E-01 9.69394E-01 4.00420E+01
 5.68853E+01 5.11533E-01 7.28335E-01 9.69414E-01 4.00881E+01
 5.75440E+01 5.11544E-01 7.28350E-01 9.69434E-01 4.01285E+01
 5.82103E+01 5.11554E-01 7.28365E-01 9.69454E-01 4.01633E+01
 5.88844E+01 5.11564E-01 7.28379E-01 9.69473E-01 4.01923E+01
 5.95662E+01 5.11574E-01 7.28393E-01 9.69491E-01 4.02157E+01
 6.02560E+01 5.11583E-01 7.28407E-01 9.69510E-01 4.02334E+01
 6.09537E+01 5.11593E-01 7.28420E-01 9.69527E-01 4.02453E+01
 6.16595E+01 5.11602E-01 7.28433E-01 9.69545E-01 4.02516E+01
 6.23735E+01 5.11611E-01 7.28446E-01 9.69562E-01 4.02522E+01
 6.30957E+01 5.11620E-01 7.28459E-01 9.69579E-01 4.02471E+01
 6.38263E+01 5.11628E-01 7.28471E-01 9.69595E-01 4.02364E+01
 6.45654E+01 5.11637E-01 7.28483E-01 9.69611E-01 4.02200E+01
 6.53131E+01 5.11645E-01 7.28495E-01 9.69626E-01 4.01980E+01
 6.60693E+01 5.11653E-01 7.28506E-01 9.69641E-01 4.01704E+01
 6.68344E+01 5.11661E-01 7.28517E-01 9.69656E-01 4.01373E+01
 6.76083E+01 5.11669E-01 7.28528E-01 9.69671E-01 4.00986E+01
 6.83912E+01 5.11676E-01 7.28539E-01 9.69685E-01 4.00545E+01
 6.91831E+01 5.11683E-01 7.28549E-01 9.69699E-01 4.00049E+01
 6.99842E+01 5.11691E-01 7.28559E-01 9.69712E-01 3.99499E+01
 7.07946E+01 5.11698E-01 7.28569E-01 9.69726E-01 3.98895E+01
 7.16143E+01 5.11704E-01 7.28579E-01 9.69739E-01 3.98239E+01
 7.24436E+01 5.11711E-01 7.28589E-01 9.69751E-01 3.97530E+01
 7.32825E+01 5.11718E-01 7.28598E-01 9.69764E-01 3.96769E+01
 7.41310E+01 5.11724E-01 7.28607E-01 9.69776E-01 3.95957E+01
 7.49894E+01 5.11730E-01 7.28616E-01 9.69788E-01 3.95095E+01
 7.58578E+01 5.11736E-01 7.28625E-01 9.69799E-01 3.94182E+01
 7.67361E+01 5.11742E-01 7.28633E-01 9.69811E-01 3.93220E+01
 7.76247E+01 5.11748E-01 7.28641E-01 9.69822E-01 3.92209E+01
 7.85236E+01 5.11754E-01 7.28649E-01 9.69832E-01 3.91150E+01
 7.94328E+01 5.11759E-01 7.28657E-01 9.69843E-01 3.90045E+01
 8.03526E+01 5.11765E-01 7.28665E-01 9.69853E-01 3.88892E+01
 8.12831E+01 5.11770E-01 7.28673E-01 9.69863E-01 3.87695E+01
 8.22243E+01 5.11775E-01 7.28680E-01 9.69873E-01 3.86452E+01
 8.31764E+01 5.11780E-01 7.28687E-01 9.69883E-01 3.85166E+01
 8.41395E+01 5.11785E-01 7.28694E-01 9.69892E-01 3.83836E+01
 8.51138E+01 5.11790E-01 7.28701E-01 9.69902E-01 3.82465E+01
 8.60994E+01 5.11795E-01 7.28708E-01 9.69911E-01 3.81052E+01
 8.70964E+01 5.11800E-01 7.28715E-01 9.69919E-01 3.79598E+01
 8.81049E+01 5.11804E-01 7.28721E-01 9.69928E-01 3.78105E+01
 8.91251E+01 5.11809E-01 7.28728E-01 9.69936E-01 3.76573E+01
 9.01571E+01 5.11813E-01 7.28734E-01 9.69945E-01 3.75004E+01
 9.12011E+01 5.11817E-01 7.28740E-01 9.69953E-01 3.73398E+01
 9.22571E+01 5.11821E-01 7.28746E-01 9.69960E-01 3.71756E+01
 9.33254E+01 5.11825E-01 7.28751E-01 9.69968E-01 3.70080E+01
 9.44061E+01 5.11829E-01 7.28757E-01 9.69976E-01 3.68369E+01
 9.54993E+01 5.11833E-01 7.28763E-01 9.69983E-01 3.66626E+01
 9.66051E+01 5.11837E-01 7.28768E-01 9.69990E-01 3.64851E+01
 9.77237E+01 5.11841E-01 7.28773E-01 9.69997E-01 3.63044E+01
 9.88553E+01 5.11844E-01 7.28778E-01 9.70004E-01 3.61208E+01
 1.00000E+02 5.11848E-01 7.28783E-01 9.70011E-01 3.59343E+01
