 1.00000E-02 6.77402E-02 9.30710E-02 1.23920E-01 1.27931E-01
 2.00000E-02 6.77211E-02 9.30750E-02 1.23845E-01 1.27941E-01
 3.00000E-02 6.76839E-02 9.30024E-02 1.23743E-01 1.27814E-01
 4.00000E-02 6.76274E-02 9.29066E-02 1.23602E-01 1.27663E-01
 5.00000E-02 6.75712E-02 9.28095E-02 1.23437E-01 1.27489E-01
 6.00000E-02 6.75212E-02 9.27135E-02 1.23268E-01 1.27314E-01
 7.00000E-02 6.74907E-02 9.26364E-02 1.23125E-01 1.27155E-01
 8.00000E-02 6.74902E-02 9.25948E-02 1.23016E-01 1.27040E-01
 9.00000E-02 6.75334E-02 9.26055E-02 1.22972E-01 1.26987E-01
 1.00000E-01 6.76332E-02 9.26856E-02 1.23011E-01 1.27019E-01
 1.10000E-01 6.78042E-02 9.28534E-02 1.23157E-01 1.27163E-01
 1.20000E-01 6.80590E-02 9.31265E-02 1.23433E-01 1.27438E-01
 1.30000E-01 6.84110E-02 9.35213E-02 1.23860E-01 1.27870E-01
 1.40000E-01 6.88723E-02 9.40536E-02 1.24457E-01 1.28477E-01
 1.50000E-01 6.94540E-02 9.47381E-02 1.25245E-01 1.29280E-01
 1.60000E-01 7.01663E-02 9.55875E-02 1.26240E-01 1.30295E-01
 1.70000E-01 7.10169E-02 9.66124E-02 1.27455E-01 1.31538E-01
 1.80000E-01 7.20119E-02 9.78213E-02 1.28902E-01 1.33020E-01
 1.90000E-01 7.31551E-02 9.92195E-02 1.30589E-01 1.34749E-01
 2.00000E-01 7.44486E-02 1.00810E-01 1.32521E-01 1.36732E-01
 2.10000E-01 7.58919E-02 1.02593E-01 1.34700E-01 1.38970E-01
 2.20000E-01 7.74830E-02 1.04566E-01 1.37123E-01 1.41462E-01
 2.30000E-01 7.92181E-02 1.06726E-01 1.39787E-01 1.44204E-01
 2.40000E-01 8.10925E-02 1.09065E-01 1.42686E-01 1.47189E-01
 2.50000E-01 8.31003E-02 1.11576E-01 1.45809E-01 1.50409E-01
 2.60000E-01 8.52350E-02 1.14252E-01 1.49147E-01 1.53854E-01
 2.70000E-01 8.74898E-02 1.17082E-01 1.52688E-01 1.57511E-01
 2.80000E-01 8.98578E-02 1.20058E-01 1.56420E-01 1.61369E-01
 2.90000E-01 9.23323E-02 1.23169E-01 1.60330E-01 1.65415E-01
 3.00000E-01 9.49066E-02 1.26407E-01 1.64406E-01 1.69637E-01
 3.10000E-01 9.75744E-02 1.29762E-01 1.68634E-01 1.74021E-01
 3.20000E-01 1.00330E-01 1.33226E-01 1.73003E-01 1.78556E-01
 3.30000E-01 1.03167E-01 1.36791E-01 1.77500E-01 1.86617E-01
 3.40000E-01 1.06082E-01 1.40449E-01 1.82114E-01 1.95373E-01
 3.50000E-01 1.09068E-01 1.44194E-01 1.86834E-01 2.04251E-01
 3.60000E-01 1.12123E-01 1.48018E-01 1.91650E-01 2.13256E-01
 3.70000E-01 1.15241E-01 1.51915E-01 1.96551E-01 2.22381E-01
 3.80000E-01 1.18419E-01 1.55881E-01 2.01529E-01 2.31632E-01
 3.90000E-01 1.21655E-01 1.59909E-01 2.06575E-01 2.41001E-01
 4.00000E-01 1.24944E-01 1.63996E-01 2.11680E-01 2.50494E-01
 4.10000E-01 1.28284E-01 1.68136E-01 2.16838E-01 2.60105E-01
 4.20000E-01 1.31672E-01 1.72327E-01 2.22041E-01 2.69837E-01
 4.30000E-01 1.35106E-01 1.76563E-01 2.27283E-01 2.79685E-01
 4.40000E-01 1.38585E-01 1.80842E-01 2.32558E-01 2.89652E-01
 4.50000E-01 1.42104E-01 1.85161E-01 2.38661E-01 2.99735E-01
 4.60000E-01 1.45664E-01 1.89516E-01 2.47205E-01 3.09934E-01
 4.70000E-01 1.49262E-01 1.93906E-01 2.55858E-01 3.20250E-01
 4.80000E-01 1.52897E-01 1.98327E-01 2.64618E-01 3.30678E-01
 4.90000E-01 1.56566E-01 2.02778E-01 2.73486E-01 3.41221E-01
 5.00000E-01 1.60270E-01 2.07256E-01 2.82460E-01 3.51877E-01
 5.10000E-01 1.64005E-01 2.11759E-01 2.91540E-01 3.62645E-01
 5.20000E-01 1.67772E-01 2.16285E-01 3.00727E-01 3.73525E-01
 5.30000E-01 1.71568E-01 2.20833E-01 3.10020E-01 3.84516E-01
 5.40000E-01 1.75394E-01 2.25400E-01 3.19417E-01 3.95617E-01
 5.50000E-01 1.79247E-01 2.29986E-01 3.28920E-01 4.06826E-01
 5.60000E-01 1.83127E-01 2.34589E-01 3.38527E-01 4.18145E-01
 5.70000E-01 1.87033E-01 2.39208E-01 3.48238E-01 4.29572E-01
 5.80000E-01 1.90963E-01 2.43840E-01 3.58053E-01 4.41106E-01
 5.90000E-01 1.94918E-01 2.48486E-01 3.67971E-01 4.52746E-01
 6.00000E-01 1.98893E-01 2.53144E-01 3.77994E-01 4.64492E-01
 6.10000E-01 2.02850E-01 2.57812E-01 3.88118E-01 4.76343E-01
 6.20000E-01 2.06778E-01 2.62490E-01 3.98345E-01 4.88299E-01
 6.30000E-01 2.10677E-01 2.67177E-01 4.08675E-01 5.00359E-01
 6.40000E-01 2.14545E-01 2.71872E-01 4.19106E-01 5.12521E-01
 6.50000E-01 2.18381E-01 2.76573E-01 4.29639E-01 5.24785E-01
 6.60000E-01 2.22186E-01 2.81281E-01 4.40274E-01 5.37151E-01
 6.70000E-01 2.25958E-01 2.85994E-01 4.51009E-01 5.49618E-01
 6.80000E-01 2.29697E-01 2.90710E-01 4.61845E-01 5.62184E-01
 6.90000E-01 2.33403E-01 2.95400E-01 4.72781E-01 5.74851E-01
 7.00000E-01 2.37074E-01 3.00047E-01 4.83817E-01 5.87616E-01
 7.10000E-01 2.40712E-01 3.04651E-01 4.94954E-01 6.00479E-01
 7.20000E-01 2.44315E-01 3.09211E-01 5.06189E-01 6.13439E-01
 7.30000E-01 2.47883E-01 3.13726E-01 5.17523E-01 6.26496E-01
 7.40000E-01 2.51415E-01 3.18198E-01 5.28957E-01 6.39649E-01
 7.50000E-01 2.54913E-01 3.22624E-01 5.40489E-01 6.52897E-01
 7.60000E-01 2.58375E-01 3.27006E-01 5.52119E-01 6.66239E-01
 7.70000E-01 2.61801E-01 3.31342E-01 5.63847E-01 6.79676E-01
 7.80000E-01 2.65192E-01 3.35634E-01 5.75672E-01 6.93205E-01
 7.90000E-01 2.68547E-01 3.39880E-01 5.87595E-01 7.06826E-01
 8.00000E-01 2.71866E-01 3.44080E-01 5.99614E-01 7.20539E-01
 8.10000E-01 2.75149E-01 3.48236E-01 6.11730E-01 7.34343E-01
 8.20000E-01 2.78397E-01 3.52346E-01 6.23942E-01 7.48238E-01
 8.30000E-01 2.81609E-01 3.57658E-01 6.36250E-01 7.62221E-01
 8.40000E-01 2.84785E-01 3.63954E-01 6.48653E-01 7.76294E-01
 8.50000E-01 2.87925E-01 3.70177E-01 6.61151E-01 7.90454E-01
 8.60000E-01 2.91030E-01 3.76325E-01 6.73744E-01 8.04702E-01
 8.70000E-01 2.94100E-01 3.82396E-01 6.86432E-01 8.19037E-01
 8.80000E-01 2.97134E-01 3.88391E-01 6.99214E-01 8.33457E-01
 8.90000E-01 3.00134E-01 3.94307E-01 7.12089E-01 8.47963E-01
 9.00000E-01 3.03098E-01 4.00144E-01 7.25057E-01 8.62553E-01
 9.10000E-01 3.06028E-01 4.05901E-01 7.38119E-01 8.77226E-01
 9.20000E-01 3.08924E-01 4.11577E-01 7.51273E-01 8.91983E-01
 9.30000E-01 3.11785E-01 4.17172E-01 7.64518E-01 9.06822E-01
 9.40000E-01 3.14612E-01 4.22685E-01 7.77856E-01 9.21744E-01
 9.50000E-01 3.17406E-01 4.28115E-01 7.91285E-01 9.36745E-01
 9.60000E-01 3.20166E-01 4.33464E-01 8.04805E-01 9.51827E-01
 9.70000E-01 3.22893E-01 4.38729E-01 8.18415E-01 9.66989E-01
 9.80000E-01 3.25587E-01 4.43911E-01 8.32116E-01 9.82229E-01
 9.90000E-01 3.28249E-01 4.49011E-01 8.45906E-01 9.97548E-01
 1.00000E+00 3.30878E-01 4.54027E-01 8.59785E-01 1.01294E+00
 1.01158E+00 3.33882E-01 4.59732E-01 8.75967E-01 1.03087E+00
 1.02329E+00 3.36878E-01 4.65390E-01 8.92457E-01 1.04910E+00
 1.03514E+00 3.39865E-01 4.70998E-01 9.09261E-01 1.06765E+00
 1.04713E+00 3.42843E-01 4.76553E-01 9.26384E-01 1.08652E+00
 1.05925E+00 3.45810E-01 4.82053E-01 9.43831E-01 1.10572E+00
 1.07152E+00 3.48767E-01 4.87495E-01 9.61610E-01 1.12525E+00
 1.08393E+00 3.51712E-01 4.92876E-01 9.79725E-01 1.14511E+00
 1.09648E+00 3.54645E-01 4.98193E-01 9.98183E-01 1.16531E+00
 1.10917E+00 3.57566E-01 5.03444E-01 1.01699E+00 1.18587E+00
 1.12202E+00 3.60474E-01 5.08627E-01 1.03613E+00 1.20677E+00
 1.13501E+00 3.63369E-01 5.13738E-01 1.05549E+00 1.22803E+00
 1.14815E+00 3.66250E-01 5.18776E-01 1.07506E+00 1.24965E+00
 1.16145E+00 3.69116E-01 5.23737E-01 1.09481E+00 1.27163E+00
 1.17490E+00 3.71967E-01 5.28620E-01 1.11477E+00 1.29399E+00
 1.18850E+00 3.74803E-01 5.33423E-01 1.13491E+00 1.31673E+00
 1.20226E+00 3.77624E-01 5.38143E-01 1.15525E+00 1.33985E+00
 1.21619E+00 3.80428E-01 5.42778E-01 1.17579E+00 1.36336E+00
 1.23027E+00 3.83215E-01 5.47326E-01 1.19651E+00 1.38727E+00
 1.24451E+00 3.85985E-01 5.51785E-01 1.21742E+00 1.41157E+00
 1.25893E+00 3.88738E-01 5.56153E-01 1.23851E+00 1.43628E+00
 1.27350E+00 3.91473E-01 5.60429E-01 1.25979E+00 1.46141E+00
 1.28825E+00 3.94189E-01 5.64610E-01 1.28126E+00 1.48694E+00
 1.30317E+00 3.96887E-01 5.68695E-01 1.30290E+00 1.51291E+00
 1.31826E+00 3.99566E-01 5.72682E-01 1.32472E+00 1.53930E+00
 1.33352E+00 4.02226E-01 5.76570E-01 1.34671E+00 1.56612E+00
 1.34896E+00 4.04866E-01 5.80358E-01 1.36888E+00 1.59339E+00
 1.36458E+00 4.07487E-01 5.84044E-01 1.39122E+00 1.62110E+00
 1.38038E+00 4.10087E-01 5.87626E-01 1.41373E+00 1.64926E+00
 1.39637E+00 4.12667E-01 5.91104E-01 1.43641E+00 1.67789E+00
 1.41254E+00 4.15226E-01 5.94476E-01 1.45924E+00 1.70697E+00
 1.42889E+00 4.17764E-01 5.97742E-01 1.48224E+00 1.73653E+00
 1.44544E+00 4.20281E-01 6.00900E-01 1.50539E+00 1.76656E+00
 1.46218E+00 4.22777E-01 6.03950E-01 1.52870E+00 1.79708E+00
 1.47911E+00 4.25251E-01 6.06891E-01 1.55215E+00 1.82808E+00
 1.49624E+00 4.27704E-01 6.09722E-01 1.57575E+00 1.85958E+00
 1.51356E+00 4.30135E-01 6.12442E-01 1.59949E+00 1.89158E+00
 1.53109E+00 4.32543E-01 6.15051E-01 1.62337E+00 1.92408E+00
 1.54882E+00 4.34930E-01 6.17549E-01 1.64739E+00 1.95710E+00
 1.56675E+00 4.37294E-01 6.19935E-01 1.67153E+00 1.99064E+00
 1.58489E+00 4.39636E-01 6.22208E-01 1.69581E+00 2.02471E+00
 1.60325E+00 4.41956E-01 6.24369E-01 1.72020E+00 2.05930E+00
 1.62181E+00 4.44253E-01 6.26418E-01 1.74471E+00 2.09444E+00
 1.64059E+00 4.46527E-01 6.28353E-01 1.76933E+00 2.13012E+00
 1.65959E+00 4.48779E-01 6.30176E-01 1.79406E+00 2.16636E+00
 1.67880E+00 4.51008E-01 6.31886E-01 1.81889E+00 2.20315E+00
 1.69824E+00 4.53214E-01 6.33484E-01 1.84381E+00 2.24050E+00
 1.71791E+00 4.55398E-01 6.34969E-01 1.86883E+00 2.27843E+00
 1.73780E+00 4.57558E-01 6.36342E-01 1.89393E+00 2.31694E+00
 1.75792E+00 4.59696E-01 6.37604E-01 1.91912E+00 2.35603E+00
 1.77828E+00 4.61811E-01 6.38754E-01 1.94437E+00 2.39571E+00
 1.79887E+00 4.63904E-01 6.39793E-01 1.96969E+00 2.43600E+00
 1.81970E+00 4.65974E-01 6.40722E-01 1.99508E+00 2.47688E+00
 1.84077E+00 4.68021E-01 6.41540E-01 2.02051E+00 2.51838E+00
 1.86209E+00 4.70046E-01 6.42250E-01 2.04600E+00 2.56050E+00
 1.88365E+00 4.72048E-01 6.42851E-01 2.07152E+00 2.60324E+00
 1.90546E+00 4.74027E-01 6.43345E-01 2.09708E+00 2.64662E+00
 1.92752E+00 4.75985E-01 6.43731E-01 2.12266E+00 2.69063E+00
 1.94984E+00 4.77920E-01 6.44011E-01 2.14826E+00 2.73530E+00
 1.97242E+00 4.79833E-01 6.44186E-01 2.17387E+00 2.78062E+00
 1.99526E+00 4.81724E-01 6.44257E-01 2.19948E+00 2.82659E+00
 2.01837E+00 4.83593E-01 6.44225E-01 2.22509E+00 2.87324E+00
 2.04174E+00 4.85440E-01 6.44090E-01 2.25068E+00 2.92052E+00
 2.06538E+00 4.87265E-01 6.43855E-01 2.27625E+00 2.96843E+00
 2.08930E+00 4.89069E-01 6.43519E-01 2.30179E+00 3.01698E+00
 2.11349E+00 4.90852E-01 6.43085E-01 2.32729E+00 3.06618E+00
 2.13796E+00 4.92614E-01 6.42553E-01 2.35274E+00 3.11602E+00
 2.16272E+00 4.94354E-01 6.41924E-01 2.37813E+00 3.16653E+00
 2.18776E+00 4.96073E-01 6.41201E-01 2.40346E+00 3.21771E+00
 2.21309E+00 4.97772E-01 6.40384E-01 2.42871E+00 3.26956E+00
 2.23872E+00 4.99450E-01 6.39475E-01 2.45387E+00 3.32210E+00
 2.26464E+00 5.01108E-01 6.38474E-01 2.47893E+00 3.37533E+00
 2.29087E+00 5.02745E-01 6.37384E-01 2.50389E+00 3.42926E+00
 2.31739E+00 5.04363E-01 6.38334E-01 2.52873E+00 3.48389E+00
 2.34423E+00 5.05960E-01 6.40356E-01 2.55345E+00 3.53925E+00
 2.37137E+00 5.07538E-01 6.42353E-01 2.57803E+00 3.59532E+00
 2.39883E+00 5.09097E-01 6.44326E-01 2.60246E+00 3.65213E+00
 2.42661E+00 5.10636E-01 6.46274E-01 2.62673E+00 3.70967E+00
 2.45471E+00 5.12156E-01 6.48198E-01 2.65084E+00 3.76796E+00
 2.48313E+00 5.13657E-01 6.50098E-01 2.67477E+00 3.82701E+00
 2.51189E+00 5.15140E-01 6.51974E-01 2.69851E+00 3.88682E+00
 2.54097E+00 5.16604E-01 6.53827E-01 2.72205E+00 3.94741E+00
 2.57040E+00 5.18050E-01 6.55657E-01 2.74538E+00 4.00877E+00
 2.60016E+00 5.19478E-01 6.57464E-01 2.76848E+00 4.07092E+00
 2.63027E+00 5.20888E-01 6.59249E-01 2.79136E+00 4.13387E+00
 2.66073E+00 5.22280E-01 6.61011E-01 2.81399E+00 4.19762E+00
 2.69153E+00 5.23655E-01 6.62751E-01 2.83637E+00 4.26219E+00
 2.72270E+00 5.25013E-01 6.64470E-01 2.85849E+00 4.32757E+00
 2.75423E+00 5.26354E-01 6.66166E-01 2.88032E+00 4.39379E+00
 2.78612E+00 5.27678E-01 6.67842E-01 2.90188E+00 4.46085E+00
 2.81838E+00 5.28985E-01 6.69497E-01 2.92313E+00 4.52875E+00
 2.85102E+00 5.30276E-01 6.71131E-01 2.94408E+00 4.59751E+00
 2.88403E+00 5.31551E-01 6.72744E-01 2.96472E+00 4.66713E+00
 2.91743E+00 5.32810E-01 6.74337E-01 2.98502E+00 4.73763E+00
 2.95121E+00 5.34053E-01 6.75911E-01 3.00499E+00 4.80900E+00
 2.98538E+00 5.35280E-01 6.77464E-01 3.02460E+00 4.88127E+00
 3.01995E+00 5.36493E-01 6.78999E-01 3.04386E+00 4.95444E+00
 3.05492E+00 5.37690E-01 6.80514E-01 3.06275E+00 5.02851E+00
 3.09030E+00 5.38872E-01 6.82010E-01 3.08126E+00 5.10350E+00
 3.12608E+00 5.40040E-01 6.83488E-01 3.09939E+00 5.17941E+00
 3.16228E+00 5.41193E-01 6.84947E-01 3.11712E+00 5.25626E+00
 3.19890E+00 5.42331E-01 6.86388E-01 3.13444E+00 5.33405E+00
 3.23594E+00 5.43456E-01 6.87811E-01 3.15134E+00 5.41279E+00
 3.27341E+00 5.44566E-01 6.89217E-01 3.16783E+00 5.49250E+00
 3.31131E+00 5.45663E-01 6.90605E-01 3.18388E+00 5.57317E+00
 3.34965E+00 5.46746E-01 6.91976E-01 3.19949E+00 5.65482E+00
 3.38844E+00 5.47816E-01 6.93330E-01 3.21465E+00 5.73746E+00
 3.42768E+00 5.48873E-01 6.94668E-01 3.22936E+00 5.82110E+00
 3.46737E+00 5.49917E-01 6.95989E-01 3.24360E+00 5.90574E+00
 3.50752E+00 5.50948E-01 6.97294E-01 3.25737E+00 5.99140E+00
 3.54813E+00 5.51966E-01 6.98583E-01 3.27067E+00 6.07808E+00
 3.58922E+00 5.52972E-01 6.99856E-01 3.28348E+00 6.16580E+00
 3.63078E+00 5.53966E-01 7.01113E-01 3.29580E+00 6.25456E+00
 3.67282E+00 5.54948E-01 7.02356E-01 3.30763E+00 6.34437E+00
 3.71535E+00 5.55918E-01 7.03583E-01 3.31895E+00 6.43524E+00
 3.75837E+00 5.56876E-01 7.04796E-01 3.32977E+00 6.52719E+00
 3.80189E+00 5.57822E-01 7.05993E-01 3.34008E+00 6.62021E+00
 3.84592E+00 5.58757E-01 7.07177E-01 3.34987E+00 6.71433E+00
 3.89045E+00 5.59681E-01 7.08346E-01 3.35914E+00 6.80954E+00
 3.93550E+00 5.60593E-01 7.09501E-01 3.36790E+00 6.90587E+00
 3.98107E+00 5.61495E-01 7.10642E-01 3.37612E+00 7.00331E+00
 4.02717E+00 5.62386E-01 7.11770E-01 3.38382E+00 7.10189E+00
 4.07380E+00 5.63266E-01 7.12884E-01 3.39098E+00 7.20160E+00
 4.12098E+00 5.64136E-01 7.13985E-01 3.39761E+00 7.30246E+00
 4.16869E+00 5.64996E-01 7.15073E-01 3.40370E+00 7.40447E+00
 4.21697E+00 5.65845E-01 7.16148E-01 3.40926E+00 7.50766E+00
 4.26580E+00 5.66684E-01 7.17210E-01 3.41428E+00 7.61202E+00
 4.31519E+00 5.67514E-01 7.18260E-01 3.41876E+00 7.71757E+00
 4.36516E+00 5.68334E-01 7.19297E-01 3.42270E+00 7.82431E+00
 4.41570E+00 5.69144E-01 7.20322E-01 3.42611E+00 7.93226E+00
 4.46684E+00 5.69944E-01 7.21336E-01 3.42897E+00 8.04143E+00
 4.51856E+00 5.70735E-01 7.22337E-01 3.43130E+00 8.15182E+00
 4.57088E+00 5.71517E-01 7.23327E-01 3.43309E+00 8.26345E+00
 4.62381E+00 5.72290E-01 7.24305E-01 3.43435E+00 8.37633E+00
 4.67735E+00 5.73054E-01 7.25272E-01 3.43508E+00 8.49046E+00
 4.73151E+00 5.73809E-01 7.26227E-01 3.43527E+00 8.60586E+00
 4.78630E+00 5.74555E-01 7.27172E-01 3.43494E+00 8.72253E+00
 4.84172E+00 5.75293E-01 7.28105E-01 3.43409E+00 8.84049E+00
 4.89779E+00 5.76022E-01 7.29028E-01 3.43271E+00 8.95974E+00
 4.95450E+00 5.76743E-01 7.29940E-01 3.43082E+00 9.08030E+00
 5.01187E+00 5.77456E-01 7.30842E-01 3.42842E+00 9.20218E+00
 5.06991E+00 5.78160E-01 7.31734E-01 3.42550E+00 9.32537E+00
 5.12861E+00 5.78856E-01 7.32615E-01 3.42209E+00 9.44991E+00
 5.18800E+00 5.79544E-01 7.33486E-01 3.41817E+00 9.57579E+00
 5.24807E+00 5.80225E-01 7.34347E-01 3.41376E+00 9.70302E+00
 5.30884E+00 5.80898E-01 7.35198E-01 3.40886E+00 9.83162E+00
 5.37032E+00 5.81563E-01 7.36040E-01 3.40348E+00 9.96159E+00
 5.43250E+00 5.82220E-01 7.36872E-01 3.39763E+00 1.00929E+01
 5.49541E+00 5.82870E-01 7.37695E-01 3.39130E+00 1.02257E+01
 5.55904E+00 5.83513E-01 7.38508E-01 3.38451E+00 1.03598E+01
 5.62341E+00 5.84148E-01 7.39312E-01 3.37727E+00 1.04954E+01
 5.68853E+00 5.84776E-01 7.40107E-01 3.36958E+00 1.06324E+01
 5.75440E+00 5.85397E-01 7.40894E-01 3.36144E+00 1.07708E+01
 5.82103E+00 5.86011E-01 7.41671E-01 3.35287E+00 1.09106E+01
 5.88844E+00 5.86619E-01 7.42439E-01 3.34387E+00 1.10519E+01
 5.95662E+00 5.87219E-01 7.43199E-01 3.33445E+00 1.11947E+01
 6.02560E+00 5.87813E-01 7.43950E-01 3.32462E+00 1.13389E+01
 6.09537E+00 5.88399E-01 7.44693E-01 3.31439E+00 1.14846E+01
 6.16595E+00 5.88980E-01 7.45427E-01 3.30376E+00 1.16318E+01
 6.23735E+00 5.89554E-01 7.46154E-01 3.29274E+00 1.17805E+01
 6.30957E+00 5.90121E-01 7.46872E-01 3.28135E+00 1.19306E+01
 6.38263E+00 5.90682E-01 7.47582E-01 3.26958E+00 1.20823E+01
 6.45654E+00 5.91237E-01 7.48284E-01 3.25746E+00 1.22355E+01
 6.53131E+00 5.91785E-01 7.48978E-01 3.24498E+00 1.23902E+01
 6.60693E+00 5.92328E-01 7.49665E-01 3.23216E+00 1.25465E+01
 6.68344E+00 5.92864E-01 7.50344E-01 3.21900E+00 1.27043E+01
 6.76083E+00 5.93394E-01 7.51015E-01 3.20551E+00 1.28636E+01
 6.83912E+00 5.93919E-01 7.51678E-01 3.19171E+00 1.30245E+01
 6.91831E+00 5.94437E-01 7.52335E-01 3.17760E+00 1.31869E+01
 6.99842E+00 5.94950E-01 7.52984E-01 3.16319E+00 1.33509E+01
 7.07946E+00 5.95457E-01 7.53626E-01 3.14849E+00 1.35165E+01
 7.16143E+00 5.95959E-01 7.54260E-01 3.13350E+00 1.36837E+01
 7.24436E+00 5.96455E-01 7.54888E-01 3.11825E+00 1.38524E+01
 7.32825E+00 5.96945E-01 7.55508E-01 3.10273E+00 1.40228E+01
 7.41310E+00 5.97430E-01 7.56122E-01 3.08695E+00 1.41947E+01
 7.49894E+00 5.97909E-01 7.56729E-01 3.07093E+00 1.43682E+01
 7.58578E+00 5.98383E-01 7.57329E-01 3.05468E+00 1.45433E+01
 7.67361E+00 5.98852E-01 7.57922E-01 3.03819E+00 1.47201E+01
 7.76247E+00 5.99316E-01 7.58509E-01 3.02149E+00 1.48984E+01
 7.85236E+00 5.99774E-01 7.59089E-01 3.00457E+00 1.50784E+01
 7.94328E+00 6.00227E-01 7.59663E-01 2.98746E+00 1.52600E+01
 8.03526E+00 6.00676E-01 7.60230E-01 2.97015E+00 1.54431E+01
 8.12831E+00 6.01119E-01 7.60791E-01 2.95265E+00 1.56280E+01
 8.22243E+00 6.01557E-01 7.61346E-01 2.93498E+00 1.58144E+01
 8.31764E+00 6.01991E-01 7.61895E-01 2.91714E+00 1.60024E+01
 8.41395E+00 6.02420E-01 7.62437E-01 2.89914E+00 1.61921E+01
 8.51138E+00 6.02844E-01 7.62974E-01 2.88098E+00 1.63834E+01
 8.60994E+00 6.03263E-01 7.63504E-01 2.86269E+00 1.65763E+01
 8.70964E+00 6.03677E-01 7.64029E-01 2.84426E+00 1.67709E+01
 8.81049E+00 6.04087E-01 7.64548E-01 2.82569E+00 1.69670E+01
 8.91251E+00 6.04492E-01 7.65061E-01 2.80701E+00 1.71648E+01
 9.01571E+00 6.04893E-01 7.65568E-01 2.78822E+00 1.73642E+01
 9.12011E+00 6.05290E-01 7.66070E-01 2.76932E+00 1.75652E+01
 9.22571E+00 6.05681E-01 7.66566E-01 2.75032E+00 1.77678E+01
 9.33254E+00 6.06069E-01 7.67056E-01 2.73124E+00 1.79720E+01
 9.44061E+00 6.06452E-01 7.67541E-01 2.71206E+00 1.81778E+01
 9.54993E+00 6.06831E-01 7.68021E-01 2.69281E+00 1.83851E+01
 9.66051E+00 6.07206E-01 7.68495E-01 2.67350E+00 1.85941E+01
 9.77237E+00 6.07576E-01 7.68964E-01 2.65411E+00 1.88046E+01
 9.88553E+00 6.07943E-01 7.69428E-01 2.63467E+00 1.90167E+01
 1.00000E+01 6.08305E-01 7.69886E-01 2.61519E+00 1.92304E+01
 1.01158E+01 6.08663E-01 7.70340E-01 2.59565E+00 1.94455E+01
 1.02329E+01 6.09018E-01 7.70788E-01 2.57608E+00 1.96623E+01
 1.03514E+01 6.09368E-01 7.71231E-01 2.55648E+00 1.98805E+01
 1.04713E+01 6.09715E-01 7.71670E-01 2.53685E+00 2.01002E+01
 1.05925E+01 6.10057E-01 7.72103E-01 2.51720E+00 2.03215E+01
 1.07152E+01 6.10396E-01 7.72532E-01 2.49753E+00 2.05442E+01
 1.08393E+01 6.10731E-01 7.72956E-01 2.47786E+00 2.07684E+01
 1.09648E+01 6.11062E-01 7.73375E-01 2.45818E+00 2.09940E+01
 1.10917E+01 6.11389E-01 7.73790E-01 2.43851E+00 2.12210E+01
 1.12202E+01 6.11713E-01 7.74199E-01 2.41884E+00 2.14494E+01
 1.13501E+01 6.12033E-01 7.74605E-01 2.39918E+00 2.16793E+01
 1.14815E+01 6.12350E-01 7.75005E-01 2.37954E+00 2.19105E+01
 1.16145E+01 6.12663E-01 7.75402E-01 2.35991E+00 2.21430E+01
 1.17490E+01 6.12973E-01 7.75793E-01 2.34032E+00 2.23768E+01
 1.18850E+01 6.13279E-01 7.76181E-01 2.32075E+00 2.26120E+01
 1.20226E+01 6.13581E-01 7.76564E-01 2.30122E+00 2.28484E+01
 1.21619E+01 6.13881E-01 7.76943E-01 2.28172E+00 2.30860E+01
 1.23027E+01 6.14176E-01 7.77317E-01 2.26227E+00 2.33249E+01
 1.24451E+01 6.14469E-01 7.77687E-01 2.24286E+00 2.35649E+01
 1.25893E+01 6.14758E-01 7.78054E-01 2.22350E+00 2.38061E+01
 1.27350E+01 6.15044E-01 7.78416E-01 2.20419E+00 2.40484E+01
 1.28825E+01 6.15327E-01 7.78774E-01 2.18495E+00 2.42917E+01
 1.30317E+01 6.15607E-01 7.79128E-01 2.16576E+00 2.45361E+01
 1.31826E+01 6.15884E-01 7.79478E-01 2.14663E+00 2.47816E+01
 1.33352E+01 6.16157E-01 7.79824E-01 2.12757E+00 2.50279E+01
 1.34896E+01 6.16427E-01 7.80166E-01 2.10858E+00 2.52753E+01
 1.36458E+01 6.16695E-01 7.80504E-01 2.08967E+00 2.55234E+01
 1.38038E+01 6.16959E-01 7.80839E-01 2.07082E+00 2.57725E+01
 1.39637E+01 6.17220E-01 7.81169E-01 2.05206E+00 2.60223E+01
 1.41254E+01 6.17479E-01 7.81497E-01 2.03338E+00 2.62729E+01
 1.42889E+01 6.17734E-01 7.81820E-01 2.01478E+00 2.65242E+01
 1.44544E+01 6.17987E-01 7.82140E-01 1.99626E+00 2.67762E+01
 1.46218E+01 6.18237E-01 7.82456E-01 1.97783E+00 2.70287E+01
 1.47911E+01 6.18484E-01 7.82768E-01 1.95950E+00 2.72819E+01
 1.49624E+01 6.18728E-01 7.83078E-01 1.94125E+00 2.75355E+01
 1.51356E+01 6.18969E-01 7.83383E-01 1.92310E+00 2.77895E+01
 1.53109E+01 6.19208E-01 7.83685E-01 1.90504E+00 2.80440E+01
 1.54882E+01 6.19444E-01 7.83984E-01 1.88708E+00 2.82987E+01
 1.56675E+01 6.19678E-01 7.84279E-01 1.86923E+00 2.85538E+01
 1.58489E+01 6.19908E-01 7.84572E-01 1.85147E+00 2.88090E+01
 1.60325E+01 6.20137E-01 7.84860E-01 1.83381E+00 2.90644E+01
 1.62181E+01 6.20362E-01 7.85146E-01 1.81626E+00 2.93198E+01
 1.64059E+01 6.20585E-01 7.85428E-01 1.79882E+00 2.95753E+01
 1.65959E+01 6.20806E-01 7.85707E-01 1.78148E+00 2.98307E+01
 1.67880E+01 6.21024E-01 7.85983E-01 1.76425E+00 3.00860E+01
 1.69824E+01 6.21239E-01 7.86256E-01 1.74713E+00 3.03410E+01
 1.71791E+01 6.21453E-01 7.86526E-01 1.73012E+00 3.05958E+01
 1.73780E+01 6.21663E-01 7.86793E-01 1.71322E+00 3.08503E+01
 1.75792E+01 6.21872E-01 7.87056E-01 1.69643E+00 3.11043E+01
 1.77828E+01 6.22078E-01 7.87317E-01 1.67976E+00 3.13578E+01
 1.79887E+01 6.22282E-01 7.87575E-01 1.66320E+00 3.16107E+01
 1.81970E+01 6.22483E-01 7.87830E-01 1.64676E+00 3.18629E+01
 1.84077E+01 6.22682E-01 7.88082E-01 1.63043E+00 3.21144E+01
 1.86209E+01 6.22879E-01 7.88331E-01 1.61422E+00 3.23651E+01
 1.88365E+01 6.23074E-01 7.88578E-01 1.59812E+00 3.26148E+01
 1.90546E+01 6.23266E-01 7.88821E-01 1.58214E+00 3.28635E+01
 1.92752E+01 6.23456E-01 7.89062E-01 1.56628E+00 3.31111E+01
 1.94984E+01 6.23645E-01 7.89300E-01 1.55054E+00 3.33576E+01
 1.97242E+01 6.23831E-01 7.89536E-01 1.53492E+00 3.36028E+01
 1.99526E+01 6.24014E-01 7.89768E-01 1.51941E+00 3.38465E+01
 2.01837E+01 6.24196E-01 7.89998E-01 1.50403E+00 3.40889E+01
 2.04174E+01 6.24376E-01 7.90226E-01 1.48876E+00 3.43296E+01
 2.06538E+01 6.24554E-01 7.90451E-01 1.47362E+00 3.45688E+01
 2.08930E+01 6.24730E-01 7.90673E-01 1.45859E+00 3.48061E+01
 2.11349E+01 6.24903E-01 7.90893E-01 1.44369E+00 3.50417E+01
 2.13796E+01 6.25075E-01 7.91111E-01 1.42890E+00 3.52752E+01
 2.16272E+01 6.25245E-01 7.91326E-01 1.41424E+00 3.55068E+01
 2.18776E+01 6.25413E-01 7.91538E-01 1.39969E+00 3.57362E+01
 2.21309E+01 6.25579E-01 7.91748E-01 1.38527E+00 3.59633E+01
 2.23872E+01 6.25743E-01 7.91956E-01 1.37096E+00 3.61881E+01
 2.26464E+01 6.25905E-01 7.92162E-01 1.35678E+00 3.64105E+01
 2.29087E+01 6.26066E-01 7.92365E-01 1.34271E+00 3.66303E+01
 2.31739E+01 6.26224E-01 7.92565E-01 1.32877E+00 3.68474E+01
 2.34423E+01 6.26381E-01 7.92764E-01 1.31494E+00 3.70618E+01
 2.37137E+01 6.26536E-01 7.92960E-01 1.30124E+00 3.72734E+01
 2.39883E+01 6.26690E-01 7.93154E-01 1.28765E+00 3.74820E+01
 2.42661E+01 6.26841E-01 7.93346E-01 1.27418E+00 3.76875E+01
 2.45471E+01 6.26991E-01 7.93536E-01 1.26083E+00 3.78899E+01
 2.48313E+01 6.27139E-01 7.93723E-01 1.24759E+00 3.80891E+01
 2.51189E+01 6.27286E-01 7.93909E-01 1.23448E+00 3.82848E+01
 2.54097E+01 6.27431E-01 7.94092E-01 1.22148E+00 3.84771E+01
 2.57040E+01 6.27574E-01 7.94273E-01 1.20860E+00 3.86659E+01
 2.60016E+01 6.27715E-01 7.94452E-01 1.19583E+00 3.88510E+01
 2.63027E+01 6.27855E-01 7.94629E-01 1.18318E+00 3.90323E+01
 2.66073E+01 6.27994E-01 7.94804E-01 1.17065E+00 3.92098E+01
 2.69153E+01 6.28130E-01 7.94978E-01 1.15823E+00 3.93833E+01
 2.72270E+01 6.28266E-01 7.95149E-01 1.14592E+00 3.95528E+01
 2.75423E+01 6.28399E-01 7.95318E-01 1.13373E+00 3.97182E+01
 2.78612E+01 6.28532E-01 7.95485E-01 1.12165E+00 3.98793E+01
 2.81838E+01 6.28662E-01 7.95651E-01 1.10969E+00 4.00362E+01
 2.85102E+01 6.28791E-01 7.95814E-01 1.09783E+00 4.01886E+01
 2.88403E+01 6.28919E-01 7.95976E-01 1.08609E+00 4.03365E+01
 2.91743E+01 6.29045E-01 7.96136E-01 1.07446E+00 4.04799E+01
 2.95121E+01 6.29170E-01 7.96294E-01 1.06294E+00 4.06186E+01
 2.98538E+01 6.29294E-01 7.96450E-01 1.05153E+00 4.07525E+01
 3.01995E+01 6.29416E-01 7.96604E-01 1.04023E+00 4.08817E+01
 3.05492E+01 6.29536E-01 7.96757E-01 1.02904E+00 4.10059E+01
 3.09030E+01 6.29656E-01 7.96908E-01 1.01795E+00 4.11252E+01
 3.12608E+01 6.29774E-01 7.97057E-01 1.00698E+00 4.12395E+01
 3.16228E+01 6.29890E-01 7.97205E-01 9.96107E-01 4.13487E+01
 3.19890E+01 6.30006E-01 7.97351E-01 9.85342E-01 4.14527E+01
 3.23594E+01 6.30120E-01 7.97495E-01 9.74682E-01 4.15514E+01
 3.27341E+01 6.30232E-01 7.97638E-01 9.65141E-01 4.16449E+01
 3.31131E+01 6.30344E-01 7.97779E-01 9.65312E-01 4.17331E+01
 3.34965E+01 6.30454E-01 7.97918E-01 9.65481E-01 4.18159E+01
 3.38844E+01 6.30563E-01 7.98056E-01 9.65647E-01 4.18932E+01
 3.42768E+01 6.30670E-01 7.98192E-01 9.65812E-01 4.19650E+01
 3.46737E+01 6.30777E-01 7.98327E-01 9.65975E-01 4.20313E+01
 3.50752E+01 6.30882E-01 7.98460E-01 9.66136E-01 4.20921E+01
 3.54813E+01 6.30986E-01 7.98591E-01 9.66296E-01 4.21472E+01
 3.58922E+01 6.31089E-01 7.98722E-01 9.66453E-01 4.21967E+01
 3.63078E+01 6.31190E-01 7.98850E-01 9.66609E-01 4.22406E+01
 3.67282E+01 6.31291E-01 7.98977E-01 9.66763E-01 4.22788E+01
 3.71535E+01 6.31390E-01 7.99103E-01 9.66915E-01 4.23112E+01
 3.75837E+01 6.31488E-01 7.99227E-01 9.67065E-01 4.23379E+01
 3.80189E+01 6.31585E-01 7.99350E-01 9.67214E-01 4.23589E+01
 3.84592E+01 6.31681E-01 7.99472E-01 9.67361E-01 4.23742E+01
 3.89045E+01 6.31776E-01 7.99592E-01 9.67506E-01 4.23837E+01
 3.93550E+01 6.31870E-01 7.99711E-01 9.67650E-01 4.23874E+01
 3.98107E+01 6.31963E-01 7.99828E-01 9.67792E-01 4.23854E+01
 4.02717E+01 6.32055E-01 7.99944E-01 9.67933E-01 4.23777E+01
 4.07380E+01 6.32145E-01 8.00059E-01 9.68071E-01 4.23642E+01
 4.12098E+01 6.32235E-01 8.00172E-01 9.68209E-01 4.23450E+01
 4.16869E+01 6.32324E-01 8.00285E-01 9.68344E-01 4.23201E+01
 4.21697E+01 6.32411E-01 8.00395E-01 9.68479E-01 4.22895E+01
 4.26580E+01 6.32498E-01 8.00505E-01 9.68611E-01 4.22533E+01
 4.31519E+01 6.32583E-01 8.00613E-01 9.68742E-01 4.22114E+01
 4.36516E+01 6.32668E-01 8.00721E-01 9.68872E-01 4.21639E+01
 4.41570E+01 6.32752E-01 8.00827E-01 9.69000E-01 4.21109E+01
 4.46684E+01 6.32835E-01 8.00931E-01 9.69127E-01 4.20524E+01
 4.51856E+01 6.32916E-01 8.01035E-01 9.69252E-01 4.19883E+01
 4.57088E+01 6.32997E-01 8.01137E-01 9.69376E-01 4.19189E+01
 4.62381E+01 6.33077E-01 8.01238E-01 9.69498E-01 4.18440E+01
 4.67735E+01 6.33156E-01 8.01338E-01 9.69619E-01 4.17638E+01
 4.73151E+01 6.33234E-01 8.01437E-01 9.69739E-01 4.16783E+01
 4.78630E+01 6.33312E-01 8.01535E-01 9.69857E-01 4.15876E+01
 4.84172E+01 6.33388E-01 8.01632E-01 9.69974E-01 4.14918E+01
 4.89779E+01 6.33463E-01 8.01727E-01 9.70090E-01 4.13909E+01
 4.95450E+01 6.33538E-01 8.01822E-01 9.70204E-01 4.12849E+01
 5.01187E+01 6.33612E-01 8.01915E-01 9.70317E-01 4.11740E+01
 5.06991E+01 6.33685E-01 8.02007E-01 9.70429E-01 4.10582E+01
 5.12861E+01 6.33757E-01 8.02099E-01 9.70539E-01 4.09376E+01
 5.18800E+01 6.33828E-01 8.02189E-01 9.70648E-01 4.08122E+01
 5.24807E+01 6.33899E-01 8.02278E-01 9.70756E-01 4.06822E+01
 5.30884E+01 6.33968E-01 8.02366E-01 9.70863E-01 4.05476E+01
 5.37032E+01 6.34037E-01 8.02453E-01 9.70969E-01 4.04086E+01
 5.43250E+01 6.34105E-01 8.02540E-01 9.71073E-01 4.02651E+01
 5.49541E+01 6.34173E-01 8.02625E-01 9.71176E-01 4.01173E+01
 5.55904E+01 6.34239E-01 8.02709E-01 9.71278E-01 3.99653E+01
 5.62341E+01 6.34305E-01 8.02792E-01 9.71379E-01 3.98091E+01
 5.68853E+01 6.34370E-01 8.02875E-01 9.71478E-01 3.96489E+01
 5.75440E+01 6.34434E-01 8.02956E-01 9.71577E-01 3.94848E+01
 5.82103E+01 6.34498E-01 8.03036E-01 9.71674E-01 3.93168E+01
 5.88844E+01 6.34561E-01 8.03116E-01 9.71770E-01 3.91450E+01
 5.95662E+01 6.34623E-01 8.03195E-01 9.71865E-01 3.89696E+01
 6.02560E+01 6.34684E-01 8.03272E-01 9.71960E-01 3.87906E+01
 6.09537E+01 6.34745E-01 8.03349E-01 9.72053E-01 3.86081E+01
 6.16595E+01 6.34805E-01 8.03425E-01 9.72144E-01 3.84223E+01
 6.23735E+01 6.34864E-01 8.03500E-01 9.72235E-01 3.82332E+01
 6.30957E+01 6.34923E-01 8.03575E-01 9.72325E-01 3.80409E+01
 6.38263E+01 6.34981E-01 8.03648E-01 9.72414E-01 3.78455E+01
 6.45654E+01 6.35038E-01 8.03720E-01 9.72502E-01 3.76471E+01
 6.53131E+01 6.35095E-01 8.03792E-01 9.72589E-01 3.74459E+01
 6.60693E+01 6.35151E-01 8.03863E-01 9.72674E-01 3.72419E+01
 6.68344E+01 6.35207E-01 8.03933E-01 9.72759E-01 3.70353E+01
 6.76083E+01 6.35261E-01 8.04003E-01 9.72843E-01 3.68260E+01
 6.83912E+01 6.35315E-01 8.04071E-01 9.72926E-01 3.66143E+01
 6.91831E+01 6.35369E-01 8.04139E-01 9.73008E-01 3.64002E+01
 6.99842E+01 6.35422E-01 8.04206E-01 9.73089E-01 3.61839E+01
 7.07946E+01 6.35474E-01 8.04272E-01 9.73169E-01 3.59653E+01
 7.16143E+01 6.35526E-01 8.04337E-01 9.73248E-01 3.57447E+01
 7.24436E+01 6.35577E-01 8.04402E-01 9.73327E-01 3.55221E+01
 7.32825E+01 6.35628E-01 8.04466E-01 9.73404E-01 3.52976E+01
 7.41310E+01 6.35678E-01 8.04529E-01 9.73481E-01 3.50713E+01
 7.49894E+01 6.35727E-01 8.04592E-01 9.73556E-01 3.48433E+01
 7.58578E+01 6.35776E-01 8.04654E-01 9.73631E-01 3.46137E+01
 7.67361E+01 6.35824E-01 8.04715E-01 9.73705E-01 3.43826E+01
 7.76247E+01 6.35872E-01 8.04775E-01 9.73778E-01 3.41501E+01
 7.85236E+01 6.35919E-01 8.04835E-01 9.73850E-01 3.39163E+01
 7.94328E+01 6.35966E-01 8.04894E-01 9.73922E-01 3.36812E+01
 8.03526E+01 6.36012E-01 8.04952E-01 9.73992E-01 3.34449E+01
 8.12831E+01 6.36057E-01 8.05010E-01 9.74062E-01 3.32076E+01
 8.22243E+01 6.36102E-01 8.05067E-01 9.74131E-01 3.29693E+01
 8.31764E+01 6.36147E-01 8.05123E-01 9.74199E-01 3.27301E+01
 8.41395E+01 6.36191E-01 8.05179E-01 9.74267E-01 3.24901E+01
 8.51138E+01 6.36234E-01 8.05234E-01 9.74333E-01 3.22493E+01
 8.60994E+01 6.36278E-01 8.05289E-01 9.74399E-01 3.20079E+01
 8.70964E+01 6.36320E-01 8.05343E-01 9.74465E-01 3.17659E+01
 8.81049E+01 6.36362E-01 8.05396E-01 9.74529E-01 3.15235E+01
 8.91251E+01 6.36404E-01 8.05448E-01 9.74593E-01 3.12806E+01
 9.01571E+01 6.36445E-01 8.05500E-01 9.74656E-01 3.10373E+01
 9.12011E+01 6.36485E-01 8.05552E-01 9.74718E-01 3.07938E+01
 9.22571E+01 6.36526E-01 8.05603E-01 9.74779E-01 3.05500E+01
 9.33254E+01 6.36565E-01 8.05653E-01 9.74840E-01 3.03061E+01
 9.44061E+01 6.36605E-01 8.05703E-01 9.74900E-01 3.00622E+01
 9.54993E+01 6.36643E-01 8.05752E-01 9.74960E-01 2.98182E+01
 9.66051E+01 6.36682E-01 8.05800E-01 9.75019E-01 2.95743E+01
 9.77237E+01 6.36720E-01 8.05848E-01 9.75077E-01 2.93305E+01
 9.88553E+01 6.36757E-01 8.05896E-01 9.75134E-01 2.90869E+01
 1.00000E+02 6.36794E-01 8.05943E-01 9.75191E-01 2.88435E+01
