 1.00000E-02 6.80916E-02 9.35263E-02 1.24362E-01 1.28460E-01
 2.00000E-02 6.90939E-02 9.46848E-02 1.25621E-01 1.29703E-01
 3.00000E-02 7.07393E-02 9.66069E-02 1.27694E-01 1.31785E-01
 4.00000E-02 7.30233E-02 9.92762E-02 1.30582E-01 1.34679E-01
 5.00000E-02 7.59174E-02 1.02669E-01 1.34265E-01 1.38373E-01
 6.00000E-02 7.93898E-02 1.06749E-01 1.38713E-01 1.42840E-01
 7.00000E-02 8.33994E-02 1.11476E-01 1.43889E-01 1.48041E-01
 8.00000E-02 8.79007E-02 1.16797E-01 1.49744E-01 1.53929E-01
 9.00000E-02 9.28458E-02 1.22658E-01 1.56222E-01 1.60449E-01
 1.00000E-01 9.81858E-02 1.29003E-01 1.63265E-01 1.67542E-01
 1.10000E-01 1.03873E-01 1.35776E-01 1.70808E-01 1.75145E-01
 1.20000E-01 1.09863E-01 1.42920E-01 1.78791E-01 1.83195E-01
 1.30000E-01 1.16114E-01 1.50385E-01 1.87151E-01 1.91629E-01
 1.40000E-01 1.22585E-01 1.58122E-01 1.95831E-01 2.00388E-01
 1.50000E-01 1.29244E-01 1.66085E-01 2.04775E-01 2.09416E-01
 1.60000E-01 1.36056E-01 1.74236E-01 2.13934E-01 2.18662E-01
 1.70000E-01 1.42995E-01 1.82538E-01 2.23261E-01 2.28079E-01
 1.80000E-01 1.50035E-01 1.90957E-01 2.32717E-01 2.37625E-01
 1.90000E-01 1.57152E-01 1.99467E-01 2.42264E-01 2.47262E-01
 2.00000E-01 1.64326E-01 2.08042E-01 2.51872E-01 2.56957E-01
 2.10000E-01 1.71539E-01 2.16658E-01 2.61511E-01 2.66683E-01
 2.20000E-01 1.78776E-01 2.25298E-01 2.71158E-01 2.76412E-01
 2.30000E-01 1.86022E-01 2.33944E-01 2.80792E-01 2.86125E-01
 2.40000E-01 1.93263E-01 2.42580E-01 2.90393E-01 2.95801E-01
 2.50000E-01 2.00489E-01 2.51194E-01 2.99947E-01 3.05424E-01
 2.60000E-01 2.07690E-01 2.59775E-01 3.09439E-01 3.14981E-01
 2.70000E-01 2.14855E-01 2.68312E-01 3.18858E-01 3.24459E-01
 2.80000E-01 2.21978E-01 2.76797E-01 3.28195E-01 3.33849E-01
 2.90000E-01 2.29051E-01 2.85222E-01 3.41000E-01 3.47854E-01
 3.00000E-01 2.36067E-01 2.93580E-01 3.55037E-01 3.62173E-01
 3.10000E-01 2.43021E-01 3.04843E-01 3.68860E-01 3.76274E-01
 3.20000E-01 2.49907E-01 3.16081E-01 3.82458E-01 3.90146E-01
 3.30000E-01 2.58469E-01 3.27125E-01 3.95821E-01 4.03777E-01
 3.40000E-01 2.67036E-01 3.37968E-01 4.08941E-01 4.17160E-01
 3.50000E-01 2.75440E-01 3.48604E-01 4.21811E-01 4.30289E-01
 3.60000E-01 2.83678E-01 3.59030E-01 4.34426E-01 4.43158E-01
 3.70000E-01 2.91746E-01 3.69242E-01 4.46782E-01 4.55763E-01
 3.80000E-01 2.99644E-01 3.79238E-01 4.58877E-01 4.68101E-01
 3.90000E-01 3.07371E-01 3.89016E-01 4.70709E-01 4.80171E-01
 4.00000E-01 3.14925E-01 3.98577E-01 4.82278E-01 4.91972E-01
 4.10000E-01 3.22307E-01 4.07919E-01 4.93583E-01 5.03504E-01
 4.20000E-01 3.29517E-01 4.17045E-01 5.04624E-01 5.14767E-01
 4.30000E-01 3.36557E-01 4.25955E-01 5.15405E-01 5.25765E-01
 4.40000E-01 3.43427E-01 4.34650E-01 5.25927E-01 5.36498E-01
 4.50000E-01 3.50131E-01 4.43134E-01 5.36192E-01 5.46970E-01
 4.60000E-01 3.56668E-01 4.51408E-01 5.46204E-01 5.57183E-01
 4.70000E-01 3.63043E-01 4.59476E-01 5.55966E-01 5.67141E-01
 4.80000E-01 3.69257E-01 4.67340E-01 5.65482E-01 5.76848E-01
 4.90000E-01 3.75312E-01 4.75005E-01 5.74756E-01 5.86308E-01
 5.00000E-01 3.81213E-01 4.82473E-01 5.83792E-01 5.95526E-01
 5.10000E-01 3.86961E-01 4.89748E-01 5.92595E-01 6.04506E-01
 5.20000E-01 3.92560E-01 4.96834E-01 6.01169E-01 6.13253E-01
 5.30000E-01 3.98013E-01 5.03735E-01 6.09520E-01 6.21771E-01
 5.40000E-01 4.03323E-01 5.10456E-01 6.17652E-01 6.30066E-01
 5.50000E-01 4.08493E-01 5.17000E-01 6.25569E-01 6.38143E-01
 5.60000E-01 4.13527E-01 5.23371E-01 6.33278E-01 6.46007E-01
 5.70000E-01 4.18428E-01 5.29573E-01 6.40783E-01 6.53663E-01
 5.80000E-01 4.23199E-01 5.35611E-01 6.48089E-01 6.61116E-01
 5.90000E-01 4.27843E-01 5.41489E-01 6.55201E-01 6.68371E-01
 6.00000E-01 4.32364E-01 5.47210E-01 6.62124E-01 6.75433E-01
 6.10000E-01 4.36764E-01 5.52780E-01 6.68863E-01 6.82307E-01
 6.20000E-01 4.41048E-01 5.58201E-01 6.75423E-01 6.88999E-01
 6.30000E-01 4.45217E-01 5.63478E-01 6.81808E-01 6.95513E-01
 6.40000E-01 4.49276E-01 5.68615E-01 6.88024E-01 7.01854E-01
 6.50000E-01 4.53227E-01 5.73616E-01 6.94075E-01 7.08026E-01
 6.60000E-01 4.57074E-01 5.78484E-01 6.99966E-01 7.14035E-01
 6.70000E-01 4.60818E-01 5.83223E-01 7.05700E-01 7.19885E-01
 6.80000E-01 4.64464E-01 5.87837E-01 7.11283E-01 7.25580E-01
 6.90000E-01 4.68014E-01 5.92330E-01 7.16719E-01 7.31125E-01
 7.00000E-01 4.71470E-01 5.96704E-01 7.22012E-01 7.36524E-01
 7.10000E-01 4.74836E-01 6.00964E-01 7.27166E-01 7.41782E-01
 7.20000E-01 4.78113E-01 6.05112E-01 7.32185E-01 7.46902E-01
 7.30000E-01 4.81305E-01 6.09152E-01 7.37074E-01 7.51889E-01
 7.40000E-01 4.84414E-01 6.13087E-01 7.41835E-01 7.56746E-01
 7.50000E-01 4.87443E-01 6.16920E-01 7.46473E-01 7.61477E-01
 7.60000E-01 4.90393E-01 6.20653E-01 7.50991E-01 7.66086E-01
 7.70000E-01 4.93267E-01 6.24291E-01 7.55392E-01 7.70576E-01
 7.80000E-01 4.96068E-01 6.27836E-01 7.59681E-01 7.74951E-01
 7.90000E-01 4.98797E-01 6.31290E-01 7.63861E-01 7.79214E-01
 8.00000E-01 5.01456E-01 6.34656E-01 7.67934E-01 7.83369E-01
 8.10000E-01 5.04049E-01 6.37937E-01 7.71903E-01 7.87419E-01
 8.20000E-01 5.06576E-01 6.41135E-01 7.75773E-01 7.91366E-01
 8.30000E-01 5.09039E-01 6.44253E-01 7.79546E-01 7.95214E-01
 8.40000E-01 5.11441E-01 6.47292E-01 7.83224E-01 7.98967E-01
 8.50000E-01 5.13783E-01 6.50256E-01 7.86810E-01 8.02625E-01
 8.60000E-01 5.16067E-01 6.53147E-01 7.90308E-01 8.06193E-01
 8.70000E-01 5.18294E-01 6.55966E-01 7.93719E-01 8.09673E-01
 8.80000E-01 5.20467E-01 6.58717E-01 7.97047E-01 8.13068E-01
 8.90000E-01 5.22587E-01 6.61400E-01 8.00293E-01 8.16379E-01
 9.00000E-01 5.24656E-01 6.64017E-01 8.03461E-01 8.19610E-01
 9.10000E-01 5.26674E-01 6.66572E-01 8.06552E-01 8.22763E-01
 9.20000E-01 5.28644E-01 6.69065E-01 8.09568E-01 8.25840E-01
 9.30000E-01 5.30566E-01 6.71498E-01 8.12512E-01 8.28844E-01
 9.40000E-01 5.32443E-01 6.73873E-01 8.15386E-01 8.31776E-01
 9.50000E-01 5.34275E-01 6.76192E-01 8.18192E-01 8.34638E-01
 9.60000E-01 5.36064E-01 6.78456E-01 8.20932E-01 8.37432E-01
 9.70000E-01 5.37811E-01 6.80667E-01 8.23607E-01 8.40162E-01
 9.80000E-01 5.39517E-01 6.82826E-01 8.26220E-01 8.42827E-01
 9.90000E-01 5.41184E-01 6.84936E-01 8.28772E-01 8.45431E-01
 1.00000E+00 5.42812E-01 6.86996E-01 8.31266E-01 8.47974E-01
 1.01158E+00 5.44651E-01 6.89323E-01 8.34081E-01 8.50846E-01
 1.02329E+00 5.46461E-01 6.91615E-01 8.36854E-01 8.53675E-01
 1.03514E+00 5.48244E-01 6.93871E-01 8.39584E-01 8.56459E-01
 1.04713E+00 5.49999E-01 6.96092E-01 8.42271E-01 8.59201E-01
 1.05925E+00 5.51726E-01 6.98278E-01 8.44917E-01 8.61899E-01
 1.07152E+00 5.53426E-01 7.00430E-01 8.47520E-01 8.64555E-01
 1.08393E+00 5.55099E-01 7.02547E-01 8.50082E-01 8.67169E-01
 1.09648E+00 5.56745E-01 7.04631E-01 8.52603E-01 8.69740E-01
 1.10917E+00 5.58365E-01 7.06680E-01 8.55083E-01 8.72270E-01
 1.12202E+00 5.59958E-01 7.08696E-01 8.57523E-01 8.74759E-01
 1.13501E+00 5.61525E-01 7.10680E-01 8.59922E-01 8.77207E-01
 1.14815E+00 5.63065E-01 7.12630E-01 8.62282E-01 8.79614E-01
 1.16145E+00 5.64581E-01 7.14547E-01 8.64602E-01 8.81981E-01
 1.17490E+00 5.66071E-01 7.16433E-01 8.66884E-01 8.84308E-01
 1.18850E+00 5.67535E-01 7.18287E-01 8.69127E-01 8.86596E-01
 1.20226E+00 5.68975E-01 7.20109E-01 8.71332E-01 8.88845E-01
 1.21619E+00 5.70390E-01 7.21900E-01 8.73499E-01 8.91056E-01
 1.23027E+00 5.71780E-01 7.23660E-01 8.75628E-01 8.93228E-01
 1.24451E+00 5.73147E-01 7.25389E-01 8.77721E-01 8.95363E-01
 1.25893E+00 5.74490E-01 7.27089E-01 8.79777E-01 8.97461E-01
 1.27350E+00 5.75809E-01 7.28758E-01 8.81797E-01 8.99521E-01
 1.28825E+00 5.77105E-01 7.30398E-01 8.83782E-01 9.01546E-01
 1.30317E+00 5.78378E-01 7.32009E-01 8.85731E-01 9.03534E-01
 1.31826E+00 5.79628E-01 7.33591E-01 8.87645E-01 9.05487E-01
 1.33352E+00 5.80855E-01 7.35145E-01 8.89525E-01 9.07405E-01
 1.34896E+00 5.82061E-01 7.36671E-01 8.91372E-01 9.09288E-01
 1.36458E+00 5.83244E-01 7.38169E-01 8.93184E-01 9.11137E-01
 1.38038E+00 5.84407E-01 7.39640E-01 8.94964E-01 9.12953E-01
 1.39637E+00 5.85547E-01 7.41083E-01 8.96711E-01 9.14735E-01
 1.41254E+00 5.86667E-01 7.42501E-01 8.98426E-01 9.16484E-01
 1.42889E+00 5.87766E-01 7.43892E-01 9.00109E-01 9.18201E-01
 1.44544E+00 5.88845E-01 7.45257E-01 9.01761E-01 9.19886E-01
 1.46218E+00 5.89903E-01 7.46597E-01 9.03382E-01 9.21540E-01
 1.47911E+00 5.90942E-01 7.47911E-01 9.04973E-01 9.23162E-01
 1.49624E+00 5.91961E-01 7.49201E-01 9.06533E-01 9.24755E-01
 1.51356E+00 5.92961E-01 7.50466E-01 9.08064E-01 9.26317E-01
 1.53109E+00 5.93942E-01 7.51708E-01 9.09567E-01 9.27849E-01
 1.54882E+00 5.94904E-01 7.52926E-01 9.11040E-01 9.29352E-01
 1.56675E+00 5.95848E-01 7.54120E-01 9.12485E-01 9.30826E-01
 1.58489E+00 5.96774E-01 7.55292E-01 9.13903E-01 9.32272E-01
 1.60325E+00 5.97681E-01 7.56441E-01 9.15293E-01 9.33691E-01
 1.62181E+00 5.98572E-01 7.57567E-01 9.16656E-01 9.35081E-01
 1.64059E+00 5.99445E-01 7.58672E-01 9.17993E-01 9.36445E-01
 1.65959E+00 6.00301E-01 7.59755E-01 9.19304E-01 9.37782E-01
 1.67880E+00 6.01140E-01 7.60818E-01 9.20589E-01 9.39093E-01
 1.69824E+00 6.01963E-01 7.61859E-01 9.21849E-01 9.40378E-01
 1.71791E+00 6.02769E-01 7.62880E-01 9.23084E-01 9.41638E-01
 1.73780E+00 6.03560E-01 7.63880E-01 9.24295E-01 9.42873E-01
 1.75792E+00 6.04335E-01 7.64861E-01 9.25482E-01 9.44084E-01
 1.77828E+00 6.05094E-01 7.65822E-01 9.26645E-01 9.45271E-01
 1.79887E+00 6.05839E-01 7.66764E-01 9.27785E-01 9.46433E-01
 1.81970E+00 6.06568E-01 7.67688E-01 9.28902E-01 9.47573E-01
 1.84077E+00 6.07283E-01 7.68592E-01 9.29997E-01 9.48690E-01
 1.86209E+00 6.07983E-01 7.69479E-01 9.31070E-01 9.49784E-01
 1.88365E+00 6.08670E-01 7.70348E-01 9.32121E-01 9.50856E-01
 1.90546E+00 6.09342E-01 7.71199E-01 9.33151E-01 9.51907E-01
 1.92752E+00 6.10001E-01 7.72033E-01 9.34160E-01 9.52936E-01
 1.94984E+00 6.10647E-01 7.72850E-01 9.35148E-01 9.53945E-01
 1.97242E+00 6.11279E-01 7.73650E-01 9.36117E-01 9.54933E-01
 1.99526E+00 6.11899E-01 7.74434E-01 9.37065E-01 9.55900E-01
 2.01837E+00 6.12505E-01 7.75202E-01 9.37994E-01 9.56848E-01
 2.04174E+00 6.13100E-01 7.75954E-01 9.38905E-01 9.57777E-01
 2.06538E+00 6.13682E-01 7.76691E-01 9.39796E-01 9.58686E-01
 2.08930E+00 6.14252E-01 7.77412E-01 9.40669E-01 9.59577E-01
 2.11349E+00 6.14810E-01 7.78119E-01 9.41524E-01 9.60449E-01
 2.13796E+00 6.15357E-01 7.78811E-01 9.42361E-01 9.61303E-01
 2.16272E+00 6.15892E-01 7.79489E-01 9.43181E-01 9.62139E-01
 2.18776E+00 6.16417E-01 7.80152E-01 9.43984E-01 9.62958E-01
 2.21309E+00 6.16930E-01 7.80802E-01 9.44770E-01 9.63760E-01
 2.23872E+00 6.17433E-01 7.81438E-01 9.45540E-01 9.64546E-01
 2.26464E+00 6.17925E-01 7.82061E-01 9.46294E-01 9.65314E-01
 2.29087E+00 6.18407E-01 7.82671E-01 9.47032E-01 9.66067E-01
 2.31739E+00 6.18878E-01 7.83268E-01 9.47754E-01 9.66804E-01
 2.34423E+00 6.19340E-01 7.83853E-01 9.48462E-01 9.67526E-01
 2.37137E+00 6.19792E-01 7.84425E-01 9.49154E-01 9.68232E-01
 2.39883E+00 6.20235E-01 7.84985E-01 9.49832E-01 9.68923E-01
 2.42661E+00 6.20668E-01 7.85533E-01 9.50495E-01 9.69600E-01
 2.45471E+00 6.21092E-01 7.86070E-01 9.51144E-01 9.70262E-01
 2.48313E+00 6.21507E-01 7.86595E-01 9.51780E-01 9.70911E-01
 2.51189E+00 6.21914E-01 7.87109E-01 9.52402E-01 9.71546E-01
 2.54097E+00 6.22311E-01 7.87613E-01 9.53011E-01 9.72167E-01
 2.57040E+00 6.22700E-01 7.88105E-01 9.53607E-01 9.72775E-01
 2.60016E+00 6.23081E-01 7.88587E-01 9.54190E-01 9.73370E-01
 2.63027E+00 6.23454E-01 7.89059E-01 9.54761E-01 9.73952E-01
 2.66073E+00 6.23819E-01 7.89520E-01 9.55320E-01 9.74522E-01
 2.69153E+00 6.24176E-01 7.89972E-01 9.55866E-01 9.75079E-01
 2.72270E+00 6.24525E-01 7.90414E-01 9.56401E-01 9.75625E-01
 2.75423E+00 6.24867E-01 7.90847E-01 9.56925E-01 9.76159E-01
 2.78612E+00 6.25201E-01 7.91270E-01 9.57437E-01 9.76681E-01
 2.81838E+00 6.25528E-01 7.91684E-01 9.57938E-01 9.77193E-01
 2.85102E+00 6.25849E-01 7.92090E-01 9.58428E-01 9.77693E-01
 2.88403E+00 6.26162E-01 7.92486E-01 9.58908E-01 9.78182E-01
 2.91743E+00 6.26468E-01 7.92874E-01 9.59378E-01 9.78661E-01
 2.95121E+00 6.26768E-01 7.93254E-01 9.59837E-01 9.79130E-01
 2.98538E+00 6.27062E-01 7.93625E-01 9.60286E-01 9.79588E-01
 3.01995E+00 6.27349E-01 7.93988E-01 9.60726E-01 9.80036E-01
 3.05492E+00 6.27630E-01 7.94344E-01 9.61156E-01 9.80475E-01
 3.09030E+00 6.27904E-01 7.94691E-01 9.61577E-01 9.80904E-01
 3.12608E+00 6.28173E-01 7.95031E-01 9.61988E-01 9.81324E-01
 3.16228E+00 6.28436E-01 7.95364E-01 9.62391E-01 9.81735E-01
 3.19890E+00 6.28693E-01 7.95690E-01 9.62785E-01 9.82137E-01
 3.23594E+00 6.28945E-01 7.96008E-01 9.63170E-01 9.82530E-01
 3.27341E+00 6.29191E-01 7.96320E-01 9.63547E-01 9.82914E-01
 3.31131E+00 6.29432E-01 7.96624E-01 9.63915E-01 9.83290E-01
 3.34965E+00 6.29667E-01 7.96922E-01 9.64276E-01 9.83658E-01
 3.38844E+00 6.29897E-01 7.97214E-01 9.64629E-01 9.84018E-01
 3.42768E+00 6.30123E-01 7.97499E-01 9.64974E-01 9.84370E-01
 3.46737E+00 6.30343E-01 7.97778E-01 9.65311E-01 9.84714E-01
 3.50752E+00 6.30558E-01 7.98050E-01 9.65641E-01 9.85050E-01
 3.54813E+00 6.30769E-01 7.98317E-01 9.65964E-01 9.85380E-01
 3.58922E+00 6.30975E-01 7.98578E-01 9.66280E-01 9.85702E-01
 3.63078E+00 6.31177E-01 7.98833E-01 9.66588E-01 9.86017E-01
 3.67282E+00 6.31374E-01 7.99083E-01 9.66890E-01 9.86325E-01
 3.71535E+00 6.31567E-01 7.99327E-01 9.67186E-01 9.86626E-01
 3.75837E+00 6.31756E-01 7.99566E-01 9.67474E-01 9.86921E-01
 3.80189E+00 6.31940E-01 7.99799E-01 9.67757E-01 9.87209E-01
 3.84592E+00 6.32120E-01 8.00027E-01 9.68033E-01 9.87491E-01
 3.89045E+00 6.32297E-01 8.00251E-01 9.68303E-01 9.87766E-01
 3.93550E+00 6.32469E-01 8.00469E-01 9.68567E-01 9.88036E-01
 3.98107E+00 6.32638E-01 8.00682E-01 9.68826E-01 9.88299E-01
 4.02717E+00 6.32803E-01 8.00891E-01 9.69078E-01 9.88557E-01
 4.07380E+00 6.32964E-01 8.01095E-01 9.69325E-01 9.88809E-01
 4.12098E+00 6.33122E-01 8.01295E-01 9.69567E-01 9.89055E-01
 4.16869E+00 6.33276E-01 8.01490E-01 9.69803E-01 9.89296E-01
 4.21697E+00 6.33427E-01 8.01681E-01 9.70034E-01 9.89532E-01
 4.26580E+00 6.33574E-01 8.01868E-01 9.70260E-01 9.89762E-01
 4.31519E+00 6.33719E-01 8.02050E-01 9.70481E-01 9.89987E-01
 4.36516E+00 6.33860E-01 8.02229E-01 9.70697E-01 9.90208E-01
 4.41570E+00 6.33998E-01 8.02403E-01 9.70908E-01 9.90423E-01
 4.46684E+00 6.34132E-01 8.02574E-01 9.71114E-01 9.90634E-01
 4.51856E+00 6.34264E-01 8.02741E-01 9.71316E-01 9.90840E-01
 4.57088E+00 6.34393E-01 8.02904E-01 9.71514E-01 9.91041E-01
 4.62381E+00 6.34519E-01 8.03063E-01 9.71707E-01 9.91238E-01
 4.67735E+00 6.34642E-01 8.03219E-01 9.71895E-01 9.91430E-01
 4.73151E+00 6.34763E-01 8.03372E-01 9.72080E-01 9.91619E-01
 4.78630E+00 6.34881E-01 8.03521E-01 9.72260E-01 9.91803E-01
 4.84172E+00 6.34996E-01 8.03667E-01 9.72436E-01 9.91982E-01
 4.89779E+00 6.35108E-01 8.03809E-01 9.72609E-01 9.92158E-01
 4.95450E+00 6.35218E-01 8.03948E-01 9.72777E-01 9.98344E-01
 5.01187E+00 6.35326E-01 8.04085E-01 9.72942E-01 1.00825E+00
 5.06991E+00 6.35431E-01 8.04218E-01 9.73103E-01 1.01820E+00
 5.12861E+00 6.35534E-01 8.04348E-01 9.73261E-01 1.02817E+00
 5.18800E+00 6.35635E-01 8.04475E-01 9.73415E-01 1.03817E+00
 5.24807E+00 6.35733E-01 8.04600E-01 9.73566E-01 1.04819E+00
 5.30884E+00 6.35829E-01 8.04721E-01 9.73713E-01 1.05824E+00
 5.37032E+00 6.35923E-01 8.04840E-01 9.73857E-01 1.06830E+00
 5.43250E+00 6.36015E-01 8.04957E-01 9.73997E-01 1.07839E+00
 5.49541E+00 6.36105E-01 8.05070E-01 9.74135E-01 1.08849E+00
 5.55904E+00 6.36193E-01 8.05181E-01 9.74269E-01 1.09860E+00
 5.62341E+00 6.36279E-01 8.05290E-01 9.74401E-01 1.10873E+00
 5.68853E+00 6.36362E-01 8.05396E-01 9.74529E-01 1.11886E+00
 5.75440E+00 6.36445E-01 8.05500E-01 9.74655E-01 1.12899E+00
 5.82103E+00 6.36525E-01 8.05602E-01 9.74778E-01 1.13913E+00
 5.88844E+00 6.36603E-01 8.05701E-01 9.74898E-01 1.14928E+00
 5.95662E+00 6.36680E-01 8.05798E-01 9.75015E-01 1.15941E+00
 6.02560E+00 6.36755E-01 8.05893E-01 9.75130E-01 1.16955E+00
 6.09537E+00 6.36828E-01 8.05985E-01 9.75242E-01 1.17967E+00
 6.16595E+00 6.36900E-01 8.06076E-01 9.75352E-01 1.18979E+00
 6.23735E+00 6.36970E-01 8.06165E-01 9.75459E-01 1.19989E+00
 6.30957E+00 6.37038E-01 8.06251E-01 9.75564E-01 1.20997E+00
 6.38263E+00 6.37105E-01 8.06336E-01 9.75666E-01 1.22003E+00
 6.45654E+00 6.37170E-01 8.06419E-01 9.75767E-01 1.23008E+00
 6.53131E+00 6.37234E-01 8.06500E-01 9.75864E-01 1.24009E+00
 6.60693E+00 6.37297E-01 8.06579E-01 9.75960E-01 1.25008E+00
 6.68344E+00 6.37358E-01 8.06656E-01 9.76054E-01 1.26003E+00
 6.76083E+00 6.37417E-01 8.06732E-01 9.76145E-01 1.26995E+00
 6.83912E+00 6.37476E-01 8.06805E-01 9.76235E-01 1.27983E+00
 6.91831E+00 6.37533E-01 8.06878E-01 9.76322E-01 1.28967E+00
 6.99842E+00 6.37589E-01 8.06948E-01 9.76407E-01 1.29946E+00
 7.07946E+00 6.37643E-01 8.07017E-01 9.76491E-01 1.30920E+00
 7.16143E+00 6.37696E-01 8.07085E-01 9.76572E-01 1.31888E+00
 7.24436E+00 6.37749E-01 8.07151E-01 9.76652E-01 1.32852E+00
 7.32825E+00 6.37799E-01 8.07215E-01 9.76730E-01 1.33809E+00
 7.41310E+00 6.37849E-01 8.07278E-01 9.76806E-01 1.34760E+00
 7.49894E+00 6.37898E-01 8.07339E-01 9.76881E-01 1.35704E+00
 7.58578E+00 6.37945E-01 8.07400E-01 9.76954E-01 1.36641E+00
 7.67361E+00 6.37992E-01 8.07459E-01 9.77025E-01 1.37570E+00
 7.76247E+00 6.38037E-01 8.07516E-01 9.77094E-01 1.38492E+00
 7.85236E+00 6.38082E-01 8.07572E-01 9.77162E-01 1.39405E+00
 7.94328E+00 6.38125E-01 8.07627E-01 9.77229E-01 1.40311E+00
 8.03526E+00 6.38168E-01 8.07681E-01 9.77294E-01 1.41206E+00
 8.12831E+00 6.38209E-01 8.07733E-01 9.77357E-01 1.42093E+00
 8.22243E+00 6.38250E-01 8.07785E-01 9.77419E-01 1.42970E+00
 8.31764E+00 6.38289E-01 8.07835E-01 9.77480E-01 1.43837E+00
 8.41395E+00 6.38328E-01 8.07884E-01 9.77539E-01 1.44693E+00
 8.51138E+00 6.38366E-01 8.07932E-01 9.77597E-01 1.45539E+00
 8.60994E+00 6.38403E-01 8.07979E-01 9.77654E-01 1.46373E+00
 8.70964E+00 6.38439E-01 8.08024E-01 9.77709E-01 1.47197E+00
 8.81049E+00 6.38474E-01 8.08069E-01 9.77764E-01 1.48007E+00
 8.91251E+00 6.38509E-01 8.08113E-01 9.77816E-01 1.48806E+00
 9.01571E+00 6.38543E-01 8.08156E-01 9.77868E-01 1.49592E+00
 9.12011E+00 6.38576E-01 8.08197E-01 9.77919E-01 1.50364E+00
 9.22571E+00 6.38608E-01 8.08238E-01 9.77968E-01 1.51124E+00
 9.33254E+00 6.38639E-01 8.08278E-01 9.78016E-01 1.51869E+00
 9.44061E+00 6.38670E-01 8.08317E-01 9.78064E-01 1.52601E+00
 9.54993E+00 6.38700E-01 8.08355E-01 9.78110E-01 1.53317E+00
 9.66051E+00 6.38730E-01 8.08392E-01 9.78155E-01 1.54019E+00
 9.77237E+00 6.38759E-01 8.08429E-01 9.78199E-01 1.54705E+00
 9.88553E+00 6.38787E-01 8.08464E-01 9.78242E-01 1.55376E+00
 1.00000E+01 6.38814E-01 8.08499E-01 9.78284E-01 1.56031E+00
 1.01158E+01 6.38841E-01 8.08533E-01 9.78325E-01 1.56669E+00
 1.02329E+01 6.38867E-01 8.08566E-01 9.78365E-01 1.57292E+00
 1.03514E+01 6.38893E-01 8.08599E-01 9.78405E-01 1.57897E+00
 1.04713E+01 6.38918E-01 8.08631E-01 9.78443E-01 1.58484E+00
 1.05925E+01 6.38943E-01 8.08662E-01 9.78481E-01 1.59054E+00
 1.07152E+01 6.38967E-01 8.08692E-01 9.78517E-01 1.59606E+00
 1.08393E+01 6.38990E-01 8.08722E-01 9.78553E-01 1.60140E+00
 1.09648E+01 6.39013E-01 8.08751E-01 9.78588E-01 1.60655E+00
 1.10917E+01 6.39035E-01 8.08779E-01 9.78623E-01 1.61152E+00
 1.12202E+01 6.39057E-01 8.08807E-01 9.78656E-01 1.61629E+00
 1.13501E+01 6.39079E-01 8.08834E-01 9.78689E-01 1.62087E+00
 1.14815E+01 6.39099E-01 8.08860E-01 9.78721E-01 1.62525E+00
 1.16145E+01 6.39120E-01 8.08886E-01 9.78752E-01 1.62943E+00
 1.17490E+01 6.39140E-01 8.08911E-01 9.78783E-01 1.63342E+00
 1.18850E+01 6.39159E-01 8.08936E-01 9.78813E-01 1.63719E+00
 1.20226E+01 6.39178E-01 8.08960E-01 9.78842E-01 1.64076E+00
 1.21619E+01 6.39197E-01 8.08984E-01 9.78870E-01 1.64412E+00
 1.23027E+01 6.39215E-01 8.09007E-01 9.78898E-01 1.64728E+00
 1.24451E+01 6.39233E-01 8.09029E-01 9.78925E-01 1.65022E+00
 1.25893E+01 6.39250E-01 8.09051E-01 9.78952E-01 1.65294E+00
 1.27350E+01 6.39267E-01 8.09073E-01 9.78978E-01 1.65545E+00
 1.28825E+01 6.39284E-01 8.09094E-01 9.79004E-01 1.65774E+00
 1.30317E+01 6.39300E-01 8.09114E-01 9.79028E-01 1.65981E+00
 1.31826E+01 6.39316E-01 8.09135E-01 9.79053E-01 1.66166E+00
 1.33352E+01 6.39332E-01 8.09154E-01 9.79077E-01 1.66329E+00
 1.34896E+01 6.39347E-01 8.09173E-01 9.79100E-01 1.66469E+00
 1.36458E+01 6.39362E-01 8.09192E-01 9.79122E-01 1.66587E+00
 1.38038E+01 6.39376E-01 8.09210E-01 9.79145E-01 1.66682E+00
 1.39637E+01 6.39390E-01 8.09228E-01 9.79166E-01 1.66755E+00
 1.41254E+01 6.39404E-01 8.09246E-01 9.79188E-01 1.66805E+00
 1.42889E+01 6.39418E-01 8.09263E-01 9.79208E-01 1.66833E+00
 1.44544E+01 6.39431E-01 8.09280E-01 9.79228E-01 1.66837E+00
 1.46218E+01 6.39444E-01 8.09296E-01 9.79248E-01 1.66818E+00
 1.47911E+01 6.39456E-01 8.09312E-01 9.79268E-01 1.66777E+00
 1.49624E+01 6.39469E-01 8.09328E-01 9.79286E-01 1.66713E+00
 1.51356E+01 6.39481E-01 8.09343E-01 9.79305E-01 1.66625E+00
 1.53109E+01 6.39493E-01 8.09358E-01 9.79323E-01 1.66515E+00
 1.54882E+01 6.39504E-01 8.09372E-01 9.79341E-01 1.66383E+00
 1.56675E+01 6.39515E-01 8.09387E-01 9.79358E-01 1.66227E+00
 1.58489E+01 6.39526E-01 8.09401E-01 9.79375E-01 1.66049E+00
 1.60325E+01 6.39537E-01 8.09414E-01 9.79391E-01 1.65847E+00
 1.62181E+01 6.39548E-01 8.09427E-01 9.79407E-01 1.65624E+00
 1.64059E+01 6.39558E-01 8.09440E-01 9.79423E-01 1.65378E+00
 1.65959E+01 6.39568E-01 8.09453E-01 9.79438E-01 1.65109E+00
 1.67880E+01 6.39578E-01 8.09466E-01 9.79453E-01 1.64819E+00
 1.69824E+01 6.39587E-01 8.09478E-01 9.79468E-01 1.64506E+00
 1.71791E+01 6.39597E-01 8.09490E-01 9.79482E-01 1.64171E+00
 1.73780E+01 6.39606E-01 8.09501E-01 9.79496E-01 1.63814E+00
 1.75792E+01 6.39615E-01 8.09512E-01 9.79510E-01 1.63435E+00
 1.77828E+01 6.39624E-01 8.09524E-01 9.79524E-01 1.63035E+00
 1.79887E+01 6.39632E-01 8.09534E-01 9.79537E-01 1.62614E+00
 1.81970E+01 6.39640E-01 8.09545E-01 9.79549E-01 1.62171E+00
 1.84077E+01 6.39649E-01 8.09555E-01 9.79562E-01 1.61707E+00
 1.86209E+01 6.39657E-01 8.09565E-01 9.79574E-01 1.61223E+00
 1.88365E+01 6.39664E-01 8.09575E-01 9.79586E-01 1.60718E+00
 1.90546E+01 6.39672E-01 8.09585E-01 9.79598E-01 1.60193E+00
 1.92752E+01 6.39679E-01 8.09594E-01 9.79609E-01 1.59648E+00
 1.94984E+01 6.39687E-01 8.09604E-01 9.79620E-01 1.59083E+00
 1.97242E+01 6.39694E-01 8.09613E-01 9.79631E-01 1.58499E+00
 1.99526E+01 6.39701E-01 8.09621E-01 9.79642E-01 1.57896E+00
 2.01837E+01 6.39708E-01 8.09630E-01 9.79652E-01 1.57273E+00
 2.04174E+01 6.39714E-01 8.09638E-01 9.79662E-01 1.56632E+00
 2.06538E+01 6.39721E-01 8.09647E-01 9.79672E-01 1.55973E+00
 2.08930E+01 6.39727E-01 8.09655E-01 9.79682E-01 1.55295E+00
 2.11349E+01 6.39733E-01 8.09662E-01 9.79692E-01 1.54600E+00
 2.13796E+01 6.39739E-01 8.09670E-01 9.79701E-01 1.53887E+00
 2.16272E+01 6.39745E-01 8.09678E-01 9.79710E-01 1.53157E+00
 2.18776E+01 6.39751E-01 8.09685E-01 9.79719E-01 1.52411E+00
 2.21309E+01 6.39757E-01 8.09692E-01 9.79727E-01 1.51648E+00
 2.23872E+01 6.39762E-01 8.09699E-01 9.79736E-01 1.50868E+00
 2.26464E+01 6.39768E-01 8.09706E-01 9.79744E-01 1.50074E+00
 2.29087E+01 6.39773E-01 8.09713E-01 9.79752E-01 1.49264E+00
 2.31739E+01 6.39778E-01 8.09719E-01 9.79760E-01 1.48439E+00
 2.34423E+01 6.39783E-01 8.09726E-01 9.79768E-01 1.47599E+00
 2.37137E+01 6.39788E-01 8.09732E-01 9.79775E-01 1.46744E+00
 2.39883E+01 6.39793E-01 8.09738E-01 9.79783E-01 1.45876E+00
 2.42661E+01 6.39798E-01 8.09744E-01 9.79790E-01 1.44995E+00
 2.45471E+01 6.39802E-01 8.09750E-01 9.79797E-01 1.44100E+00
 2.48313E+01 6.39807E-01 8.09755E-01 9.79804E-01 1.43192E+00
 2.51189E+01 6.39811E-01 8.09761E-01 9.79811E-01 1.42272E+00
 2.54097E+01 6.39815E-01 8.09766E-01 9.79817E-01 1.41340E+00
 2.57040E+01 6.39820E-01 8.09772E-01 9.79824E-01 1.40396E+00
 2.60016E+01 6.39824E-01 8.09777E-01 9.79830E-01 1.39441E+00
 2.63027E+01 6.39828E-01 8.09782E-01 9.79836E-01 1.38474E+00
 2.66073E+01 6.39832E-01 8.09787E-01 9.79842E-01 1.37498E+00
 2.69153E+01 6.39835E-01 8.09792E-01 9.79848E-01 1.36511E+00
 2.72270E+01 6.39839E-01 8.09796E-01 9.79854E-01 1.35514E+00
 2.75423E+01 6.39843E-01 8.09801E-01 9.79859E-01 1.34508E+00
 2.78612E+01 6.39846E-01 8.09806E-01 9.79865E-01 1.33493E+00
 2.81838E+01 6.39850E-01 8.09810E-01 9.79870E-01 1.32469E+00
 2.85102E+01 6.39853E-01 8.09814E-01 9.79875E-01 1.31437E+00
 2.88403E+01 6.39857E-01 8.09819E-01 9.79880E-01 1.30398E+00
 2.91743E+01 6.39860E-01 8.09823E-01 9.79885E-01 1.29350E+00
 2.95121E+01 6.39863E-01 8.09827E-01 9.79890E-01 1.28295E+00
 2.98538E+01 6.39866E-01 8.09831E-01 9.79895E-01 1.27234E+00
 3.01995E+01 6.39869E-01 8.09834E-01 9.79900E-01 1.26166E+00
 3.05492E+01 6.39872E-01 8.09838E-01 9.79904E-01 1.25092E+00
 3.09030E+01 6.39875E-01 8.09842E-01 9.79909E-01 1.24012E+00
 3.12608E+01 6.39878E-01 8.09845E-01 9.79913E-01 1.22927E+00
 3.16228E+01 6.39881E-01 8.09849E-01 9.79917E-01 1.21837E+00
 3.19890E+01 6.39883E-01 8.09852E-01 9.79921E-01 1.20743E+00
 3.23594E+01 6.39886E-01 8.09856E-01 9.79926E-01 1.19644E+00
 3.27341E+01 6.39889E-01 8.09859E-01 9.79929E-01 1.18540E+00
 3.31131E+01 6.39891E-01 8.09862E-01 9.79933E-01 1.17434E+00
 3.34965E+01 6.39894E-01 8.09865E-01 9.79937E-01 1.16324E+00
 3.38844E+01 6.39896E-01 8.09868E-01 9.79941E-01 1.15211E+00
 3.42768E+01 6.39898E-01 8.09871E-01 9.79944E-01 1.14095E+00
 3.46737E+01 6.39901E-01 8.09874E-01 9.79948E-01 1.12977E+00
 3.50752E+01 6.39903E-01 8.09877E-01 9.79951E-01 1.11857E+00
 3.54813E+01 6.39905E-01 8.09880E-01 9.79955E-01 1.10735E+00
 3.58922E+01 6.39907E-01 8.09883E-01 9.79958E-01 1.09612E+00
 3.63078E+01 6.39909E-01 8.09885E-01 9.79961E-01 1.08488E+00
 3.67282E+01 6.39912E-01 8.09888E-01 9.79965E-01 1.07363E+00
 3.71535E+01 6.39914E-01 8.09891E-01 9.79968E-01 1.06237E+00
 3.75837E+01 6.39915E-01 8.09893E-01 9.79971E-01 1.05111E+00
 3.80189E+01 6.39917E-01 8.09895E-01 9.79974E-01 1.03985E+00
 3.84592E+01 6.39919E-01 8.09898E-01 9.79976E-01 1.02859E+00
 3.89045E+01 6.39921E-01 8.09900E-01 9.79979E-01 1.01734E+00
 3.93550E+01 6.39923E-01 8.09902E-01 9.79982E-01 1.00610E+00
 3.98107E+01 6.39925E-01 8.09905E-01 9.79985E-01 9.99682E-01
 4.02717E+01 6.39926E-01 8.09907E-01 9.79987E-01 9.99685E-01
 4.07380E+01 6.39928E-01 8.09909E-01 9.79990E-01 9.99688E-01
 4.12098E+01 6.39930E-01 8.09911E-01 9.79992E-01 9.99690E-01
 4.16869E+01 6.39931E-01 8.09913E-01 9.79995E-01 9.99693E-01
 4.21697E+01 6.39933E-01 8.09915E-01 9.79997E-01 9.99695E-01
 4.26580E+01 6.39934E-01 8.09917E-01 9.80000E-01 9.99698E-01
 4.31519E+01 6.39936E-01 8.09919E-01 9.80002E-01 9.99700E-01
 4.36516E+01 6.39937E-01 8.09921E-01 9.80004E-01 9.99702E-01
 4.41570E+01 6.39939E-01 8.09922E-01 9.80006E-01 9.99704E-01
 4.46684E+01 6.39940E-01 8.09924E-01 9.80008E-01 9.99707E-01
 4.51856E+01 6.39942E-01 8.09926E-01 9.80010E-01 9.99709E-01
 4.57088E+01 6.39943E-01 8.09928E-01 9.80012E-01 9.99711E-01
 4.62381E+01 6.39944E-01 8.09929E-01 9.80014E-01 9.99713E-01
 4.67735E+01 6.39945E-01 8.09931E-01 9.80016E-01 9.99715E-01
 4.73151E+01 6.39947E-01 8.09932E-01 9.80018E-01 9.99717E-01
 4.78630E+01 6.39948E-01 8.09934E-01 9.80020E-01 9.99719E-01
 4.84172E+01 6.39949E-01 8.09936E-01 9.80022E-01 9.99720E-01
 4.89779E+01 6.39950E-01 8.09937E-01 9.80024E-01 9.99722E-01
 4.95450E+01 6.39951E-01 8.09938E-01 9.80025E-01 9.99724E-01
 5.01187E+01 6.39952E-01 8.09940E-01 9.80027E-01 9.99726E-01
 5.06991E+01 6.39954E-01 8.09941E-01 9.80029E-01 9.99727E-01
 5.12861E+01 6.39955E-01 8.09943E-01 9.80030E-01 9.99729E-01
 5.18800E+01 6.39956E-01 8.09944E-01 9.80032E-01 9.99731E-01
 5.24807E+01 6.39957E-01 8.09945E-01 9.80034E-01 9.99732E-01
 5.30884E+01 6.39958E-01 8.09946E-01 9.80035E-01 9.99734E-01
 5.37032E+01 6.39959E-01 8.09948E-01 9.80037E-01 9.99735E-01
 5.43250E+01 6.39960E-01 8.09949E-01 9.80038E-01 9.99737E-01
 5.49541E+01 6.39960E-01 8.09950E-01 9.80039E-01 9.99738E-01
 5.55904E+01 6.39961E-01 8.09951E-01 9.80041E-01 9.99740E-01
 5.62341E+01 6.39962E-01 8.09952E-01 9.80042E-01 9.99741E-01
 5.68853E+01 6.39963E-01 8.09953E-01 9.80043E-01 9.99742E-01
 5.75440E+01 6.39964E-01 8.09954E-01 9.80045E-01 9.99744E-01
 5.82103E+01 6.39965E-01 8.09955E-01 9.80046E-01 9.99745E-01
 5.88844E+01 6.39966E-01 8.09956E-01 9.80047E-01 9.99746E-01
 5.95662E+01 6.39966E-01 8.09957E-01 9.80048E-01 9.99747E-01
 6.02560E+01 6.39967E-01 8.09958E-01 9.80050E-01 9.99749E-01
 6.09537E+01 6.39968E-01 8.09959E-01 9.80051E-01 9.99750E-01
 6.16595E+01 6.39969E-01 8.09960E-01 9.80052E-01 9.99751E-01
 6.23735E+01 6.39969E-01 8.09961E-01 9.80053E-01 9.99752E-01
 6.30957E+01 6.39970E-01 8.09962E-01 9.80054E-01 9.99753E-01
 6.38263E+01 6.39971E-01 8.09963E-01 9.80055E-01 9.99754E-01
 6.45654E+01 6.39971E-01 8.09964E-01 9.80056E-01 9.99755E-01
 6.53131E+01 6.39972E-01 8.09965E-01 9.80057E-01 9.99756E-01
 6.60693E+01 6.39973E-01 8.09965E-01 9.80058E-01 9.99757E-01
 6.68344E+01 6.39973E-01 8.09966E-01 9.80059E-01 9.99758E-01
 6.76083E+01 6.39974E-01 8.09967E-01 9.80060E-01 9.99759E-01
 6.83912E+01 6.39974E-01 8.09968E-01 9.80061E-01 9.99760E-01
 6.91831E+01 6.39975E-01 8.09968E-01 9.80062E-01 9.99761E-01
 6.99842E+01 6.39976E-01 8.09969E-01 9.80063E-01 9.99762E-01
 7.07946E+01 6.39976E-01 8.09970E-01 9.80063E-01 9.99763E-01
 7.16143E+01 6.39977E-01 8.09971E-01 9.80064E-01 9.99764E-01
 7.24436E+01 6.39977E-01 8.09971E-01 9.80065E-01 9.99764E-01
 7.32825E+01 6.39978E-01 8.09972E-01 9.80066E-01 9.99765E-01
 7.41310E+01 6.39978E-01 8.09972E-01 9.80067E-01 9.99766E-01
 7.49894E+01 6.39979E-01 8.09973E-01 9.80067E-01 9.99767E-01
 7.58578E+01 6.39979E-01 8.09974E-01 9.80068E-01 9.99768E-01
 7.67361E+01 6.39980E-01 8.09974E-01 9.80069E-01 9.99768E-01
 7.76247E+01 6.39980E-01 8.09975E-01 9.80070E-01 9.99769E-01
 7.85236E+01 6.39981E-01 8.09975E-01 9.80070E-01 9.99770E-01
 7.94328E+01 6.39981E-01 8.09976E-01 9.80071E-01 9.99770E-01
 8.03526E+01 6.39981E-01 8.09977E-01 9.80072E-01 9.99771E-01
 8.12831E+01 6.39982E-01 8.09977E-01 9.80072E-01 9.99772E-01
 8.22243E+01 6.39982E-01 8.09978E-01 9.80073E-01 9.99772E-01
 8.31764E+01 6.39983E-01 8.09978E-01 9.80074E-01 9.99773E-01
 8.41395E+01 6.39983E-01 8.09979E-01 9.80074E-01 9.99774E-01
 8.51138E+01 6.39984E-01 8.09979E-01 9.80075E-01 9.99774E-01
 8.60994E+01 6.39984E-01 8.09980E-01 9.80075E-01 9.99775E-01
 8.70964E+01 6.39984E-01 8.09980E-01 9.80076E-01 9.99775E-01
 8.81049E+01 6.39985E-01 8.09981E-01 9.80076E-01 9.99776E-01
 8.91251E+01 6.39985E-01 8.09981E-01 9.80077E-01 9.99777E-01
 9.01571E+01 6.39985E-01 8.09981E-01 9.80077E-01 9.99777E-01
 9.12011E+01 6.39986E-01 8.09982E-01 9.80078E-01 9.99778E-01
 9.22571E+01 6.39986E-01 8.09982E-01 9.80078E-01 9.99778E-01
 9.33254E+01 6.39986E-01 8.09983E-01 9.80079E-01 9.99779E-01
 9.44061E+01 6.39987E-01 8.09983E-01 9.80079E-01 9.99779E-01
 9.54993E+01 6.39987E-01 8.09983E-01 9.80080E-01 9.99780E-01
 9.66051E+01 6.39987E-01 8.09984E-01 9.80080E-01 9.99780E-01
 9.77237E+01 6.39987E-01 8.09984E-01 9.80081E-01 9.99780E-01
 9.88553E+01 6.39988E-01 8.09985E-01 9.80081E-01 9.99781E-01
 1.00000E+02 6.39988E-01 8.09985E-01 9.80082E-01 9.99781E-01
