 1.00000E-02 6.77479E-02 9.24350E-02 1.23936E-01 1.27948E-01
 2.00000E-02 6.77397E-02 9.31189E-02 1.23908E-01 1.27919E-01
 3.00000E-02 6.77259E-02 9.30414E-02 1.23863E-01 1.27871E-01
 4.00000E-02 6.77068E-02 9.30572E-02 1.23799E-01 1.27842E-01
 5.00000E-02 6.76845E-02 9.30007E-02 1.23718E-01 1.27789E-01
 6.00000E-02 6.76666E-02 9.29553E-02 1.23619E-01 1.27694E-01
 7.00000E-02 6.76379E-02 9.28889E-02 1.23502E-01 1.27571E-01
 8.00000E-02 6.76015E-02 9.28147E-02 1.23371E-01 1.27426E-01
 9.00000E-02 6.75590E-02 9.27331E-02 1.23225E-01 1.27262E-01
 1.00000E-01 6.75113E-02 9.26374E-02 1.23061E-01 1.27080E-01
 1.10000E-01 6.74590E-02 9.25398E-02 1.22879E-01 1.26881E-01
 1.20000E-01 6.74026E-02 9.24258E-02 1.22681E-01 1.26670E-01
 1.30000E-01 6.73466E-02 9.23129E-02 1.22468E-01 1.26443E-01
 1.40000E-01 6.72861E-02 9.21857E-02 1.22239E-01 1.26199E-01
 1.50000E-01 6.72220E-02 9.20559E-02 1.21996E-01 1.25939E-01
 1.60000E-01 6.71546E-02 9.19171E-02 1.21740E-01 1.25664E-01
 1.70000E-01 6.70849E-02 9.17725E-02 1.21471E-01 1.25375E-01
 1.80000E-01 6.70154E-02 9.16233E-02 1.21189E-01 1.25072E-01
 1.90000E-01 6.69437E-02 9.14665E-02 1.20896E-01 1.24757E-01
 2.00000E-01 6.68701E-02 9.13085E-02 1.20592E-01 1.24431E-01
 2.10000E-01 6.67960E-02 9.11437E-02 1.20278E-01 1.24093E-01
 2.20000E-01 6.67228E-02 9.09770E-02 1.19954E-01 1.23745E-01
 2.30000E-01 6.66488E-02 9.08066E-02 1.19622E-01 1.23387E-01
 2.40000E-01 6.65748E-02 9.06332E-02 1.19282E-01 1.23021E-01
 2.50000E-01 6.65031E-02 9.04591E-02 1.18936E-01 1.22647E-01
 2.60000E-01 6.64320E-02 9.02820E-02 1.18583E-01 1.22265E-01
 2.70000E-01 6.63621E-02 9.01059E-02 1.18224E-01 1.21877E-01
 2.80000E-01 6.62954E-02 8.99284E-02 1.17860E-01 1.21483E-01
 2.90000E-01 6.62304E-02 8.97515E-02 1.17492E-01 1.21085E-01
 3.00000E-01 6.61684E-02 8.95755E-02 1.17121E-01 1.20684E-01
 3.10000E-01 6.61100E-02 8.94004E-02 1.16748E-01 1.20279E-01
 3.20000E-01 6.60545E-02 8.92281E-02 1.16374E-01 1.19872E-01
 3.30000E-01 6.60038E-02 8.90571E-02 1.15998E-01 1.19463E-01
 3.40000E-01 6.59569E-02 8.88906E-02 1.15622E-01 1.19055E-01
 3.50000E-01 6.59149E-02 8.87264E-02 1.15248E-01 1.18648E-01
 3.60000E-01 6.58780E-02 8.85672E-02 1.14875E-01 1.18240E-01
 3.70000E-01 6.58461E-02 8.84119E-02 1.14504E-01 1.17836E-01
 3.80000E-01 6.58205E-02 8.82624E-02 1.14137E-01 1.17435E-01
 3.90000E-01 6.58004E-02 8.81178E-02 1.13774E-01 1.17037E-01
 4.00000E-01 6.57871E-02 8.79802E-02 1.13417E-01 1.16644E-01
 4.10000E-01 6.57802E-02 8.78484E-02 1.13064E-01 1.16257E-01
 4.20000E-01 6.57802E-02 8.77246E-02 1.12719E-01 1.15877E-01
 4.30000E-01 6.57877E-02 8.76079E-02 1.12381E-01 1.15503E-01
 4.40000E-01 6.58024E-02 8.74995E-02 1.12050E-01 1.15138E-01
 4.50000E-01 6.58254E-02 8.73998E-02 1.11729E-01 1.14782E-01
 4.60000E-01 6.58562E-02 8.73088E-02 1.11418E-01 1.14436E-01
 4.70000E-01 6.58954E-02 8.72279E-02 1.11117E-01 1.14100E-01
 4.80000E-01 6.59433E-02 8.71568E-02 1.10827E-01 1.13776E-01
 4.90000E-01 6.59999E-02 8.70959E-02 1.10550E-01 1.13464E-01
 5.00000E-01 6.60660E-02 8.70460E-02 1.10286E-01 1.13166E-01
 5.10000E-01 6.61412E-02 8.70077E-02 1.10035E-01 1.12881E-01
 5.20000E-01 6.62260E-02 8.69810E-02 1.09798E-01 1.12611E-01
 5.30000E-01 6.63208E-02 8.69664E-02 1.09576E-01 1.12357E-01
 5.40000E-01 6.64254E-02 8.69644E-02 1.09371E-01 1.12119E-01
 5.50000E-01 6.65404E-02 8.69754E-02 1.09181E-01 1.11898E-01
 5.60000E-01 6.66661E-02 8.70000E-02 1.09010E-01 1.11695E-01
 5.70000E-01 6.68022E-02 8.70384E-02 1.08856E-01 1.11510E-01
 5.80000E-01 6.69492E-02 8.70910E-02 1.08720E-01 1.11345E-01
 5.90000E-01 6.71075E-02 8.71581E-02 1.08604E-01 1.11200E-01
 6.00000E-01 6.72770E-02 8.72402E-02 1.08508E-01 1.11075E-01
 6.10000E-01 6.74578E-02 8.73376E-02 1.08433E-01 1.10972E-01
 6.20000E-01 6.76503E-02 8.74507E-02 1.08379E-01 1.10891E-01
 6.30000E-01 6.78548E-02 8.75799E-02 1.08346E-01 1.10833E-01
 6.40000E-01 6.80712E-02 8.77255E-02 1.08337E-01 1.10798E-01
 6.50000E-01 6.82996E-02 8.78878E-02 1.08350E-01 1.10787E-01
 6.60000E-01 6.85404E-02 8.80670E-02 1.08387E-01 1.10801E-01
 6.70000E-01 6.87935E-02 8.82635E-02 1.08448E-01 1.10840E-01
 6.80000E-01 6.90593E-02 8.84778E-02 1.08534E-01 1.10905E-01
 6.90000E-01 6.93379E-02 8.87100E-02 1.08645E-01 1.10996E-01
 7.00000E-01 6.96293E-02 8.89603E-02 1.08782E-01 1.11115E-01
 7.10000E-01 6.99337E-02 8.92293E-02 1.08946E-01 1.11260E-01
 7.20000E-01 7.02512E-02 8.95167E-02 1.09135E-01 1.11433E-01
 7.30000E-01 7.05819E-02 8.98235E-02 1.09352E-01 1.11635E-01
 7.40000E-01 7.09260E-02 9.01492E-02 1.09597E-01 1.13763E-01
 7.50000E-01 7.12835E-02 9.04946E-02 1.09869E-01 1.16682E-01
 7.60000E-01 7.16545E-02 9.08595E-02 1.10170E-01 1.19627E-01
 7.70000E-01 7.20392E-02 9.12444E-02 1.10499E-01 1.22600E-01
 7.80000E-01 7.24375E-02 9.16493E-02 1.10857E-01 1.25610E-01
 7.90000E-01 7.28497E-02 9.20744E-02 1.11245E-01 1.28643E-01
 8.00000E-01 7.32758E-02 9.25201E-02 1.11662E-01 1.31710E-01
 8.10000E-01 7.37158E-02 9.29863E-02 1.12108E-01 1.34807E-01
 8.20000E-01 7.41699E-02 9.34732E-02 1.12585E-01 1.37926E-01
 8.30000E-01 7.46380E-02 9.39809E-02 1.13092E-01 1.41086E-01
 8.40000E-01 7.51203E-02 9.45097E-02 1.13629E-01 1.44267E-01
 8.50000E-01 7.56166E-02 9.50596E-02 1.14197E-01 1.47477E-01
 8.60000E-01 7.61273E-02 9.56306E-02 1.14796E-01 1.50721E-01
 8.70000E-01 7.66522E-02 9.62230E-02 1.15425E-01 1.53985E-01
 8.80000E-01 7.71913E-02 9.68367E-02 1.16085E-01 1.57285E-01
 8.90000E-01 7.77447E-02 9.74718E-02 1.16776E-01 1.60610E-01
 9.00000E-01 7.83126E-02 9.81284E-02 1.17499E-01 1.63959E-01
 9.10000E-01 7.88947E-02 9.88066E-02 1.18252E-01 1.67344E-01
 9.20000E-01 7.94911E-02 9.95063E-02 1.19037E-01 1.70749E-01
 9.30000E-01 8.01021E-02 1.00228E-01 1.19853E-01 1.74184E-01
 9.40000E-01 8.07272E-02 1.00971E-01 1.20700E-01 1.77648E-01
 9.50000E-01 8.13668E-02 1.01735E-01 1.21578E-01 1.81133E-01
 9.60000E-01 8.20208E-02 1.02521E-01 1.22488E-01 1.84651E-01
 9.70000E-01 8.26890E-02 1.03329E-01 1.23428E-01 1.88193E-01
 9.80000E-01 8.33716E-02 1.04159E-01 1.24400E-01 1.91758E-01
 9.90000E-01 8.40685E-02 1.05010E-01 1.25403E-01 1.95356E-01
 1.00000E+00 8.47796E-02 1.05883E-01 1.26437E-01 1.98974E-01
 1.01158E+00 8.56209E-02 1.06920E-01 1.27672E-01 2.03198E-01
 1.02329E+00 8.64913E-02 1.07999E-01 1.28965E-01 2.07507E-01
 1.03514E+00 8.73916E-02 1.09120E-01 1.30315E-01 2.11896E-01
 1.04713E+00 8.83225E-02 1.10285E-01 1.31724E-01 2.16379E-01
 1.05925E+00 8.92848E-02 1.11494E-01 1.33195E-01 2.20943E-01
 1.07152E+00 9.02792E-02 1.12749E-01 1.34728E-01 2.25604E-01
 1.08393E+00 9.13065E-02 1.14052E-01 1.36325E-01 2.30350E-01
 1.09648E+00 9.23675E-02 1.15402E-01 1.37988E-01 2.35193E-01
 1.10917E+00 9.34629E-02 1.16802E-01 1.40090E-01 2.40128E-01
 1.12202E+00 9.45936E-02 1.18252E-01 1.43143E-01 2.45159E-01
 1.13501E+00 9.57604E-02 1.19754E-01 1.46252E-01 2.50289E-01
 1.14815E+00 9.69642E-02 1.21308E-01 1.49412E-01 2.55515E-01
 1.16145E+00 9.82056E-02 1.22918E-01 1.52625E-01 2.60847E-01
 1.17490E+00 9.94856E-02 1.24582E-01 1.55895E-01 2.66276E-01
 1.18850E+00 1.00805E-01 1.26304E-01 1.59215E-01 2.71816E-01
 1.20226E+00 1.02165E-01 1.28083E-01 1.62594E-01 2.77454E-01
 1.21619E+00 1.03566E-01 1.29922E-01 1.66026E-01 2.83208E-01
 1.23027E+00 1.05009E-01 1.31822E-01 1.69514E-01 2.89064E-01
 1.24451E+00 1.06495E-01 1.33784E-01 1.73060E-01 2.95040E-01
 1.25893E+00 1.08025E-01 1.35810E-01 1.76659E-01 3.01120E-01
 1.27350E+00 1.09600E-01 1.37901E-01 1.80320E-01 3.07324E-01
 1.28825E+00 1.11220E-01 1.40059E-01 1.84035E-01 3.13637E-01
 1.30317E+00 1.12887E-01 1.42285E-01 1.87811E-01 3.20076E-01
 1.31826E+00 1.14602E-01 1.44580E-01 1.91643E-01 3.26628E-01
 1.33352E+00 1.16366E-01 1.46947E-01 1.95535E-01 3.33310E-01
 1.34896E+00 1.18179E-01 1.49378E-01 1.99486E-01 3.40109E-01
 1.36458E+00 1.20043E-01 1.51839E-01 2.03496E-01 3.47043E-01
 1.38038E+00 1.21959E-01 1.54328E-01 2.07567E-01 3.54096E-01
 1.39637E+00 1.23927E-01 1.56845E-01 2.11697E-01 3.61289E-01
 1.41254E+00 1.25937E-01 1.59389E-01 2.15888E-01 3.68605E-01
 1.42889E+00 1.27970E-01 1.61962E-01 2.20139E-01 3.76065E-01
 1.44544E+00 1.30024E-01 1.64561E-01 2.24452E-01 3.83653E-01
 1.46218E+00 1.32099E-01 1.67188E-01 2.28825E-01 3.91386E-01
 1.47911E+00 1.34196E-01 1.69842E-01 2.33261E-01 3.99255E-01
 1.49624E+00 1.36315E-01 1.72524E-01 2.37758E-01 4.07270E-01
 1.51356E+00 1.38455E-01 1.75232E-01 2.42316E-01 4.15427E-01
 1.53109E+00 1.40616E-01 1.77967E-01 2.46937E-01 4.23733E-01
 1.54882E+00 1.42798E-01 1.80729E-01 2.51619E-01 4.32187E-01
 1.56675E+00 1.45001E-01 1.83517E-01 2.56366E-01 4.40792E-01
 1.58489E+00 1.47225E-01 1.86331E-01 2.61171E-01 4.49552E-01
 1.60325E+00 1.49469E-01 1.89172E-01 2.66043E-01 4.58464E-01
 1.62181E+00 1.51734E-01 1.92038E-01 2.70974E-01 4.67540E-01
 1.64059E+00 1.54019E-01 1.94930E-01 2.75971E-01 4.76768E-01
 1.65959E+00 1.56323E-01 1.97847E-01 2.81027E-01 4.86167E-01
 1.67880E+00 1.58648E-01 2.00789E-01 2.86148E-01 4.95724E-01
 1.69824E+00 1.60992E-01 2.03756E-01 2.91330E-01 5.05452E-01
 1.71791E+00 1.63356E-01 2.06747E-01 2.96574E-01 5.15347E-01
 1.73780E+00 1.65738E-01 2.09762E-01 3.01882E-01 5.25413E-01
 1.75792E+00 1.68139E-01 2.12801E-01 3.07248E-01 5.35655E-01
 1.77828E+00 1.70559E-01 2.15864E-01 3.12681E-01 5.46068E-01
 1.79887E+00 1.72997E-01 2.18949E-01 3.18173E-01 5.56667E-01
 1.81970E+00 1.75453E-01 2.22058E-01 3.23727E-01 5.67439E-01
 1.84077E+00 1.77927E-01 2.25188E-01 3.29342E-01 5.78400E-01
 1.86209E+00 1.80418E-01 2.28341E-01 3.35016E-01 5.89544E-01
 1.88365E+00 1.82925E-01 2.31515E-01 3.40753E-01 6.00875E-01
 1.90546E+00 1.85450E-01 2.34710E-01 3.46548E-01 6.12400E-01
 1.92752E+00 1.87991E-01 2.37926E-01 3.52404E-01 6.24110E-01
 1.94984E+00 1.90548E-01 2.41162E-01 3.58319E-01 6.36024E-01
 1.97242E+00 1.93120E-01 2.44417E-01 3.64291E-01 6.48130E-01
 1.99526E+00 1.95708E-01 2.47692E-01 3.70324E-01 6.60438E-01
 2.01837E+00 1.98310E-01 2.50986E-01 3.76411E-01 6.72949E-01
 2.04174E+00 2.00927E-01 2.54298E-01 3.82558E-01 6.85659E-01
 2.06538E+00 2.03557E-01 2.57627E-01 3.88759E-01 6.98585E-01
 2.08930E+00 2.06202E-01 2.60974E-01 3.95016E-01 7.11714E-01
 2.11349E+00 2.08859E-01 2.64337E-01 4.01330E-01 7.25057E-01
 2.13796E+00 2.11529E-01 2.67717E-01 4.07694E-01 7.38616E-01
 2.16272E+00 2.14212E-01 2.71112E-01 4.14114E-01 7.52387E-01
 2.18776E+00 2.16906E-01 2.74522E-01 4.20586E-01 7.66385E-01
 2.21309E+00 2.19612E-01 2.77946E-01 4.27107E-01 7.80600E-01
 2.23872E+00 2.22328E-01 2.81384E-01 4.33683E-01 7.95040E-01
 2.26464E+00 2.25055E-01 2.84835E-01 4.40304E-01 8.09709E-01
 2.29087E+00 2.27792E-01 2.88299E-01 4.46976E-01 8.24601E-01
 2.31739E+00 2.30538E-01 2.91775E-01 4.53694E-01 8.39733E-01
 2.34423E+00 2.33293E-01 2.95262E-01 4.60456E-01 8.55095E-01
 2.37137E+00 2.36057E-01 2.98760E-01 4.67268E-01 8.70691E-01
 2.39883E+00 2.38829E-01 3.02268E-01 4.74119E-01 8.86533E-01
 2.42661E+00 2.41608E-01 3.05785E-01 4.81015E-01 9.02610E-01
 2.45471E+00 2.44394E-01 3.09311E-01 4.87952E-01 9.18934E-01
 2.48313E+00 2.47186E-01 3.12845E-01 4.94925E-01 9.35506E-01
 2.51189E+00 2.49984E-01 3.16387E-01 5.01942E-01 9.52321E-01
 2.54097E+00 2.52788E-01 3.19935E-01 5.08991E-01 9.69394E-01
 2.57040E+00 2.55597E-01 3.23489E-01 5.16077E-01 9.86718E-01
 2.60016E+00 2.58409E-01 3.27049E-01 5.23198E-01 1.00429E+00
 2.63027E+00 2.61226E-01 3.30614E-01 5.30347E-01 1.02214E+00
 2.66073E+00 2.64046E-01 3.34183E-01 5.37531E-01 1.04024E+00
 2.69153E+00 2.66868E-01 3.37755E-01 5.44741E-01 1.05860E+00
 2.72270E+00 2.69693E-01 3.41330E-01 5.51978E-01 1.07723E+00
 2.75423E+00 2.72519E-01 3.44907E-01 5.59242E-01 1.09612E+00
 2.78612E+00 2.75347E-01 3.48486E-01 5.66526E-01 1.11529E+00
 2.81838E+00 2.78175E-01 3.52065E-01 5.73834E-01 1.13473E+00
 2.85102E+00 2.81003E-01 3.55644E-01 5.81161E-01 1.15444E+00
 2.88403E+00 2.83830E-01 3.59223E-01 5.88503E-01 1.17443E+00
 2.91743E+00 2.86657E-01 3.62800E-01 5.95864E-01 1.19471E+00
 2.95121E+00 2.89482E-01 3.66376E-01 6.03235E-01 1.21526E+00
 2.98538E+00 2.92305E-01 3.69949E-01 6.10620E-01 1.23609E+00
 3.01995E+00 2.95126E-01 3.73518E-01 6.18012E-01 1.25722E+00
 3.05492E+00 2.97943E-01 3.77084E-01 6.25410E-01 1.27863E+00
 3.09030E+00 3.00757E-01 3.80645E-01 6.32816E-01 1.30033E+00
 3.12608E+00 3.03567E-01 3.84202E-01 6.40220E-01 1.32233E+00
 3.16228E+00 3.06372E-01 3.87752E-01 6.47628E-01 1.34462E+00
 3.19890E+00 3.09172E-01 3.91296E-01 6.55031E-01 1.36721E+00
 3.23594E+00 3.11967E-01 3.94833E-01 6.62429E-01 1.39010E+00
 3.27341E+00 3.14755E-01 3.98362E-01 6.69822E-01 1.41329E+00
 3.31131E+00 3.17537E-01 4.01883E-01 6.77200E-01 1.43678E+00
 3.34965E+00 3.20313E-01 4.05396E-01 6.84573E-01 1.46059E+00
 3.38844E+00 3.23080E-01 4.08899E-01 6.91926E-01 1.48470E+00
 3.42768E+00 3.25840E-01 4.12392E-01 6.99265E-01 1.50911E+00
 3.46737E+00 3.28592E-01 4.15874E-01 7.06582E-01 1.53385E+00
 3.50752E+00 3.31335E-01 4.19346E-01 7.13876E-01 1.55889E+00
 3.54813E+00 3.34069E-01 4.22806E-01 7.21148E-01 1.58425E+00
 3.58922E+00 3.36793E-01 4.26254E-01 7.28387E-01 1.60993E+00
 3.63078E+00 3.39508E-01 4.29689E-01 7.35601E-01 1.63594E+00
 3.67282E+00 3.42212E-01 4.33112E-01 7.42778E-01 1.66225E+00
 3.71535E+00 3.44905E-01 4.36520E-01 7.49922E-01 1.68890E+00
 3.75837E+00 3.47587E-01 4.39915E-01 7.57025E-01 1.71588E+00
 3.80189E+00 3.50258E-01 4.43295E-01 7.64087E-01 1.74318E+00
 3.84592E+00 3.52917E-01 4.46661E-01 7.71106E-01 1.77080E+00
 3.89045E+00 3.55564E-01 4.50011E-01 7.78075E-01 1.79877E+00
 3.93550E+00 3.58198E-01 4.53345E-01 7.84999E-01 1.82707E+00
 3.98107E+00 3.60820E-01 4.56663E-01 7.91864E-01 1.85570E+00
 4.02717E+00 3.63429E-01 4.59964E-01 7.98681E-01 1.88467E+00
 4.07380E+00 3.66024E-01 4.63249E-01 8.05434E-01 1.91398E+00
 4.12098E+00 3.68605E-01 4.66516E-01 8.12130E-01 1.94363E+00
 4.16869E+00 3.71173E-01 4.69765E-01 8.18759E-01 1.97362E+00
 4.21697E+00 3.73726E-01 4.72997E-01 8.25323E-01 2.00396E+00
 4.26580E+00 3.76265E-01 4.76210E-01 8.31817E-01 2.03464E+00
 4.31519E+00 3.78789E-01 4.79405E-01 8.38239E-01 2.06567E+00
 4.36516E+00 3.81298E-01 4.82580E-01 8.44586E-01 2.09705E+00
 4.41570E+00 3.83792E-01 4.85737E-01 8.50855E-01 2.12879E+00
 4.46684E+00 3.86271E-01 4.88874E-01 8.57044E-01 2.16087E+00
 4.51856E+00 3.88734E-01 4.91991E-01 8.63149E-01 2.19332E+00
 4.57088E+00 3.91181E-01 4.95088E-01 8.69169E-01 2.22611E+00
 4.62381E+00 3.93612E-01 4.98165E-01 8.75099E-01 2.25927E+00
 4.67735E+00 3.96027E-01 5.01222E-01 8.80938E-01 2.29279E+00
 4.73151E+00 3.98426E-01 5.04258E-01 8.86684E-01 2.32667E+00
 4.78630E+00 4.00808E-01 5.07273E-01 8.92332E-01 2.36090E+00
 4.84172E+00 4.03174E-01 5.10267E-01 8.97882E-01 2.39551E+00
 4.89779E+00 4.05523E-01 5.13240E-01 9.03327E-01 2.43049E+00
 4.95450E+00 4.07856E-01 5.16192E-01 9.08672E-01 2.46583E+00
 5.01187E+00 4.10171E-01 5.19123E-01 9.13905E-01 2.50154E+00
 5.06991E+00 4.12469E-01 5.22032E-01 9.19034E-01 2.53762E+00
 5.12861E+00 4.14751E-01 5.24919E-01 9.24045E-01 2.57407E+00
 5.18800E+00 4.17015E-01 5.27784E-01 9.28949E-01 2.61091E+00
 5.24807E+00 4.19261E-01 5.30628E-01 9.33731E-01 2.64812E+00
 5.30884E+00 4.21491E-01 5.33449E-01 9.38396E-01 2.68570E+00
 5.37032E+00 4.23703E-01 5.36249E-01 9.42940E-01 2.72366E+00
 5.43250E+00 4.25897E-01 5.39026E-01 9.47359E-01 2.76200E+00
 5.49541E+00 4.28074E-01 5.41782E-01 9.51655E-01 2.80074E+00
 5.55904E+00 4.30234E-01 5.44515E-01 9.55819E-01 2.83985E+00
 5.62341E+00 4.32376E-01 5.47226E-01 9.59859E-01 2.87935E+00
 5.68853E+00 4.34500E-01 5.49914E-01 9.63764E-01 2.91923E+00
 5.75440E+00 4.36607E-01 5.52581E-01 9.67535E-01 2.95950E+00
 5.82103E+00 4.38696E-01 5.55225E-01 9.71173E-01 3.00016E+00
 5.88844E+00 4.40768E-01 5.57847E-01 9.74670E-01 3.04122E+00
 5.95662E+00 4.42822E-01 5.60447E-01 9.78031E-01 3.08267E+00
 6.02560E+00 4.44859E-01 5.63024E-01 9.81251E-01 3.12452E+00
 6.09537E+00 4.46878E-01 5.65580E-01 9.84324E-01 3.16675E+00
 6.16595E+00 4.48879E-01 5.68113E-01 9.87259E-01 3.20938E+00
 6.23735E+00 4.50863E-01 5.70624E-01 9.90046E-01 3.25243E+00
 6.30957E+00 4.52830E-01 5.73113E-01 9.92684E-01 3.29587E+00
 6.38263E+00 4.54779E-01 5.75580E-01 9.95177E-01 3.33971E+00
 6.45654E+00 4.56711E-01 5.78025E-01 9.97520E-01 3.38395E+00
 6.53131E+00 4.58625E-01 5.80448E-01 9.99710E-01 3.42860E+00
 6.60693E+00 4.60523E-01 5.82849E-01 1.00175E+00 3.47365E+00
 6.68344E+00 4.62403E-01 5.85228E-01 1.00364E+00 3.51911E+00
 6.76083E+00 4.64266E-01 5.87586E-01 1.00537E+00 3.56499E+00
 6.83912E+00 4.66112E-01 5.89922E-01 1.00694E+00 3.61127E+00
 6.91831E+00 4.67940E-01 5.92237E-01 1.00837E+00 3.65797E+00
 6.99842E+00 4.69752E-01 5.94530E-01 1.00963E+00 3.70508E+00
 7.07946E+00 4.71548E-01 5.96802E-01 1.01074E+00 3.75261E+00
 7.16143E+00 4.73326E-01 5.99053E-01 1.01169E+00 3.80055E+00
 7.24436E+00 4.75088E-01 6.01283E-01 1.01248E+00 3.84891E+00
 7.32825E+00 4.76833E-01 6.03492E-01 1.01312E+00 3.89768E+00
 7.41310E+00 4.78562E-01 6.05680E-01 1.01359E+00 3.94687E+00
 7.49894E+00 4.80274E-01 6.07847E-01 1.01391E+00 3.99649E+00
 7.58578E+00 4.81970E-01 6.09993E-01 1.01406E+00 4.04653E+00
 7.67361E+00 4.83650E-01 6.12119E-01 1.01405E+00 4.09699E+00
 7.76247E+00 4.85313E-01 6.14225E-01 1.01389E+00 4.14788E+00
 7.85236E+00 4.86961E-01 6.16310E-01 1.01357E+00 4.19920E+00
 7.94328E+00 4.88593E-01 6.18375E-01 1.01309E+00 4.25094E+00
 8.03526E+00 4.90209E-01 6.20420E-01 1.01245E+00 4.30311E+00
 8.12831E+00 4.91809E-01 6.22446E-01 1.01164E+00 4.35571E+00
 8.22243E+00 4.93393E-01 6.24451E-01 1.01068E+00 4.40874E+00
 8.31764E+00 4.94963E-01 6.26437E-01 1.00957E+00 4.46219E+00
 8.41395E+00 4.96516E-01 6.28404E-01 1.00829E+00 4.51608E+00
 8.51138E+00 4.98055E-01 6.30351E-01 1.00686E+00 4.57040E+00
 8.60994E+00 4.99578E-01 6.32279E-01 1.00527E+00 4.62516E+00
 8.70964E+00 5.01086E-01 6.34188E-01 1.00352E+00 4.68034E+00
 8.81049E+00 5.02580E-01 6.36077E-01 1.00163E+00 4.73597E+00
 8.91251E+00 5.04058E-01 6.37949E-01 9.99575E-01 4.79202E+00
 9.01571E+00 5.05522E-01 6.39801E-01 9.97371E-01 4.84851E+00
 9.12011E+00 5.06971E-01 6.41635E-01 9.95015E-01 4.90544E+00
 9.22571E+00 5.08406E-01 6.43451E-01 9.92510E-01 4.96281E+00
 9.33254E+00 5.09826E-01 6.45249E-01 9.89855E-01 5.02061E+00
 9.44061E+00 5.11232E-01 6.47028E-01 9.87053E-01 5.07885E+00
 9.54993E+00 5.12624E-01 6.48790E-01 9.84104E-01 5.13752E+00
 9.66051E+00 5.14002E-01 6.50534E-01 9.81010E-01 5.19663E+00
 9.77237E+00 5.15366E-01 6.52260E-01 9.77773E-01 5.25618E+00
 9.88553E+00 5.16716E-01 6.53969E-01 9.74394E-01 5.31617E+00
 1.00000E+01 5.18053E-01 6.55660E-01 9.70874E-01 5.37659E+00
 1.01158E+01 5.19375E-01 6.57334E-01 9.67214E-01 5.43745E+00
 1.02329E+01 5.20685E-01 6.58992E-01 9.63420E-01 5.49875E+00
 1.03514E+01 5.21981E-01 6.60632E-01 9.59493E-01 5.56049E+00
 1.04713E+01 5.23264E-01 6.62256E-01 9.55431E-01 5.62265E+00
 1.05925E+01 5.24533E-01 6.63863E-01 9.51238E-01 5.68526E+00
 1.07152E+01 5.25790E-01 6.65453E-01 9.46915E-01 5.74830E+00
 1.08393E+01 5.27034E-01 6.67027E-01 9.42467E-01 5.81177E+00
 1.09648E+01 5.28265E-01 6.68585E-01 9.37895E-01 5.87567E+00
 1.10917E+01 5.29483E-01 6.70127E-01 9.33199E-01 5.94000E+00
 1.12202E+01 5.30689E-01 6.71653E-01 9.28381E-01 6.00477E+00
 1.13501E+01 5.31882E-01 6.73164E-01 9.23449E-01 6.06996E+00
 1.14815E+01 5.33063E-01 6.74658E-01 9.18400E-01 6.13558E+00
 1.16145E+01 5.34232E-01 6.76138E-01 9.13234E-01 6.20164E+00
 1.17490E+01 5.35389E-01 6.77602E-01 9.07962E-01 6.26812E+00
 1.18850E+01 5.36534E-01 6.79050E-01 9.02579E-01 6.33503E+00
 1.20226E+01 5.37666E-01 6.80484E-01 8.97088E-01 6.40235E+00
 1.21619E+01 5.38787E-01 6.81903E-01 8.91498E-01 6.47009E+00
 1.23027E+01 5.39897E-01 6.83307E-01 8.85803E-01 6.53825E+00
 1.24451E+01 5.40994E-01 6.84696E-01 8.80012E-01 6.60682E+00
 1.25893E+01 5.42081E-01 6.86071E-01 8.74123E-01 6.67581E+00
 1.27350E+01 5.43155E-01 6.87431E-01 8.68141E-01 6.74520E+00
 1.28825E+01 5.44219E-01 6.88777E-01 8.62069E-01 6.81500E+00
 1.30317E+01 5.45272E-01 6.90109E-01 8.55907E-01 6.88522E+00
 1.31826E+01 5.46313E-01 6.91427E-01 8.49662E-01 6.95584E+00
 1.33352E+01 5.47343E-01 6.92732E-01 8.43332E-01 7.02685E+00
 1.34896E+01 5.48363E-01 6.94022E-01 8.39767E-01 7.09826E+00
 1.36458E+01 5.49372E-01 6.95299E-01 8.41312E-01 7.17006E+00
 1.38038E+01 5.50370E-01 6.96562E-01 8.42841E-01 7.24224E+00
 1.39637E+01 5.51358E-01 6.97813E-01 8.44353E-01 7.31481E+00
 1.41254E+01 5.52335E-01 6.99049E-01 8.45850E-01 7.38777E+00
 1.42889E+01 5.53302E-01 7.00273E-01 8.47331E-01 7.46111E+00
 1.44544E+01 5.54259E-01 7.01484E-01 8.48796E-01 7.53482E+00
 1.46218E+01 5.55206E-01 7.02682E-01 8.50245E-01 7.60889E+00
 1.47911E+01 5.56142E-01 7.03867E-01 8.51680E-01 7.68331E+00
 1.49624E+01 5.57069E-01 7.05040E-01 8.53099E-01 7.75810E+00
 1.51356E+01 5.57986E-01 7.06200E-01 8.54503E-01 7.83326E+00
 1.53109E+01 5.58893E-01 7.07348E-01 8.55892E-01 7.90877E+00
 1.54882E+01 5.59790E-01 7.08484E-01 8.57266E-01 7.98461E+00
 1.56675E+01 5.60678E-01 7.09608E-01 8.58625E-01 8.06078E+00
 1.58489E+01 5.61556E-01 7.10719E-01 8.59970E-01 8.13728E+00
 1.60325E+01 5.62425E-01 7.11819E-01 8.61301E-01 8.21413E+00
 1.62181E+01 5.63285E-01 7.12907E-01 8.62618E-01 8.29129E+00
 1.64059E+01 5.64135E-01 7.13983E-01 8.63920E-01 8.36876E+00
 1.65959E+01 5.64976E-01 7.15048E-01 8.65208E-01 8.44652E+00
 1.67880E+01 5.65809E-01 7.16102E-01 8.66483E-01 8.52460E+00
 1.69824E+01 5.66632E-01 7.17144E-01 8.67744E-01 8.60298E+00
 1.71791E+01 5.67447E-01 7.18175E-01 8.68991E-01 8.68163E+00
 1.73780E+01 5.68253E-01 7.19195E-01 8.70225E-01 8.76056E+00
 1.75792E+01 5.69050E-01 7.20204E-01 8.71446E-01 8.83975E+00
 1.77828E+01 5.69838E-01 7.21202E-01 8.72654E-01 8.91923E+00
 1.79887E+01 5.70618E-01 7.22189E-01 8.73849E-01 8.99895E+00
 1.81970E+01 5.71390E-01 7.23166E-01 8.75030E-01 9.07891E+00
 1.84077E+01 5.72153E-01 7.24132E-01 8.76199E-01 9.15910E+00
 1.86209E+01 5.72909E-01 7.25087E-01 8.77356E-01 9.23954E+00
 1.88365E+01 5.73656E-01 7.26033E-01 8.78500E-01 9.32019E+00
 1.90546E+01 5.74394E-01 7.26968E-01 8.79631E-01 9.40104E+00
 1.92752E+01 5.75125E-01 7.27893E-01 8.80751E-01 9.48210E+00
 1.94984E+01 5.75848E-01 7.28808E-01 8.81858E-01 9.56336E+00
 1.97242E+01 5.76564E-01 7.29713E-01 8.82953E-01 9.64479E+00
 1.99526E+01 5.77271E-01 7.30609E-01 8.84036E-01 9.72637E+00
 2.01837E+01 5.77971E-01 7.31494E-01 8.85108E-01 9.80814E+00
 2.04174E+01 5.78663E-01 7.32370E-01 8.86168E-01 9.89005E+00
 2.06538E+01 5.79348E-01 7.33237E-01 8.87216E-01 9.97209E+00
 2.08930E+01 5.80025E-01 7.34094E-01 8.88253E-01 1.00543E+01
 2.11349E+01 5.80695E-01 7.34942E-01 8.89279E-01 1.01366E+01
 2.13796E+01 5.81357E-01 7.35780E-01 8.90294E-01 1.02189E+01
 2.16272E+01 5.82012E-01 7.36609E-01 8.91297E-01 1.03014E+01
 2.18776E+01 5.82661E-01 7.37430E-01 8.92290E-01 1.03840E+01
 2.21309E+01 5.83302E-01 7.38241E-01 8.93272E-01 1.04666E+01
 2.23872E+01 5.83936E-01 7.39044E-01 8.94243E-01 1.05492E+01
 2.26464E+01 5.84563E-01 7.39838E-01 8.95204E-01 1.06320E+01
 2.29087E+01 5.85184E-01 7.40623E-01 8.96154E-01 1.07147E+01
 2.31739E+01 5.85797E-01 7.41399E-01 8.97093E-01 1.07974E+01
 2.34423E+01 5.86404E-01 7.42168E-01 8.98023E-01 1.08802E+01
 2.37137E+01 5.87004E-01 7.42927E-01 8.98942E-01 1.09629E+01
 2.39883E+01 5.87598E-01 7.43679E-01 8.99851E-01 1.10456E+01
 2.42661E+01 5.88185E-01 7.44422E-01 9.00750E-01 1.11283E+01
 2.45471E+01 5.88766E-01 7.45157E-01 9.01640E-01 1.12109E+01
 2.48313E+01 5.89340E-01 7.45884E-01 9.02519E-01 1.12934E+01
 2.51189E+01 5.89908E-01 7.46603E-01 9.03389E-01 1.13758E+01
 2.54097E+01 5.90470E-01 7.47314E-01 9.04250E-01 1.14581E+01
 2.57040E+01 5.91026E-01 7.48017E-01 9.05101E-01 1.15403E+01
 2.60016E+01 5.91575E-01 7.48713E-01 9.05942E-01 1.16223E+01
 2.63027E+01 5.92119E-01 7.49401E-01 9.06775E-01 1.17042E+01
 2.66073E+01 5.92657E-01 7.50081E-01 9.07598E-01 1.17860E+01
 2.69153E+01 5.93188E-01 7.50754E-01 9.08412E-01 1.18675E+01
 2.72270E+01 5.93714E-01 7.51419E-01 9.09217E-01 1.19488E+01
 2.75423E+01 5.94234E-01 7.52077E-01 9.10014E-01 1.20299E+01
 2.78612E+01 5.94748E-01 7.52728E-01 9.10801E-01 1.21107E+01
 2.81838E+01 5.95257E-01 7.53372E-01 9.11580E-01 1.21913E+01
 2.85102E+01 5.95760E-01 7.54009E-01 9.12350E-01 1.22716E+01
 2.88403E+01 5.96257E-01 7.54638E-01 9.13112E-01 1.23516E+01
 2.91743E+01 5.96749E-01 7.55261E-01 9.13866E-01 1.24313E+01
 2.95121E+01 5.97236E-01 7.55877E-01 9.14611E-01 1.25107E+01
 2.98538E+01 5.97717E-01 7.56485E-01 9.15347E-01 1.25896E+01
 3.01995E+01 5.98193E-01 7.57088E-01 9.16076E-01 1.26683E+01
 3.05492E+01 5.98663E-01 7.57683E-01 9.16797E-01 1.27465E+01
 3.09030E+01 5.99129E-01 7.58272E-01 9.17509E-01 1.28243E+01
 3.12608E+01 5.99589E-01 7.58855E-01 9.18214E-01 1.29016E+01
 3.16228E+01 6.00044E-01 7.59431E-01 9.18911E-01 1.29786E+01
 3.19890E+01 6.00494E-01 7.60000E-01 9.19600E-01 1.30550E+01
 3.23594E+01 6.00939E-01 7.60564E-01 9.20282E-01 1.31309E+01
 3.27341E+01 6.01379E-01 7.61121E-01 9.20956E-01 1.32064E+01
 3.31131E+01 6.01815E-01 7.61672E-01 9.21623E-01 1.32812E+01
 3.34965E+01 6.02245E-01 7.62217E-01 9.22282E-01 1.33555E+01
 3.38844E+01 6.02671E-01 7.62755E-01 9.22934E-01 1.34293E+01
 3.42768E+01 6.03092E-01 7.63288E-01 9.23579E-01 1.35024E+01
 3.46737E+01 6.03508E-01 7.63815E-01 9.24216E-01 1.35749E+01
 3.50752E+01 6.03920E-01 7.64336E-01 9.24846E-01 1.36467E+01
 3.54813E+01 6.04327E-01 7.64851E-01 9.25470E-01 1.37180E+01
 3.58922E+01 6.04729E-01 7.65361E-01 9.26086E-01 1.37884E+01
 3.63078E+01 6.05127E-01 7.65864E-01 9.26696E-01 1.38582E+01
 3.67282E+01 6.05521E-01 7.66363E-01 9.27299E-01 1.39273E+01
 3.71535E+01 6.05910E-01 7.66855E-01 9.27895E-01 1.39955E+01
 3.75837E+01 6.06295E-01 7.67343E-01 9.28484E-01 1.40631E+01
 3.80189E+01 6.06676E-01 7.67824E-01 9.29067E-01 1.41298E+01
 3.84592E+01 6.07052E-01 7.68301E-01 9.29644E-01 1.41957E+01
 3.89045E+01 6.07425E-01 7.68772E-01 9.30214E-01 1.42607E+01
 3.93550E+01 6.07793E-01 7.69238E-01 9.30778E-01 1.43249E+01
 3.98107E+01 6.08157E-01 7.69698E-01 9.31335E-01 1.43881E+01
 4.02717E+01 6.08517E-01 7.70154E-01 9.31886E-01 1.44505E+01
 4.07380E+01 6.08872E-01 7.70604E-01 9.32431E-01 1.45119E+01
 4.12098E+01 6.09224E-01 7.71050E-01 9.32970E-01 1.45723E+01
 4.16869E+01 6.09572E-01 7.71490E-01 9.33503E-01 1.46318E+01
 4.21697E+01 6.09916E-01 7.71926E-01 9.34030E-01 1.46903E+01
 4.26580E+01 6.10257E-01 7.72356E-01 9.34551E-01 1.47478E+01
 4.31519E+01 6.10593E-01 7.72782E-01 9.35066E-01 1.48042E+01
 4.36516E+01 6.10926E-01 7.73203E-01 9.35576E-01 1.48595E+01
 4.41570E+01 6.11255E-01 7.73620E-01 9.36080E-01 1.49137E+01
 4.46684E+01 6.11580E-01 7.74031E-01 9.36578E-01 1.49668E+01
 4.51856E+01 6.11902E-01 7.74438E-01 9.37070E-01 1.50188E+01
 4.57088E+01 6.12220E-01 7.74841E-01 9.37557E-01 1.50696E+01
 4.62381E+01 6.12534E-01 7.75239E-01 9.38039E-01 1.51193E+01
 4.67735E+01 6.12845E-01 7.75633E-01 9.38515E-01 1.51677E+01
 4.73151E+01 6.13153E-01 7.76022E-01 9.38986E-01 1.52149E+01
 4.78630E+01 6.13457E-01 7.76407E-01 9.39452E-01 1.52610E+01
 4.84172E+01 6.13758E-01 7.76787E-01 9.39912E-01 1.53057E+01
 4.89779E+01 6.14055E-01 7.77163E-01 9.40368E-01 1.53491E+01
 4.95450E+01 6.14349E-01 7.77535E-01 9.40818E-01 1.53913E+01
 5.01187E+01 6.14640E-01 7.77903E-01 9.41263E-01 1.54321E+01
 5.06991E+01 6.14927E-01 7.78267E-01 9.41703E-01 1.54716E+01
 5.12861E+01 6.15211E-01 7.78627E-01 9.42138E-01 1.55097E+01
 5.18800E+01 6.15492E-01 7.78982E-01 9.42568E-01 1.55465E+01
 5.24807E+01 6.15770E-01 7.79334E-01 9.42994E-01 1.55818E+01
 5.30884E+01 6.16045E-01 7.79682E-01 9.43415E-01 1.56158E+01
 5.37032E+01 6.16316E-01 7.80025E-01 9.43831E-01 1.56483E+01
 5.43250E+01 6.16585E-01 7.80365E-01 9.44242E-01 1.56794E+01
 5.49541E+01 6.16850E-01 7.80701E-01 9.44649E-01 1.57090E+01
 5.55904E+01 6.17113E-01 7.81034E-01 9.45051E-01 1.57371E+01
 5.62341E+01 6.17373E-01 7.81362E-01 9.45448E-01 1.57638E+01
 5.68853E+01 6.17629E-01 7.81687E-01 9.45841E-01 1.57889E+01
 5.75440E+01 6.17883E-01 7.82008E-01 9.46230E-01 1.58125E+01
 5.82103E+01 6.18134E-01 7.82326E-01 9.46614E-01 1.58346E+01
 5.88844E+01 6.18382E-01 7.82640E-01 9.46995E-01 1.58552E+01
 5.95662E+01 6.18628E-01 7.82951E-01 9.47370E-01 1.58741E+01
 6.02560E+01 6.18870E-01 7.83258E-01 9.47742E-01 1.58915E+01
 6.09537E+01 6.19110E-01 7.83561E-01 9.48109E-01 1.59073E+01
 6.16595E+01 6.19347E-01 7.83861E-01 9.48472E-01 1.59215E+01
 6.23735E+01 6.19582E-01 7.84158E-01 9.48831E-01 1.59342E+01
 6.30957E+01 6.19814E-01 7.84452E-01 9.49186E-01 1.59452E+01
 6.38263E+01 6.20043E-01 7.84742E-01 9.49538E-01 1.59545E+01
 6.45654E+01 6.20270E-01 7.85029E-01 9.49885E-01 1.59623E+01
 6.53131E+01 6.20494E-01 7.85312E-01 9.50228E-01 1.59684E+01
 6.60693E+01 6.20715E-01 7.85593E-01 9.50567E-01 1.59728E+01
 6.68344E+01 6.20934E-01 7.85870E-01 9.50903E-01 1.59756E+01
 6.76083E+01 6.21151E-01 7.86144E-01 9.51234E-01 1.59768E+01
 6.83912E+01 6.21365E-01 7.86415E-01 9.51562E-01 1.59763E+01
 6.91831E+01 6.21577E-01 7.86683E-01 9.51887E-01 1.59741E+01
 6.99842E+01 6.21786E-01 7.86948E-01 9.52207E-01 1.59702E+01
 7.07946E+01 6.21993E-01 7.87210E-01 9.52524E-01 1.59647E+01
 7.16143E+01 6.22198E-01 7.87469E-01 9.52838E-01 1.59575E+01
 7.24436E+01 6.22400E-01 7.87725E-01 9.53148E-01 1.59486E+01
 7.32825E+01 6.22600E-01 7.87978E-01 9.53454E-01 1.59381E+01
 7.41310E+01 6.22798E-01 7.88229E-01 9.53757E-01 1.59259E+01
 7.49894E+01 6.22994E-01 7.88476E-01 9.54056E-01 1.59120E+01
 7.58578E+01 6.23187E-01 7.88721E-01 9.54353E-01 1.58964E+01
 7.67361E+01 6.23378E-01 7.88963E-01 9.54645E-01 1.58791E+01
 7.76247E+01 6.23567E-01 7.89202E-01 9.54935E-01 1.58603E+01
 7.85236E+01 6.23754E-01 7.89439E-01 9.55221E-01 1.58397E+01
 7.94328E+01 6.23939E-01 7.89673E-01 9.55504E-01 1.58175E+01
 8.03526E+01 6.24122E-01 7.89904E-01 9.55784E-01 1.57936E+01
 8.12831E+01 6.24302E-01 7.90133E-01 9.56060E-01 1.57681E+01
 8.22243E+01 6.24481E-01 7.90359E-01 9.56334E-01 1.57410E+01
 8.31764E+01 6.24657E-01 7.90582E-01 9.56604E-01 1.57122E+01
 8.41395E+01 6.24832E-01 7.90803E-01 9.56872E-01 1.56818E+01
 8.51138E+01 6.25005E-01 7.91021E-01 9.57136E-01 1.56499E+01
 8.60994E+01 6.25175E-01 7.91237E-01 9.57397E-01 1.56163E+01
 8.70964E+01 6.25344E-01 7.91451E-01 9.57656E-01 1.55811E+01
 8.81049E+01 6.25511E-01 7.91662E-01 9.57911E-01 1.55444E+01
 8.91251E+01 6.25676E-01 7.91871E-01 9.58164E-01 1.55061E+01
 9.01571E+01 6.25839E-01 7.92077E-01 9.58413E-01 1.54663E+01
 9.12011E+01 6.26000E-01 7.92281E-01 9.58660E-01 1.54249E+01
 9.22571E+01 6.26159E-01 7.92483E-01 9.58904E-01 1.53820E+01
 9.33254E+01 6.26317E-01 7.92682E-01 9.59146E-01 1.53377E+01
 9.44061E+01 6.26473E-01 7.92880E-01 9.59384E-01 1.52918E+01
 9.54993E+01 6.26627E-01 7.93074E-01 9.59620E-01 1.52445E+01
 9.66051E+01 6.26779E-01 7.93267E-01 9.59853E-01 1.51957E+01
 9.77237E+01 6.26930E-01 7.93458E-01 9.60084E-01 1.51455E+01
 9.88553E+01 6.27078E-01 7.93646E-01 9.60312E-01 1.50939E+01
 1.00000E+02 6.27226E-01 7.93832E-01 9.60537E-01 1.50409E+01
