 1.00000E-02 1.88872E-02 3.54964E-02 6.37269E-02 6.85297E-02
 2.00000E-02 1.89224E-02 3.55703E-02 6.40327E-02 6.85986E-02
 3.00000E-02 1.89810E-02 3.57084E-02 6.41795E-02 6.87785E-02
 4.00000E-02 1.90687E-02 3.58370E-02 6.43145E-02 6.89685E-02
 5.00000E-02 1.91789E-02 3.59927E-02 6.45461E-02 6.91797E-02
 6.00000E-02 1.93097E-02 3.61859E-02 6.47967E-02 6.94299E-02
 7.00000E-02 1.94627E-02 3.64206E-02 6.50911E-02 6.97287E-02
 8.00000E-02 1.96385E-02 3.66866E-02 6.54398E-02 7.00839E-02
 9.00000E-02 1.98388E-02 3.69861E-02 6.58239E-02 7.04793E-02
 1.00000E-01 2.00631E-02 3.73200E-02 6.62617E-02 7.09173E-02
 1.10000E-01 2.03097E-02 3.76920E-02 6.67405E-02 7.14041E-02
 1.20000E-01 2.05790E-02 3.80980E-02 6.72652E-02 7.19392E-02
 1.30000E-01 2.08728E-02 3.85380E-02 6.78362E-02 7.25173E-02
 1.40000E-01 2.11887E-02 3.90122E-02 6.84501E-02 7.31412E-02
 1.50000E-01 2.15278E-02 3.95207E-02 6.91120E-02 7.38138E-02
 1.60000E-01 2.18897E-02 4.00637E-02 6.98157E-02 7.45298E-02
 1.70000E-01 2.22742E-02 4.06415E-02 7.05674E-02 7.52923E-02
 1.80000E-01 2.26813E-02 4.12531E-02 7.13609E-02 7.61010E-02
 1.90000E-01 2.31109E-02 4.18982E-02 7.22015E-02 7.69530E-02
 2.00000E-01 2.35624E-02 4.25767E-02 7.30842E-02 7.78533E-02
 2.10000E-01 2.40366E-02 4.32884E-02 7.40128E-02 7.87965E-02
 2.20000E-01 2.45324E-02 4.40331E-02 7.49839E-02 7.97860E-02
 2.30000E-01 2.50499E-02 4.48106E-02 7.59994E-02 8.08193E-02
 2.40000E-01 2.55888E-02 4.56205E-02 7.70579E-02 8.18975E-02
 2.50000E-01 2.61493E-02 4.64626E-02 7.81593E-02 8.30195E-02
 2.60000E-01 2.67309E-02 4.73364E-02 7.93040E-02 8.41857E-02
 2.70000E-01 2.73334E-02 4.82417E-02 8.04899E-02 8.53949E-02
 2.80000E-01 2.79565E-02 4.91784E-02 8.17193E-02 8.66478E-02
 2.90000E-01 2.85999E-02 5.01461E-02 8.29890E-02 8.79429E-02
 3.00000E-01 2.92636E-02 5.11440E-02 8.43007E-02 8.92810E-02
 3.10000E-01 2.99472E-02 5.21719E-02 8.56527E-02 9.06602E-02
 3.20000E-01 3.06504E-02 5.32294E-02 8.70450E-02 9.20818E-02
 3.30000E-01 3.13727E-02 5.43165E-02 8.84772E-02 9.35434E-02
 3.40000E-01 3.21143E-02 5.54321E-02 8.99482E-02 9.50464E-02
 3.50000E-01 3.28745E-02 5.65763E-02 9.14586E-02 9.65885E-02
 3.60000E-01 3.36532E-02 5.77484E-02 9.30063E-02 9.81707E-02
 3.70000E-01 3.44499E-02 5.89479E-02 9.45925E-02 9.97910E-02
 3.80000E-01 3.52646E-02 6.01746E-02 9.62148E-02 1.01450E-01
 3.90000E-01 3.60965E-02 6.14278E-02 9.78744E-02 1.03146E-01
 4.00000E-01 3.69459E-02 6.27070E-02 9.95689E-02 1.04880E-01
 4.10000E-01 3.78120E-02 6.40121E-02 1.01299E-01 1.06649E-01
 4.20000E-01 3.86946E-02 6.53421E-02 1.03064E-01 1.08455E-01
 4.30000E-01 3.95933E-02 6.66966E-02 1.04862E-01 1.10294E-01
 4.40000E-01 4.05079E-02 6.80754E-02 1.06694E-01 1.12169E-01
 4.50000E-01 4.14379E-02 6.94779E-02 1.08557E-01 1.14077E-01
 4.60000E-01 4.23832E-02 7.09035E-02 1.10453E-01 1.16018E-01
 4.70000E-01 4.33432E-02 7.23516E-02 1.12380E-01 1.17991E-01
 4.80000E-01 4.43177E-02 7.38218E-02 1.14337E-01 1.19995E-01
 4.90000E-01 4.53062E-02 7.53136E-02 1.16324E-01 1.22030E-01
 5.00000E-01 4.63084E-02 7.68265E-02 1.18340E-01 1.24096E-01
 5.10000E-01 4.73242E-02 7.83598E-02 1.20384E-01 1.26190E-01
 5.20000E-01 4.83529E-02 7.99131E-02 1.22456E-01 1.28312E-01
 5.30000E-01 4.93944E-02 8.14861E-02 1.24554E-01 1.30463E-01
 5.40000E-01 5.04482E-02 8.30780E-02 1.26679E-01 1.32640E-01
 5.50000E-01 5.15140E-02 8.46883E-02 1.28828E-01 1.34843E-01
 5.60000E-01 5.25914E-02 8.63167E-02 1.31003E-01 1.37072E-01
 5.70000E-01 5.36802E-02 8.79624E-02 1.33201E-01 1.39326E-01
 5.80000E-01 5.47799E-02 8.96250E-02 1.35423E-01 1.41604E-01
 5.90000E-01 5.58901E-02 9.13042E-02 1.37667E-01 1.43904E-01
 6.00000E-01 5.70108E-02 9.29992E-02 1.39933E-01 1.46227E-01
 6.10000E-01 5.81414E-02 9.47095E-02 1.42220E-01 1.48572E-01
 6.20000E-01 5.92815E-02 9.64350E-02 1.44527E-01 1.50938E-01
 6.30000E-01 6.04309E-02 9.81747E-02 1.46854E-01 1.53325E-01
 6.40000E-01 6.15893E-02 9.99283E-02 1.49200E-01 1.55730E-01
 6.50000E-01 6.27563E-02 1.01695E-01 1.51564E-01 1.58155E-01
 6.60000E-01 6.39315E-02 1.03476E-01 1.53946E-01 1.60597E-01
 6.70000E-01 6.51147E-02 1.05268E-01 1.56345E-01 1.63057E-01
 6.80000E-01 6.63055E-02 1.07073E-01 1.58760E-01 1.65534E-01
 6.90000E-01 6.75038E-02 1.08889E-01 1.61191E-01 1.68027E-01
 7.00000E-01 6.87090E-02 1.10716E-01 1.63637E-01 1.70535E-01
 7.10000E-01 6.99209E-02 1.12554E-01 1.66096E-01 1.73058E-01
 7.20000E-01 7.11393E-02 1.14402E-01 1.68570E-01 1.75594E-01
 7.30000E-01 7.23638E-02 1.16260E-01 1.71057E-01 1.78144E-01
 7.40000E-01 7.35941E-02 1.18127E-01 1.73556E-01 1.80707E-01
 7.50000E-01 7.48299E-02 1.20003E-01 1.76067E-01 1.83282E-01
 7.60000E-01 7.60710E-02 1.21887E-01 1.78589E-01 1.85868E-01
 7.70000E-01 7.73169E-02 1.23780E-01 1.81122E-01 1.88466E-01
 7.80000E-01 7.85678E-02 1.25680E-01 1.83666E-01 1.91073E-01
 7.90000E-01 7.98229E-02 1.27588E-01 1.86218E-01 1.93690E-01
 8.00000E-01 8.10821E-02 1.29502E-01 1.88780E-01 1.96316E-01
 8.10000E-01 8.23454E-02 1.31422E-01 1.91350E-01 1.98951E-01
 8.20000E-01 8.36122E-02 1.33349E-01 1.93928E-01 2.01594E-01
 8.30000E-01 8.48824E-02 1.35282E-01 1.96513E-01 2.04244E-01
 8.40000E-01 8.61557E-02 1.37219E-01 1.99105E-01 2.06901E-01
 8.50000E-01 8.74319E-02 1.39162E-01 2.01704E-01 2.09564E-01
 8.60000E-01 8.87107E-02 1.41109E-01 2.04309E-01 2.12233E-01
 8.70000E-01 8.99919E-02 1.43061E-01 2.06918E-01 2.14907E-01
 8.80000E-01 9.12753E-02 1.45016E-01 2.09533E-01 2.17587E-01
 8.90000E-01 9.25607E-02 1.46975E-01 2.12152E-01 2.20270E-01
 9.00000E-01 9.38478E-02 1.48937E-01 2.14776E-01 2.22958E-01
 9.10000E-01 9.51363E-02 1.50902E-01 2.17402E-01 2.25649E-01
 9.20000E-01 9.64261E-02 1.52870E-01 2.20032E-01 2.28342E-01
 9.30000E-01 9.77171E-02 1.54840E-01 2.22665E-01 2.31039E-01
 9.40000E-01 9.90090E-02 1.56812E-01 2.25300E-01 2.33737E-01
 9.50000E-01 1.00302E-01 1.58786E-01 2.27937E-01 2.36437E-01
 9.60000E-01 1.01595E-01 1.60761E-01 2.30575E-01 2.39139E-01
 9.70000E-01 1.02888E-01 1.62737E-01 2.33215E-01 2.41841E-01
 9.80000E-01 1.04181E-01 1.64714E-01 2.35855E-01 2.44544E-01
 9.90000E-01 1.05475E-01 1.66692E-01 2.38495E-01 2.47246E-01
 1.00000E+00 1.06768E-01 1.68670E-01 2.41136E-01 2.49949E-01
 1.01158E+00 1.08265E-01 1.70960E-01 2.44193E-01 2.53078E-01
 1.02329E+00 1.09778E-01 1.73277E-01 2.47285E-01 2.56241E-01
 1.03514E+00 1.11308E-01 1.75620E-01 2.50411E-01 2.59439E-01
 1.04713E+00 1.12854E-01 1.77989E-01 2.53572E-01 2.62672E-01
 1.05925E+00 1.14416E-01 1.80384E-01 2.56766E-01 2.65939E-01
 1.07152E+00 1.15995E-01 1.82804E-01 2.59994E-01 2.69240E-01
 1.08393E+00 1.17589E-01 1.85250E-01 2.63255E-01 2.72574E-01
 1.09648E+00 1.19199E-01 1.87722E-01 2.66550E-01 2.75942E-01
 1.10917E+00 1.20825E-01 1.90218E-01 2.69878E-01 2.79344E-01
 1.12202E+00 1.22466E-01 1.92740E-01 2.73239E-01 2.82778E-01
 1.13501E+00 1.24123E-01 1.95287E-01 2.76633E-01 2.86245E-01
 1.14815E+00 1.25795E-01 1.97858E-01 2.80058E-01 2.89744E-01
 1.16145E+00 1.27482E-01 2.00454E-01 2.83516E-01 2.93275E-01
 1.17490E+00 1.29183E-01 2.03074E-01 2.87005E-01 2.96838E-01
 1.18850E+00 1.30899E-01 2.05718E-01 2.90526E-01 3.00432E-01
 1.20226E+00 1.32630E-01 2.08386E-01 2.94077E-01 3.04057E-01
 1.21619E+00 1.34375E-01 2.11077E-01 2.97659E-01 3.07712E-01
 1.23027E+00 1.36133E-01 2.13790E-01 3.01271E-01 3.11398E-01
 1.24451E+00 1.37905E-01 2.16527E-01 3.04914E-01 3.15113E-01
 1.25893E+00 1.39691E-01 2.19286E-01 3.08585E-01 3.18857E-01
 1.27350E+00 1.41490E-01 2.22068E-01 3.12286E-01 3.22630E-01
 1.28825E+00 1.43302E-01 2.24871E-01 3.16015E-01 3.26431E-01
 1.30317E+00 1.45126E-01 2.27695E-01 3.19772E-01 3.30260E-01
 1.31826E+00 1.46963E-01 2.30541E-01 3.23557E-01 3.34115E-01
 1.33352E+00 1.48812E-01 2.33407E-01 3.27369E-01 3.37998E-01
 1.34896E+00 1.50672E-01 2.36294E-01 3.31208E-01 3.41907E-01
 1.36458E+00 1.52544E-01 2.39200E-01 3.35074E-01 3.45841E-01
 1.38038E+00 1.54428E-01 2.42125E-01 3.38965E-01 3.49801E-01
 1.39637E+00 1.56322E-01 2.45070E-01 3.42881E-01 3.53785E-01
 1.41254E+00 1.58226E-01 2.48033E-01 3.46822E-01 3.57793E-01
 1.42889E+00 1.60141E-01 2.51015E-01 3.50787E-01 3.61825E-01
 1.44544E+00 1.62066E-01 2.54014E-01 3.54775E-01 3.65879E-01
 1.46218E+00 1.63999E-01 2.57029E-01 3.58787E-01 3.69955E-01
 1.47911E+00 1.65943E-01 2.60062E-01 3.62821E-01 3.74053E-01
 1.49624E+00 1.67894E-01 2.63111E-01 3.66877E-01 3.78172E-01
 1.51356E+00 1.69855E-01 2.66175E-01 3.70954E-01 3.82311E-01
 1.53109E+00 1.71823E-01 2.69255E-01 3.75052E-01 3.86470E-01
 1.54882E+00 1.73799E-01 2.72349E-01 3.79171E-01 3.90647E-01
 1.56675E+00 1.75782E-01 2.75457E-01 3.83308E-01 3.94843E-01
 1.58489E+00 1.77772E-01 2.78578E-01 3.87465E-01 3.99057E-01
 1.60325E+00 1.79768E-01 2.81712E-01 3.91640E-01 4.03288E-01
 1.62181E+00 1.81771E-01 2.84859E-01 3.95833E-01 4.07535E-01
 1.64059E+00 1.83779E-01 2.88017E-01 4.00043E-01 4.11797E-01
 1.65959E+00 1.85792E-01 2.91187E-01 4.04269E-01 4.16075E-01
 1.67880E+00 1.87810E-01 2.94367E-01 4.08510E-01 4.20367E-01
 1.69824E+00 1.89833E-01 2.97557E-01 4.12767E-01 4.24672E-01
 1.71791E+00 1.91859E-01 3.00756E-01 4.17039E-01 4.28990E-01
 1.73780E+00 1.93889E-01 3.03964E-01 4.21324E-01 4.33321E-01
 1.75792E+00 1.95923E-01 3.07179E-01 4.25622E-01 4.37663E-01
 1.77828E+00 1.97959E-01 3.10403E-01 4.29933E-01 4.42015E-01
 1.79887E+00 1.99997E-01 3.13633E-01 4.34256E-01 4.46506E-01
 1.81970E+00 2.02037E-01 3.16869E-01 4.38590E-01 4.52816E-01
 1.84077E+00 2.04079E-01 3.20110E-01 4.42934E-01 4.59127E-01
 1.86209E+00 2.06121E-01 3.23356E-01 4.47288E-01 4.65438E-01
 1.88365E+00 2.08164E-01 3.26607E-01 4.53339E-01 4.71746E-01
 1.90546E+00 2.10208E-01 3.29861E-01 4.59397E-01 4.78050E-01
 1.92752E+00 2.12251E-01 3.33117E-01 4.65449E-01 4.84348E-01
 1.94984E+00 2.14293E-01 3.36376E-01 4.71493E-01 4.90638E-01
 1.97242E+00 2.16334E-01 3.39636E-01 4.77528E-01 4.96918E-01
 1.99526E+00 2.18374E-01 3.42897E-01 4.83552E-01 5.03186E-01
 2.01837E+00 2.20411E-01 3.46158E-01 4.89563E-01 5.09441E-01
 2.04174E+00 2.22446E-01 3.49418E-01 4.95559E-01 5.15681E-01
 2.06538E+00 2.24479E-01 3.52677E-01 5.01539E-01 5.21903E-01
 2.08930E+00 2.26508E-01 3.55933E-01 5.07501E-01 5.28108E-01
 2.11349E+00 2.28533E-01 3.59188E-01 5.13443E-01 5.34291E-01
 2.13796E+00 2.30554E-01 3.62438E-01 5.19365E-01 5.40453E-01
 2.16272E+00 2.32571E-01 3.65685E-01 5.25263E-01 5.46591E-01
 2.18776E+00 2.34583E-01 3.68927E-01 5.31138E-01 5.52704E-01
 2.21309E+00 2.36590E-01 3.72164E-01 5.36987E-01 5.58790E-01
 2.23872E+00 2.38590E-01 3.75394E-01 5.42808E-01 5.64848E-01
 2.26464E+00 2.40585E-01 3.78618E-01 5.48601E-01 5.70876E-01
 2.29087E+00 2.42574E-01 3.81834E-01 5.54364E-01 5.76873E-01
 2.31739E+00 2.44555E-01 3.85042E-01 5.60095E-01 5.82837E-01
 2.34423E+00 2.46529E-01 3.88242E-01 5.65794E-01 5.88767E-01
 2.37137E+00 2.48496E-01 3.91431E-01 5.71459E-01 5.94662E-01
 2.39883E+00 2.50455E-01 3.94611E-01 5.77088E-01 6.00520E-01
 2.42661E+00 2.52405E-01 3.97979E-01 5.82681E-01 6.06341E-01
 2.45471E+00 2.54347E-01 4.01774E-01 5.88237E-01 6.12122E-01
 2.48313E+00 2.56280E-01 4.05542E-01 5.93754E-01 6.17863E-01
 2.51189E+00 2.58203E-01 4.09283E-01 5.99231E-01 6.23562E-01
 2.54097E+00 2.60117E-01 4.12996E-01 6.04667E-01 6.29219E-01
 2.57040E+00 2.62021E-01 4.16680E-01 6.10062E-01 6.34832E-01
 2.60016E+00 2.63914E-01 4.20335E-01 6.15413E-01 6.40401E-01
 2.63027E+00 2.65797E-01 4.23961E-01 6.20721E-01 6.45925E-01
 2.66073E+00 2.67669E-01 4.27556E-01 6.25984E-01 6.51402E-01
 2.69153E+00 2.69530E-01 4.31120E-01 6.31202E-01 6.56832E-01
 2.72270E+00 2.71380E-01 4.34652E-01 6.36374E-01 6.62213E-01
 2.75423E+00 2.73536E-01 4.38152E-01 6.41499E-01 6.67546E-01
 2.78612E+00 2.75701E-01 4.41620E-01 6.46576E-01 6.72830E-01
 2.81838E+00 2.77846E-01 4.45055E-01 6.51605E-01 6.78063E-01
 2.85102E+00 2.79969E-01 4.48456E-01 6.56585E-01 6.83245E-01
 2.88403E+00 2.82071E-01 4.51824E-01 6.61515E-01 6.88375E-01
 2.91743E+00 2.84152E-01 4.55157E-01 6.66395E-01 6.93454E-01
 2.95121E+00 2.86212E-01 4.58456E-01 6.71225E-01 6.98479E-01
 2.98538E+00 2.88249E-01 4.61720E-01 6.76004E-01 7.03452E-01
 3.01995E+00 2.90265E-01 4.64948E-01 6.80731E-01 7.08371E-01
 3.05492E+00 2.92259E-01 4.68142E-01 6.85406E-01 7.13237E-01
 3.09030E+00 2.94230E-01 4.71299E-01 6.90029E-01 7.18047E-01
 3.12608E+00 2.96179E-01 4.74421E-01 6.94600E-01 7.22804E-01
 3.16228E+00 2.98105E-01 4.77507E-01 6.99118E-01 7.27505E-01
 3.19890E+00 3.00009E-01 4.80556E-01 7.03583E-01 7.32151E-01
 3.23594E+00 3.01890E-01 4.83570E-01 7.07994E-01 7.36742E-01
 3.27341E+00 3.03748E-01 4.86546E-01 7.12352E-01 7.41277E-01
 3.31131E+00 3.05584E-01 4.89486E-01 7.16657E-01 7.45756E-01
 3.34965E+00 3.07396E-01 4.92390E-01 7.20908E-01 7.50179E-01
 3.38844E+00 3.09186E-01 4.95256E-01 7.25105E-01 7.54547E-01
 3.42768E+00 3.10953E-01 4.98086E-01 7.29248E-01 7.58858E-01
 3.46737E+00 3.12697E-01 5.00879E-01 7.33337E-01 7.63114E-01
 3.50752E+00 3.14417E-01 5.03636E-01 7.37373E-01 7.67313E-01
 3.54813E+00 3.16115E-01 5.06355E-01 7.41355E-01 7.71457E-01
 3.58922E+00 3.17790E-01 5.09038E-01 7.45283E-01 7.75545E-01
 3.63078E+00 3.19442E-01 5.11685E-01 7.49158E-01 7.79577E-01
 3.67282E+00 3.21072E-01 5.14295E-01 7.52979E-01 7.83553E-01
 3.71535E+00 3.22678E-01 5.16868E-01 7.56747E-01 7.87474E-01
 3.75837E+00 3.24262E-01 5.19405E-01 7.60461E-01 7.91339E-01
 3.80189E+00 3.25823E-01 5.21906E-01 7.64123E-01 7.95149E-01
 3.84592E+00 3.27362E-01 5.24371E-01 7.67732E-01 7.98905E-01
 3.89045E+00 3.28879E-01 5.26800E-01 7.71288E-01 8.02605E-01
 3.93550E+00 3.30373E-01 5.29193E-01 7.74792E-01 8.06251E-01
 3.98107E+00 3.31845E-01 5.31551E-01 7.78244E-01 8.09844E-01
 4.02717E+00 3.33295E-01 5.33873E-01 7.81644E-01 8.13382E-01
 4.07380E+00 3.34722E-01 5.36161E-01 7.84993E-01 8.16867E-01
 4.12098E+00 3.36129E-01 5.38413E-01 7.88291E-01 8.20298E-01
 4.16869E+00 3.37513E-01 5.40631E-01 7.91538E-01 8.23677E-01
 4.21697E+00 3.38876E-01 5.42814E-01 7.94734E-01 8.27004E-01
 4.26580E+00 3.40218E-01 5.44963E-01 7.97881E-01 8.30278E-01
 4.31519E+00 3.41538E-01 5.47079E-01 8.00978E-01 8.33501E-01
 4.36516E+00 3.42838E-01 5.49160E-01 8.04025E-01 8.36672E-01
 4.41570E+00 3.44117E-01 5.51209E-01 8.07024E-01 8.39793E-01
 4.46684E+00 3.45375E-01 5.53224E-01 8.09975E-01 8.42863E-01
 4.51856E+00 3.46613E-01 5.55206E-01 8.12878E-01 8.45884E-01
 4.57088E+00 3.47830E-01 5.57156E-01 8.15733E-01 8.48855E-01
 4.62381E+00 3.49027E-01 5.59074E-01 8.18541E-01 8.51777E-01
 4.67735E+00 3.50205E-01 5.60960E-01 8.21302E-01 8.54650E-01
 4.73151E+00 3.51363E-01 5.62815E-01 8.24017E-01 8.57476E-01
 4.78630E+00 3.52501E-01 5.64638E-01 8.26687E-01 8.60254E-01
 4.84172E+00 3.53620E-01 5.66431E-01 8.29312E-01 8.62985E-01
 4.89779E+00 3.54720E-01 5.68193E-01 8.31892E-01 8.65670E-01
 4.95450E+00 3.55801E-01 5.69925E-01 8.34427E-01 8.68308E-01
 5.01187E+00 3.56864E-01 5.71627E-01 8.36919E-01 8.70902E-01
 5.06991E+00 3.57908E-01 5.73300E-01 8.39368E-01 8.73450E-01
 5.12861E+00 3.58934E-01 5.74943E-01 8.41774E-01 8.75954E-01
 5.18800E+00 3.59942E-01 5.76558E-01 8.44138E-01 8.90116E-01
 5.24807E+00 3.60933E-01 5.78144E-01 8.46461E-01 9.04872E-01
 5.30884E+00 3.61905E-01 5.79702E-01 8.48742E-01 9.19847E-01
 5.37032E+00 3.62861E-01 5.81233E-01 8.50983E-01 9.35047E-01
 5.43250E+00 3.63799E-01 5.82736E-01 8.53184E-01 9.50474E-01
 5.49541E+00 3.64721E-01 5.84212E-01 8.55345E-01 9.66128E-01
 5.55904E+00 3.65626E-01 5.85662E-01 8.57467E-01 9.82012E-01
 5.62341E+00 3.66514E-01 5.87085E-01 8.59551E-01 9.98127E-01
 5.68853E+00 3.67387E-01 5.88482E-01 8.61597E-01 1.01448E+00
 5.75440E+00 3.68243E-01 5.89854E-01 8.63605E-01 1.03107E+00
 5.82103E+00 3.69084E-01 5.91201E-01 8.65577E-01 1.04790E+00
 5.88844E+00 3.69909E-01 5.92522E-01 8.67512E-01 1.06497E+00
 5.95662E+00 3.70719E-01 5.93820E-01 8.69411E-01 1.08229E+00
 6.02560E+00 3.71514E-01 5.95093E-01 8.71275E-01 1.09986E+00
 6.09537E+00 3.72294E-01 5.96342E-01 8.73105E-01 1.11767E+00
 6.16595E+00 3.73059E-01 5.97568E-01 8.74900E-01 1.13574E+00
 6.23735E+00 3.73810E-01 5.98771E-01 8.76661E-01 1.15407E+00
 6.30957E+00 3.74547E-01 5.99951E-01 8.78389E-01 1.17265E+00
 6.38263E+00 3.75269E-01 6.01109E-01 8.80084E-01 1.19149E+00
 6.45654E+00 3.75979E-01 6.02245E-01 8.81747E-01 1.21059E+00
 6.53131E+00 3.76674E-01 6.03359E-01 8.83378E-01 1.22996E+00
 6.60693E+00 3.77356E-01 6.04452E-01 8.84978E-01 1.24959E+00
 6.68344E+00 3.78026E-01 6.05524E-01 8.86548E-01 1.26949E+00
 6.76083E+00 3.78682E-01 6.06575E-01 8.88087E-01 1.28966E+00
 6.83912E+00 3.79325E-01 6.07606E-01 8.89596E-01 1.31010E+00
 6.91831E+00 3.79957E-01 6.08617E-01 8.91076E-01 1.33082E+00
 6.99842E+00 3.80575E-01 6.09608E-01 8.92527E-01 1.35181E+00
 7.07946E+00 3.81182E-01 6.10580E-01 8.93950E-01 1.37308E+00
 7.16143E+00 3.81777E-01 6.11533E-01 8.95345E-01 1.39464E+00
 7.24436E+00 3.82360E-01 6.12467E-01 8.96713E-01 1.41647E+00
 7.32825E+00 3.82932E-01 6.13383E-01 8.98054E-01 1.43859E+00
 7.41310E+00 3.83493E-01 6.14281E-01 8.99369E-01 1.46099E+00
 7.49894E+00 3.84042E-01 6.15161E-01 9.00657E-01 1.48368E+00
 7.58578E+00 3.84581E-01 6.16024E-01 9.01920E-01 1.50666E+00
 7.67361E+00 3.85108E-01 6.16869E-01 9.03158E-01 1.52993E+00
 7.76247E+00 3.85626E-01 6.17698E-01 9.04371E-01 1.55349E+00
 7.85236E+00 3.86133E-01 6.18510E-01 9.05560E-01 1.57734E+00
 7.94328E+00 3.86630E-01 6.19306E-01 9.06726E-01 1.60149E+00
 8.03526E+00 3.87116E-01 6.20086E-01 9.07867E-01 1.62593E+00
 8.12831E+00 3.87593E-01 6.20850E-01 9.08986E-01 1.65067E+00
 8.22243E+00 3.88061E-01 6.21599E-01 9.10083E-01 1.67570E+00
 8.31764E+00 3.88519E-01 6.22332E-01 9.11157E-01 1.70103E+00
 8.41395E+00 3.88968E-01 6.23051E-01 9.12209E-01 1.72666E+00
 8.51138E+00 3.89407E-01 6.23755E-01 9.13240E-01 1.75259E+00
 8.60994E+00 3.89838E-01 6.24445E-01 9.14251E-01 1.77882E+00
 8.70964E+00 3.90260E-01 6.25121E-01 9.15240E-01 1.80535E+00
 8.81049E+00 3.90674E-01 6.25784E-01 9.16210E-01 1.83218E+00
 8.91251E+00 3.91079E-01 6.26432E-01 9.17159E-01 1.85931E+00
 9.01571E+00 3.91475E-01 6.27067E-01 9.18090E-01 1.88674E+00
 9.12011E+00 3.91864E-01 6.27690E-01 9.19001E-01 1.91447E+00
 9.22571E+00 3.92244E-01 6.28299E-01 9.19893E-01 1.94250E+00
 9.33254E+00 3.92617E-01 6.28896E-01 9.20767E-01 1.97083E+00
 9.44061E+00 3.92982E-01 6.29481E-01 9.21623E-01 1.99946E+00
 9.54993E+00 3.93339E-01 6.30054E-01 9.22461E-01 2.02839E+00
 9.66051E+00 3.93689E-01 6.30614E-01 9.23282E-01 2.05762E+00
 9.77237E+00 3.94032E-01 6.31163E-01 9.24086E-01 2.08714E+00
 9.88553E+00 3.94368E-01 6.31701E-01 9.24874E-01 2.11696E+00
 1.00000E+01 3.94697E-01 6.32228E-01 9.25645E-01 2.14708E+00
 1.01158E+01 3.95019E-01 6.32743E-01 9.26400E-01 2.17749E+00
 1.02329E+01 3.95334E-01 6.33248E-01 9.27139E-01 2.20819E+00
 1.03514E+01 3.95642E-01 6.33743E-01 9.27862E-01 2.23918E+00
 1.04713E+01 3.95945E-01 6.34227E-01 9.28571E-01 2.27046E+00
 1.05925E+01 3.96240E-01 6.34700E-01 9.29265E-01 2.30203E+00
 1.07152E+01 3.96530E-01 6.35164E-01 9.29944E-01 2.33388E+00
 1.08393E+01 3.96814E-01 6.35619E-01 9.30609E-01 2.36601E+00
 1.09648E+01 3.97091E-01 6.36063E-01 9.31260E-01 2.39843E+00
 1.10917E+01 3.97363E-01 6.36498E-01 9.31897E-01 2.43111E+00
 1.12202E+01 3.97629E-01 6.36925E-01 9.32521E-01 2.46408E+00
 1.13501E+01 3.97889E-01 6.37342E-01 9.33132E-01 2.49731E+00
 1.14815E+01 3.98144E-01 6.37750E-01 9.33730E-01 2.53082E+00
 1.16145E+01 3.98394E-01 6.38150E-01 9.34315E-01 2.56458E+00
 1.17490E+01 3.98638E-01 6.38541E-01 9.34888E-01 2.59861E+00
 1.18850E+01 3.98877E-01 6.38924E-01 9.35448E-01 2.63289E+00
 1.20226E+01 3.99111E-01 6.39299E-01 9.35997E-01 2.66743E+00
 1.21619E+01 3.99340E-01 6.39665E-01 9.36534E-01 2.70221E+00
 1.23027E+01 3.99564E-01 6.40025E-01 9.37060E-01 2.73724E+00
 1.24451E+01 3.99784E-01 6.40376E-01 9.37574E-01 2.77251E+00
 1.25893E+01 3.99998E-01 6.40720E-01 9.38078E-01 2.80800E+00
 1.27350E+01 4.00208E-01 6.41056E-01 9.38571E-01 2.84374E+00
 1.28825E+01 4.00414E-01 6.41386E-01 9.39053E-01 2.87968E+00
 1.30317E+01 4.00615E-01 6.41708E-01 9.39525E-01 2.91586E+00
 1.31826E+01 4.00812E-01 6.42024E-01 9.39987E-01 2.95224E+00
 1.33352E+01 4.01005E-01 6.42332E-01 9.40439E-01 2.98884E+00
 1.34896E+01 4.01193E-01 6.42634E-01 9.40881E-01 3.02563E+00
 1.36458E+01 4.01378E-01 6.42930E-01 9.41314E-01 3.06262E+00
 1.38038E+01 4.01559E-01 6.43219E-01 9.41737E-01 3.09979E+00
 1.39637E+01 4.01735E-01 6.43502E-01 9.42152E-01 3.13715E+00
 1.41254E+01 4.01908E-01 6.43779E-01 9.42557E-01 3.17467E+00
 1.42889E+01 4.02077E-01 6.44050E-01 9.42954E-01 3.21237E+00
 1.44544E+01 4.02243E-01 6.44315E-01 9.43342E-01 3.25022E+00
 1.46218E+01 4.02405E-01 6.44575E-01 9.43722E-01 3.28823E+00
 1.47911E+01 4.02563E-01 6.44829E-01 9.44094E-01 3.32638E+00
 1.49624E+01 4.02718E-01 6.45077E-01 9.44457E-01 3.36467E+00
 1.51356E+01 4.02870E-01 6.45320E-01 9.44813E-01 3.40307E+00
 1.53109E+01 4.03018E-01 6.45558E-01 9.45161E-01 3.44161E+00
 1.54882E+01 4.03164E-01 6.45790E-01 9.45502E-01 3.48025E+00
 1.56675E+01 4.03306E-01 6.46018E-01 9.45835E-01 3.51899E+00
 1.58489E+01 4.03445E-01 6.46240E-01 9.46161E-01 3.55782E+00
 1.60325E+01 4.03581E-01 6.46458E-01 9.46480E-01 3.59674E+00
 1.62181E+01 4.03714E-01 6.46671E-01 9.46791E-01 3.63572E+00
 1.64059E+01 4.03844E-01 6.46880E-01 9.47097E-01 3.67478E+00
 1.65959E+01 4.03971E-01 6.47084E-01 9.47395E-01 3.71388E+00
 1.67880E+01 4.04096E-01 6.47283E-01 9.47687E-01 3.75303E+00
 1.69824E+01 4.04217E-01 6.47478E-01 9.47973E-01 3.79220E+00
 1.71791E+01 4.04337E-01 6.47669E-01 9.48252E-01 3.83141E+00
 1.73780E+01 4.04453E-01 6.47856E-01 9.48526E-01 3.87062E+00
 1.75792E+01 4.04567E-01 6.48038E-01 9.48793E-01 3.90984E+00
 1.77828E+01 4.04679E-01 6.48217E-01 9.49055E-01 3.94903E+00
 1.79887E+01 4.04788E-01 6.48392E-01 9.49311E-01 3.98822E+00
 1.81970E+01 4.04895E-01 6.48563E-01 9.49561E-01 4.02736E+00
 1.84077E+01 4.04999E-01 6.48730E-01 9.49806E-01 4.06647E+00
 1.86209E+01 4.05101E-01 6.48894E-01 9.50045E-01 4.10550E+00
 1.88365E+01 4.05201E-01 6.49054E-01 9.50279E-01 4.14448E+00
 1.90546E+01 4.05299E-01 6.49210E-01 9.50508E-01 4.18336E+00
 1.92752E+01 4.05394E-01 6.49363E-01 9.50733E-01 4.22217E+00
 1.94984E+01 4.05488E-01 6.49513E-01 9.50952E-01 4.26085E+00
 1.97242E+01 4.05579E-01 6.49659E-01 9.51166E-01 4.29944E+00
 1.99526E+01 4.05668E-01 6.49802E-01 9.51376E-01 4.33787E+00
 2.01837E+01 4.05756E-01 6.49943E-01 9.51581E-01 4.37618E+00
 2.04174E+01 4.05841E-01 6.50079E-01 9.51781E-01 4.41431E+00
 2.06538E+01 4.05925E-01 6.50213E-01 9.51978E-01 4.45229E+00
 2.08930E+01 4.06007E-01 6.50345E-01 9.52169E-01 4.49007E+00
 2.11349E+01 4.06087E-01 6.50473E-01 9.52357E-01 4.52767E+00
 2.13796E+01 4.06165E-01 6.50598E-01 9.52541E-01 4.56504E+00
 2.16272E+01 4.06242E-01 6.50721E-01 9.52720E-01 4.60221E+00
 2.18776E+01 4.06316E-01 6.50840E-01 9.52895E-01 4.63912E+00
 2.21309E+01 4.06390E-01 6.50958E-01 9.53067E-01 4.67580E+00
 2.23872E+01 4.06461E-01 6.51072E-01 9.53235E-01 4.71220E+00
 2.26464E+01 4.06531E-01 6.51184E-01 9.53399E-01 4.74834E+00
 2.29087E+01 4.06600E-01 6.51294E-01 9.53560E-01 4.78416E+00
 2.31739E+01 4.06667E-01 6.51401E-01 9.53717E-01 4.81971E+00
 2.34423E+01 4.06732E-01 6.51506E-01 9.53870E-01 4.85492E+00
 2.37137E+01 4.06796E-01 6.51609E-01 9.54020E-01 4.88981E+00
 2.39883E+01 4.06859E-01 6.51709E-01 9.54167E-01 4.92434E+00
 2.42661E+01 4.06920E-01 6.51807E-01 9.54311E-01 4.95853E+00
 2.45471E+01 4.06980E-01 6.51903E-01 9.54451E-01 4.99232E+00
 2.48313E+01 4.07038E-01 6.51997E-01 9.54588E-01 5.02575E+00
 2.51189E+01 4.07096E-01 6.52088E-01 9.54723E-01 5.05876E+00
 2.54097E+01 4.07152E-01 6.52178E-01 9.54854E-01 5.09137E+00
 2.57040E+01 4.07206E-01 6.52266E-01 9.54982E-01 5.12355E+00
 2.60016E+01 4.07260E-01 6.52352E-01 9.55108E-01 5.15528E+00
 2.63027E+01 4.07312E-01 6.52435E-01 9.55231E-01 5.18657E+00
 2.66073E+01 4.07363E-01 6.52517E-01 9.55351E-01 5.21737E+00
 2.69153E+01 4.07413E-01 6.52598E-01 9.55468E-01 5.24772E+00
 2.72270E+01 4.07462E-01 6.52676E-01 9.55583E-01 5.27755E+00
 2.75423E+01 4.07510E-01 6.52753E-01 9.55695E-01 5.30689E+00
 2.78612E+01 4.07557E-01 6.52828E-01 9.55805E-01 5.33571E+00
 2.81838E+01 4.07603E-01 6.52901E-01 9.55912E-01 5.36399E+00
 2.85102E+01 4.07648E-01 6.52973E-01 9.56017E-01 5.39174E+00
 2.88403E+01 4.07691E-01 6.53043E-01 9.56120E-01 5.41891E+00
 2.91743E+01 4.07734E-01 6.53111E-01 9.56220E-01 5.44555E+00
 2.95121E+01 4.07776E-01 6.53178E-01 9.56318E-01 5.47158E+00
 2.98538E+01 4.07817E-01 6.53244E-01 9.56414E-01 5.49703E+00
 3.01995E+01 4.07857E-01 6.53308E-01 9.56508E-01 5.52188E+00
 3.05492E+01 4.07896E-01 6.53370E-01 9.56599E-01 5.54610E+00
 3.09030E+01 4.07934E-01 6.53431E-01 9.56689E-01 5.56972E+00
 3.12608E+01 4.07971E-01 6.53491E-01 9.56777E-01 5.59270E+00
 3.16228E+01 4.08008E-01 6.53550E-01 9.56862E-01 5.61502E+00
 3.19890E+01 4.08044E-01 6.53607E-01 9.56946E-01 5.63670E+00
 3.23594E+01 4.08079E-01 6.53663E-01 9.57028E-01 5.65770E+00
 3.27341E+01 4.08113E-01 6.53718E-01 9.57108E-01 5.67804E+00
 3.31131E+01 4.08146E-01 6.53771E-01 9.57186E-01 5.69769E+00
 3.34965E+01 4.08179E-01 6.53824E-01 9.57263E-01 5.71664E+00
 3.38844E+01 4.08211E-01 6.53875E-01 9.57338E-01 5.73490E+00
 3.42768E+01 4.08242E-01 6.53925E-01 9.57411E-01 5.75245E+00
 3.46737E+01 4.08272E-01 6.53974E-01 9.57483E-01 5.76928E+00
 3.50752E+01 4.08302E-01 6.54021E-01 9.57553E-01 5.78538E+00
 3.54813E+01 4.08331E-01 6.54068E-01 9.57621E-01 5.80076E+00
 3.58922E+01 4.08360E-01 6.54114E-01 9.57688E-01 5.81539E+00
 3.63078E+01 4.08388E-01 6.54158E-01 9.57753E-01 5.82927E+00
 3.67282E+01 4.08415E-01 6.54202E-01 9.57817E-01 5.84242E+00
 3.71535E+01 4.08442E-01 6.54245E-01 9.57880E-01 5.85480E+00
 3.75837E+01 4.08468E-01 6.54286E-01 9.57941E-01 5.86642E+00
 3.80189E+01 4.08493E-01 6.54327E-01 9.58000E-01 5.87726E+00
 3.84592E+01 4.08518E-01 6.54367E-01 9.58059E-01 5.88735E+00
 3.89045E+01 4.08542E-01 6.54406E-01 9.58116E-01 5.89666E+00
 3.93550E+01 4.08566E-01 6.54444E-01 9.58172E-01 5.90518E+00
 3.98107E+01 4.08590E-01 6.54481E-01 9.58226E-01 5.91292E+00
 4.02717E+01 4.08612E-01 6.54518E-01 9.58280E-01 5.91988E+00
 4.07380E+01 4.08635E-01 6.54553E-01 9.58332E-01 5.92606E+00
 4.12098E+01 4.08656E-01 6.54588E-01 9.58383E-01 5.93144E+00
 4.16869E+01 4.08678E-01 6.54622E-01 9.58433E-01 5.93603E+00
 4.21697E+01 4.08698E-01 6.54656E-01 9.58481E-01 5.93982E+00
 4.26580E+01 4.08719E-01 6.54688E-01 9.58529E-01 5.94282E+00
 4.31519E+01 4.08738E-01 6.54720E-01 9.58575E-01 5.94504E+00
 4.36516E+01 4.08758E-01 6.54751E-01 9.58621E-01 5.94647E+00
 4.41570E+01 4.08777E-01 6.54781E-01 9.58666E-01 5.94710E+00
 4.46684E+01 4.08795E-01 6.54811E-01 9.58709E-01 5.94693E+00
 4.51856E+01 4.08814E-01 6.54840E-01 9.58752E-01 5.94598E+00
 4.57088E+01 4.08831E-01 6.54869E-01 9.58793E-01 5.94424E+00
 4.62381E+01 4.08849E-01 6.54896E-01 9.58834E-01 5.94171E+00
 4.67735E+01 4.08866E-01 6.54923E-01 9.58873E-01 5.93840E+00
 4.73151E+01 4.08882E-01 6.54950E-01 9.58912E-01 5.93431E+00
 4.78630E+01 4.08898E-01 6.54976E-01 9.58950E-01 5.92944E+00
 4.84172E+01 4.08914E-01 6.55001E-01 9.58987E-01 5.92380E+00
 4.89779E+01 4.08930E-01 6.55026E-01 9.59024E-01 5.91740E+00
 4.95450E+01 4.08945E-01 6.55050E-01 9.59059E-01 5.91024E+00
 5.01187E+01 4.08959E-01 6.55074E-01 9.59094E-01 5.90231E+00
 5.06991E+01 4.08974E-01 6.55097E-01 9.59128E-01 5.89364E+00
 5.12861E+01 4.08988E-01 6.55120E-01 9.59161E-01 5.88421E+00
 5.18800E+01 4.09002E-01 6.55142E-01 9.59193E-01 5.87405E+00
 5.24807E+01 4.09015E-01 6.55163E-01 9.59225E-01 5.86315E+00
 5.30884E+01 4.09029E-01 6.55185E-01 9.59256E-01 5.85153E+00
 5.37032E+01 4.09041E-01 6.55205E-01 9.59286E-01 5.83919E+00
 5.43250E+01 4.09054E-01 6.55225E-01 9.59316E-01 5.82614E+00
 5.49541E+01 4.09066E-01 6.55245E-01 9.59345E-01 5.81239E+00
 5.55904E+01 4.09078E-01 6.55265E-01 9.59373E-01 5.79794E+00
 5.62341E+01 4.09090E-01 6.55283E-01 9.59400E-01 5.78281E+00
 5.68853E+01 4.09102E-01 6.55302E-01 9.59427E-01 5.76700E+00
 5.75440E+01 4.09113E-01 6.55320E-01 9.59454E-01 5.75052E+00
 5.82103E+01 4.09124E-01 6.55337E-01 9.59480E-01 5.73338E+00
 5.88844E+01 4.09135E-01 6.55355E-01 9.59505E-01 5.71558E+00
 5.95662E+01 4.09145E-01 6.55372E-01 9.59529E-01 5.69715E+00
 6.02560E+01 4.09156E-01 6.55388E-01 9.59554E-01 5.67811E+00
 6.09537E+01 4.09166E-01 6.55404E-01 9.59577E-01 5.65844E+00
 6.16595E+01 4.09175E-01 6.55420E-01 9.59600E-01 5.63816E+00
 6.23735E+01 4.09185E-01 6.55435E-01 9.59623E-01 5.61728E+00
 6.30957E+01 4.09194E-01 6.55450E-01 9.59645E-01 5.59581E+00
 6.38263E+01 4.09204E-01 6.55465E-01 9.59666E-01 5.57379E+00
 6.45654E+01 4.09212E-01 6.55479E-01 9.59687E-01 5.55120E+00
 6.53131E+01 4.09221E-01 6.55493E-01 9.59708E-01 5.52805E+00
 6.60693E+01 4.09230E-01 6.55507E-01 9.59728E-01 5.50435E+00
 6.68344E+01 4.09238E-01 6.55520E-01 9.59747E-01 5.48015E+00
 6.76083E+01 4.09246E-01 6.55534E-01 9.59767E-01 5.45543E+00
 6.83912E+01 4.09254E-01 6.55546E-01 9.59785E-01 5.43020E+00
 6.91831E+01 4.09262E-01 6.55559E-01 9.59804E-01 5.40447E+00
 6.99842E+01 4.09270E-01 6.55571E-01 9.59822E-01 5.37829E+00
 7.07946E+01 4.09277E-01 6.55583E-01 9.59839E-01 5.35162E+00
 7.16143E+01 4.09285E-01 6.55595E-01 9.59856E-01 5.32450E+00
 7.24436E+01 4.09292E-01 6.55606E-01 9.59873E-01 5.29696E+00
 7.32825E+01 4.09299E-01 6.55617E-01 9.59889E-01 5.26897E+00
 7.41310E+01 4.09305E-01 6.55628E-01 9.59905E-01 5.24058E+00
 7.49894E+01 4.09312E-01 6.55639E-01 9.59921E-01 5.21179E+00
 7.58578E+01 4.09319E-01 6.55649E-01 9.59936E-01 5.18259E+00
 7.67361E+01 4.09325E-01 6.55660E-01 9.59951E-01 5.15304E+00
 7.76247E+01 4.09331E-01 6.55670E-01 9.59966E-01 5.12311E+00
 7.85236E+01 4.09337E-01 6.55679E-01 9.59980E-01 5.09283E+00
 7.94328E+01 4.09343E-01 6.55689E-01 9.59994E-01 5.06221E+00
 8.03526E+01 4.09349E-01 6.55698E-01 9.60008E-01 5.03126E+00
 8.12831E+01 4.09355E-01 6.55707E-01 9.60021E-01 5.00002E+00
 8.22243E+01 4.09360E-01 6.55716E-01 9.60034E-01 4.96845E+00
 8.31764E+01 4.09366E-01 6.55725E-01 9.60047E-01 4.93662E+00
 8.41395E+01 4.09371E-01 6.55733E-01 9.60059E-01 4.90448E+00
 8.51138E+01 4.09376E-01 6.55742E-01 9.60071E-01 4.87211E+00
 8.60994E+01 4.09381E-01 6.55750E-01 9.60083E-01 4.83947E+00
 8.70964E+01 4.09386E-01 6.55758E-01 9.60095E-01 4.80660E+00
 8.81049E+01 4.09391E-01 6.55765E-01 9.60106E-01 4.77349E+00
 8.91251E+01 4.09396E-01 6.55773E-01 9.60117E-01 4.74018E+00
 9.01571E+01 4.09400E-01 6.55780E-01 9.60128E-01 4.70666E+00
 9.12011E+01 4.09405E-01 6.55788E-01 9.60139E-01 4.67295E+00
 9.22571E+01 4.09409E-01 6.55795E-01 9.60149E-01 4.63906E+00
 9.33254E+01 4.09414E-01 6.55802E-01 9.60159E-01 4.60499E+00
 9.44061E+01 4.09418E-01 6.55808E-01 9.60169E-01 4.57078E+00
 9.54993E+01 4.09422E-01 6.55815E-01 9.60179E-01 4.53641E+00
 9.66051E+01 4.09426E-01 6.55821E-01 9.60188E-01 4.50191E+00
 9.77237E+01 4.09430E-01 6.55828E-01 9.60197E-01 4.46729E+00
 9.88553E+01 4.09434E-01 6.55834E-01 9.60206E-01 4.43254E+00
 1.00000E+02 4.09438E-01 6.55840E-01 9.60215E-01 4.39770E+00
