 1.00000E-02 6.79827E-02 9.33969E-02 1.24236E-01 1.28323E-01
 2.00000E-02 6.86942E-02 9.42183E-02 1.25116E-01 1.29202E-01
 3.00000E-02 6.98441E-02 9.55608E-02 1.26566E-01 1.30654E-01
 4.00000E-02 7.14454E-02 9.74309E-02 1.28582E-01 1.32676E-01
 5.00000E-02 7.34842E-02 9.98151E-02 1.31164E-01 1.35262E-01
 6.00000E-02 7.59442E-02 1.02699E-01 1.34294E-01 1.38402E-01
 7.00000E-02 7.88065E-02 1.06061E-01 1.37957E-01 1.42079E-01
 8.00000E-02 8.20481E-02 1.09878E-01 1.42130E-01 1.46272E-01
 9.00000E-02 8.56426E-02 1.14121E-01 1.46788E-01 1.50954E-01
 1.00000E-01 8.95634E-02 1.18761E-01 1.51901E-01 1.56098E-01
 1.10000E-01 9.37825E-02 1.23765E-01 1.57437E-01 1.61670E-01
 1.20000E-01 9.82716E-02 1.29100E-01 1.63360E-01 1.67635E-01
 1.30000E-01 1.03003E-01 1.34734E-01 1.69634E-01 1.73958E-01
 1.40000E-01 1.07952E-01 1.40635E-01 1.76223E-01 1.80602E-01
 1.50000E-01 1.13092E-01 1.46772E-01 1.83092E-01 1.87531E-01
 1.60000E-01 1.18400E-01 1.53116E-01 1.90206E-01 1.94709E-01
 1.70000E-01 1.23855E-01 1.59640E-01 1.97532E-01 2.02104E-01
 1.80000E-01 1.29436E-01 1.66319E-01 2.05038E-01 2.09681E-01
 1.90000E-01 1.35126E-01 1.73129E-01 2.12696E-01 2.17413E-01
 2.00000E-01 1.40907E-01 1.80050E-01 2.20478E-01 2.25271E-01
 2.10000E-01 1.46764E-01 1.87060E-01 2.28361E-01 2.33230E-01
 2.20000E-01 1.52683E-01 1.94144E-01 2.36322E-01 2.41268E-01
 2.30000E-01 1.58652E-01 2.01285E-01 2.44340E-01 2.49362E-01
 2.40000E-01 1.64658E-01 2.08469E-01 2.52399E-01 2.57496E-01
 2.50000E-01 1.70692E-01 2.15683E-01 2.60480E-01 2.65651E-01
 2.60000E-01 1.76743E-01 2.22915E-01 2.68571E-01 2.73814E-01
 2.70000E-01 1.82803E-01 2.30155E-01 2.76658E-01 2.81970E-01
 2.80000E-01 1.88865E-01 2.37394E-01 2.84729E-01 2.90108E-01
 2.90000E-01 1.94921E-01 2.44623E-01 2.92776E-01 2.98218E-01
 3.00000E-01 2.00964E-01 2.51835E-01 3.00787E-01 3.06291E-01
 3.10000E-01 2.06989E-01 2.59024E-01 3.08757E-01 3.14318E-01
 3.20000E-01 2.12991E-01 2.66183E-01 3.16678E-01 3.22292E-01
 3.30000E-01 2.18964E-01 2.73308E-01 3.24544E-01 3.30207E-01
 3.40000E-01 2.24904E-01 2.80392E-01 3.32349E-01 3.38057E-01
 3.50000E-01 2.30807E-01 2.87434E-01 3.43231E-01 3.50130E-01
 3.60000E-01 2.36669E-01 2.94427E-01 3.54926E-01 3.62060E-01
 3.70000E-01 2.42486E-01 3.02870E-01 3.66473E-01 3.73839E-01
 3.80000E-01 2.48257E-01 3.12285E-01 3.77864E-01 3.85459E-01
 3.90000E-01 2.54077E-01 3.21566E-01 3.89095E-01 3.96915E-01
 4.00000E-01 2.61302E-01 3.30710E-01 4.00159E-01 4.08202E-01
 4.10000E-01 2.68415E-01 3.39713E-01 4.11052E-01 4.19314E-01
 4.20000E-01 2.75415E-01 3.48572E-01 4.21772E-01 4.30249E-01
 4.30000E-01 2.82299E-01 3.57284E-01 4.32314E-01 4.41004E-01
 4.40000E-01 2.89066E-01 3.65849E-01 4.42677E-01 4.51575E-01
 4.50000E-01 2.95714E-01 3.74263E-01 4.52859E-01 4.61961E-01
 4.60000E-01 3.02244E-01 3.82527E-01 4.62858E-01 4.72161E-01
 4.70000E-01 3.08654E-01 3.90640E-01 4.72674E-01 4.82175E-01
 4.80000E-01 3.14944E-01 3.98601E-01 4.82307E-01 4.92001E-01
 4.90000E-01 3.21114E-01 4.06410E-01 4.91757E-01 5.01641E-01
 5.00000E-01 3.27165E-01 4.14069E-01 5.01023E-01 5.11094E-01
 5.10000E-01 3.33098E-01 4.21577E-01 5.10108E-01 5.20361E-01
 5.20000E-01 3.38912E-01 4.28935E-01 5.19011E-01 5.29443E-01
 5.30000E-01 3.44608E-01 4.36145E-01 5.27735E-01 5.38343E-01
 5.40000E-01 3.50189E-01 4.43208E-01 5.36281E-01 5.47060E-01
 5.50000E-01 3.55654E-01 4.50125E-01 5.44651E-01 5.55598E-01
 5.60000E-01 3.61006E-01 4.56898E-01 5.52846E-01 5.63958E-01
 5.70000E-01 3.66245E-01 4.63528E-01 5.60869E-01 5.72143E-01
 5.80000E-01 3.71373E-01 4.70019E-01 5.68723E-01 5.80154E-01
 5.90000E-01 3.76392E-01 4.76371E-01 5.76409E-01 5.87995E-01
 6.00000E-01 3.81303E-01 4.82587E-01 5.83930E-01 5.95667E-01
 6.10000E-01 3.86109E-01 4.88669E-01 5.91289E-01 6.03174E-01
 6.20000E-01 3.90810E-01 4.94618E-01 5.98488E-01 6.10518E-01
 6.30000E-01 3.95408E-01 5.00439E-01 6.05531E-01 6.17702E-01
 6.40000E-01 3.99907E-01 5.06132E-01 6.12419E-01 6.24729E-01
 6.50000E-01 4.04306E-01 5.11700E-01 6.19157E-01 6.31602E-01
 6.60000E-01 4.08609E-01 5.17145E-01 6.25746E-01 6.38323E-01
 6.70000E-01 4.12816E-01 5.22471E-01 6.32190E-01 6.44897E-01
 6.80000E-01 4.16931E-01 5.27678E-01 6.38491E-01 6.51325E-01
 6.90000E-01 4.20955E-01 5.32771E-01 6.44653E-01 6.57610E-01
 7.00000E-01 4.24889E-01 5.37750E-01 6.50678E-01 6.63756E-01
 7.10000E-01 4.28736E-01 5.42619E-01 6.56569E-01 6.69766E-01
 7.20000E-01 4.32497E-01 5.47379E-01 6.62329E-01 6.75642E-01
 7.30000E-01 4.36175E-01 5.52034E-01 6.67961E-01 6.81387E-01
 7.40000E-01 4.39771E-01 5.56585E-01 6.73468E-01 6.87005E-01
 7.50000E-01 4.43287E-01 5.61035E-01 6.78853E-01 6.92498E-01
 7.60000E-01 4.46725E-01 5.65387E-01 6.84118E-01 6.97869E-01
 7.70000E-01 4.50087E-01 5.69641E-01 6.89266E-01 7.03120E-01
 7.80000E-01 4.53374E-01 5.73801E-01 6.94300E-01 7.08255E-01
 7.90000E-01 4.56588E-01 5.77869E-01 6.99222E-01 7.13276E-01
 8.00000E-01 4.59731E-01 5.81847E-01 7.04035E-01 7.18186E-01
 8.10000E-01 4.62805E-01 5.85737E-01 7.08742E-01 7.22988E-01
 8.20000E-01 4.65810E-01 5.89541E-01 7.13345E-01 7.27683E-01
 8.30000E-01 4.68750E-01 5.93261E-01 7.17846E-01 7.32275E-01
 8.40000E-01 4.71625E-01 5.96900E-01 7.22249E-01 7.36766E-01
 8.50000E-01 4.74436E-01 6.00459E-01 7.26555E-01 7.41159E-01
 8.60000E-01 4.77187E-01 6.03939E-01 7.30767E-01 7.45455E-01
 8.70000E-01 4.79877E-01 6.07344E-01 7.34887E-01 7.49658E-01
 8.80000E-01 4.82509E-01 6.10675E-01 7.38917E-01 7.53769E-01
 8.90000E-01 4.85083E-01 6.13933E-01 7.42859E-01 7.57791E-01
 9.00000E-01 4.87602E-01 6.17121E-01 7.46716E-01 7.61725E-01
 9.10000E-01 4.90066E-01 6.20240E-01 7.50490E-01 7.65575E-01
 9.20000E-01 4.92477E-01 6.23291E-01 7.54183E-01 7.69342E-01
 9.30000E-01 4.94837E-01 6.26277E-01 7.57796E-01 7.73027E-01
 9.40000E-01 4.97145E-01 6.29200E-01 7.61332E-01 7.76634E-01
 9.50000E-01 4.99405E-01 6.32060E-01 7.64792E-01 7.80165E-01
 9.60000E-01 5.01617E-01 6.34859E-01 7.68179E-01 7.83620E-01
 9.70000E-01 5.03782E-01 6.37599E-01 7.71494E-01 7.87001E-01
 9.80000E-01 5.05901E-01 6.40281E-01 7.74740E-01 7.90312E-01
 9.90000E-01 5.07975E-01 6.42906E-01 7.77916E-01 7.93553E-01
 1.00000E+00 5.10006E-01 6.45477E-01 7.81027E-01 7.96725E-01
 1.01158E+00 5.12305E-01 6.48386E-01 7.84547E-01 8.00317E-01
 1.02329E+00 5.14575E-01 6.51258E-01 7.88023E-01 8.03862E-01
 1.03514E+00 5.16814E-01 6.54093E-01 7.91453E-01 8.07361E-01
 1.04713E+00 5.19024E-01 6.56890E-01 7.94837E-01 8.10813E-01
 1.05925E+00 5.21205E-01 6.59650E-01 7.98177E-01 8.14220E-01
 1.07152E+00 5.23356E-01 6.62373E-01 8.01471E-01 8.17580E-01
 1.08393E+00 5.25478E-01 6.65058E-01 8.04720E-01 8.20895E-01
 1.09648E+00 5.27570E-01 6.67706E-01 8.07924E-01 8.24163E-01
 1.10917E+00 5.29633E-01 6.70317E-01 8.11083E-01 8.27386E-01
 1.12202E+00 5.31667E-01 6.72891E-01 8.14198E-01 8.30563E-01
 1.13501E+00 5.33671E-01 6.75428E-01 8.17268E-01 8.33695E-01
 1.14815E+00 5.35647E-01 6.77928E-01 8.20293E-01 8.36781E-01
 1.16145E+00 5.37594E-01 6.80392E-01 8.23274E-01 8.39822E-01
 1.17490E+00 5.39512E-01 6.82820E-01 8.26212E-01 8.42818E-01
 1.18850E+00 5.41401E-01 6.85211E-01 8.29105E-01 8.45770E-01
 1.20226E+00 5.43262E-01 6.87566E-01 8.31955E-01 8.48677E-01
 1.21619E+00 5.45095E-01 6.89886E-01 8.34762E-01 8.51540E-01
 1.23027E+00 5.46899E-01 6.92170E-01 8.37525E-01 8.54359E-01
 1.24451E+00 5.48676E-01 6.94418E-01 8.40246E-01 8.57135E-01
 1.25893E+00 5.50425E-01 6.96632E-01 8.42924E-01 8.59867E-01
 1.27350E+00 5.52147E-01 6.98811E-01 8.45561E-01 8.62557E-01
 1.28825E+00 5.53841E-01 7.00955E-01 8.48155E-01 8.65203E-01
 1.30317E+00 5.55508E-01 7.03065E-01 8.50708E-01 8.67807E-01
 1.31826E+00 5.57148E-01 7.05140E-01 8.53220E-01 8.70370E-01
 1.33352E+00 5.58762E-01 7.07183E-01 8.55691E-01 8.72890E-01
 1.34896E+00 5.60349E-01 7.09191E-01 8.58121E-01 8.75370E-01
 1.36458E+00 5.61910E-01 7.11167E-01 8.60512E-01 8.77808E-01
 1.38038E+00 5.63445E-01 7.13110E-01 8.62863E-01 8.80206E-01
 1.39637E+00 5.64954E-01 7.15020E-01 8.65174E-01 8.82564E-01
 1.41254E+00 5.66438E-01 7.16898E-01 8.67447E-01 8.84882E-01
 1.42889E+00 5.67897E-01 7.18744E-01 8.69680E-01 8.87161E-01
 1.44544E+00 5.69330E-01 7.20559E-01 8.71876E-01 8.89401E-01
 1.46218E+00 5.70740E-01 7.22342E-01 8.74034E-01 8.91602E-01
 1.47911E+00 5.72125E-01 7.24095E-01 8.76155E-01 8.93766E-01
 1.49624E+00 5.73485E-01 7.25817E-01 8.78239E-01 8.95892E-01
 1.51356E+00 5.74822E-01 7.27509E-01 8.80286E-01 8.97980E-01
 1.53109E+00 5.76136E-01 7.29172E-01 8.82298E-01 9.00032E-01
 1.54882E+00 5.77426E-01 7.30805E-01 8.84274E-01 9.02048E-01
 1.56675E+00 5.78693E-01 7.32408E-01 8.86214E-01 9.04027E-01
 1.58489E+00 5.79938E-01 7.33984E-01 8.88120E-01 9.05971E-01
 1.60325E+00 5.81160E-01 7.35530E-01 8.89992E-01 9.07881E-01
 1.62181E+00 5.82360E-01 7.37049E-01 8.91829E-01 9.09755E-01
 1.64059E+00 5.83538E-01 7.38540E-01 8.93634E-01 9.11596E-01
 1.65959E+00 5.84695E-01 7.40004E-01 8.95405E-01 9.13403E-01
 1.67880E+00 5.85830E-01 7.41441E-01 8.97144E-01 9.15176E-01
 1.69824E+00 5.86945E-01 7.42852E-01 8.98850E-01 9.16917E-01
 1.71791E+00 5.88038E-01 7.44236E-01 9.00526E-01 9.18626E-01
 1.73780E+00 5.89112E-01 7.45595E-01 9.02169E-01 9.20303E-01
 1.75792E+00 5.90165E-01 7.46928E-01 9.03782E-01 9.21949E-01
 1.77828E+00 5.91199E-01 7.48236E-01 9.05365E-01 9.23563E-01
 1.79887E+00 5.92213E-01 7.49519E-01 9.06918E-01 9.25147E-01
 1.81970E+00 5.93208E-01 7.50778E-01 9.08442E-01 9.26701E-01
 1.84077E+00 5.94183E-01 7.52013E-01 9.09936E-01 9.28226E-01
 1.86209E+00 5.95141E-01 7.53225E-01 9.11402E-01 9.29721E-01
 1.88365E+00 5.96080E-01 7.54413E-01 9.12840E-01 9.31188E-01
 1.90546E+00 5.97000E-01 7.55579E-01 9.14250E-01 9.32627E-01
 1.92752E+00 5.97903E-01 7.56722E-01 9.15633E-01 9.34037E-01
 1.94984E+00 5.98789E-01 7.57842E-01 9.16989E-01 9.35421E-01
 1.97242E+00 5.99657E-01 7.58941E-01 9.18319E-01 9.36777E-01
 1.99526E+00 6.00509E-01 7.60019E-01 9.19623E-01 9.38107E-01
 2.01837E+00 6.01343E-01 7.61075E-01 9.20901E-01 9.39411E-01
 2.04174E+00 6.02162E-01 7.62111E-01 9.22154E-01 9.40689E-01
 2.06538E+00 6.02964E-01 7.63126E-01 9.23382E-01 9.41942E-01
 2.08930E+00 6.03750E-01 7.64121E-01 9.24586E-01 9.43171E-01
 2.11349E+00 6.04521E-01 7.65096E-01 9.25767E-01 9.44374E-01
 2.13796E+00 6.05276E-01 7.66052E-01 9.26923E-01 9.45554E-01
 2.16272E+00 6.06016E-01 7.66989E-01 9.28057E-01 9.46711E-01
 2.18776E+00 6.06741E-01 7.67907E-01 9.29168E-01 9.47844E-01
 2.21309E+00 6.07452E-01 7.68807E-01 9.30256E-01 9.48954E-01
 2.23872E+00 6.08149E-01 7.69688E-01 9.31323E-01 9.50042E-01
 2.26464E+00 6.08831E-01 7.70552E-01 9.32368E-01 9.51109E-01
 2.29087E+00 6.09500E-01 7.71398E-01 9.33392E-01 9.52153E-01
 2.31739E+00 6.10155E-01 7.72227E-01 9.34395E-01 9.53176E-01
 2.34423E+00 6.10797E-01 7.73040E-01 9.35378E-01 9.54179E-01
 2.37137E+00 6.11425E-01 7.73835E-01 9.36341E-01 9.55161E-01
 2.39883E+00 6.12041E-01 7.74615E-01 9.37284E-01 9.56123E-01
 2.42661E+00 6.12644E-01 7.75378E-01 9.38207E-01 9.57065E-01
 2.45471E+00 6.13235E-01 7.76126E-01 9.39112E-01 9.57988E-01
 2.48313E+00 6.13814E-01 7.76858E-01 9.39998E-01 9.58892E-01
 2.51189E+00 6.14380E-01 7.77575E-01 9.40866E-01 9.59777E-01
 2.54097E+00 6.14935E-01 7.78278E-01 9.41716E-01 9.60644E-01
 2.57040E+00 6.15479E-01 7.78965E-01 9.42548E-01 9.61493E-01
 2.60016E+00 6.16011E-01 7.79639E-01 9.43363E-01 9.62325E-01
 2.63027E+00 6.16532E-01 7.80299E-01 9.44161E-01 9.63139E-01
 2.66073E+00 6.17042E-01 7.80944E-01 9.44943E-01 9.63936E-01
 2.69153E+00 6.17542E-01 7.81577E-01 9.45708E-01 9.64716E-01
 2.72270E+00 6.18031E-01 7.82196E-01 9.46457E-01 9.65481E-01
 2.75423E+00 6.18510E-01 7.82802E-01 9.47190E-01 9.66229E-01
 2.78612E+00 6.18979E-01 7.83395E-01 9.47908E-01 9.66961E-01
 2.81838E+00 6.19438E-01 7.83976E-01 9.48611E-01 9.67678E-01
 2.85102E+00 6.19887E-01 7.84545E-01 9.49299E-01 9.68380E-01
 2.88403E+00 6.20327E-01 7.85102E-01 9.49973E-01 9.69067E-01
 2.91743E+00 6.20758E-01 7.85646E-01 9.50632E-01 9.69740E-01
 2.95121E+00 6.21179E-01 7.86180E-01 9.51278E-01 9.70398E-01
 2.98538E+00 6.21592E-01 7.86702E-01 9.51909E-01 9.71043E-01
 3.01995E+00 6.21995E-01 7.87213E-01 9.52528E-01 9.71673E-01
 3.05492E+00 6.22391E-01 7.87713E-01 9.53133E-01 9.72291E-01
 3.09030E+00 6.22777E-01 7.88202E-01 9.53725E-01 9.72895E-01
 3.12608E+00 6.23156E-01 7.88681E-01 9.54305E-01 9.73486E-01
 3.16228E+00 6.23526E-01 7.89150E-01 9.54872E-01 9.74065E-01
 3.19890E+00 6.23889E-01 7.89609E-01 9.55427E-01 9.74631E-01
 3.23594E+00 6.24243E-01 7.90058E-01 9.55970E-01 9.75185E-01
 3.27341E+00 6.24591E-01 7.90497E-01 9.56502E-01 9.75728E-01
 3.31131E+00 6.24930E-01 7.90927E-01 9.57022E-01 9.76258E-01
 3.34965E+00 6.25263E-01 7.91348E-01 9.57531E-01 9.76777E-01
 3.38844E+00 6.25588E-01 7.91760E-01 9.58029E-01 9.77286E-01
 3.42768E+00 6.25906E-01 7.92162E-01 9.58516E-01 9.77783E-01
 3.46737E+00 6.26217E-01 7.92556E-01 9.58993E-01 9.78269E-01
 3.50752E+00 6.26522E-01 7.92942E-01 9.59460E-01 9.78745E-01
 3.54813E+00 6.26820E-01 7.93319E-01 9.59916E-01 9.79211E-01
 3.58922E+00 6.27112E-01 7.93688E-01 9.60363E-01 9.79666E-01
 3.63078E+00 6.27397E-01 7.94049E-01 9.60800E-01 9.80112E-01
 3.67282E+00 6.27676E-01 7.94403E-01 9.61227E-01 9.80548E-01
 3.71535E+00 6.27949E-01 7.94748E-01 9.61645E-01 9.80975E-01
 3.75837E+00 6.28216E-01 7.95086E-01 9.62055E-01 9.81392E-01
 3.80189E+00 6.28478E-01 7.95417E-01 9.62455E-01 9.81800E-01
 3.84592E+00 6.28733E-01 7.95741E-01 9.62846E-01 9.82199E-01
 3.89045E+00 6.28983E-01 7.96057E-01 9.63229E-01 9.82590E-01
 3.93550E+00 6.29228E-01 7.96367E-01 9.63604E-01 9.94608E-01
 3.98107E+00 6.29467E-01 7.96670E-01 9.63970E-01 1.00759E+00
 4.02717E+00 6.29701E-01 7.96966E-01 9.64329E-01 1.02069E+00
 4.07380E+00 6.29930E-01 7.97256E-01 9.64679E-01 1.03388E+00
 4.12098E+00 6.30154E-01 7.97539E-01 9.65022E-01 1.04718E+00
 4.16869E+00 6.30373E-01 7.97816E-01 9.65358E-01 1.06058E+00
 4.21697E+00 6.30588E-01 7.98088E-01 9.65686E-01 1.07409E+00
 4.26580E+00 6.30797E-01 7.98353E-01 9.66007E-01 1.08769E+00
 4.31519E+00 6.31002E-01 7.98612E-01 9.66321E-01 1.10139E+00
 4.36516E+00 6.31203E-01 7.98866E-01 9.66628E-01 1.11518E+00
 4.41570E+00 6.31399E-01 7.99114E-01 9.66928E-01 1.12907E+00
 4.46684E+00 6.31591E-01 7.99357E-01 9.67222E-01 1.14305E+00
 4.51856E+00 6.31778E-01 7.99594E-01 9.67509E-01 1.15712E+00
 4.57088E+00 6.31962E-01 7.99826E-01 9.67790E-01 1.17128E+00
 4.62381E+00 6.32141E-01 8.00053E-01 9.68065E-01 1.18553E+00
 4.67735E+00 6.32316E-01 8.00275E-01 9.68333E-01 1.19986E+00
 4.73151E+00 6.32488E-01 8.00493E-01 9.68596E-01 1.21428E+00
 4.78630E+00 6.32656E-01 8.00705E-01 9.68853E-01 1.22877E+00
 4.84172E+00 6.32820E-01 8.00913E-01 9.69104E-01 1.24334E+00
 4.89779E+00 6.32980E-01 8.01116E-01 9.69350E-01 1.25799E+00
 4.95450E+00 6.33137E-01 8.01314E-01 9.69590E-01 1.27271E+00
 5.01187E+00 6.33291E-01 8.01509E-01 9.69825E-01 1.28749E+00
 5.06991E+00 6.33441E-01 8.01698E-01 9.70055E-01 1.30235E+00
 5.12861E+00 6.33587E-01 8.01884E-01 9.70280E-01 1.31727E+00
 5.18800E+00 6.33731E-01 8.02066E-01 9.70500E-01 1.33226E+00
 5.24807E+00 6.33871E-01 8.02243E-01 9.70714E-01 1.34730E+00
 5.30884E+00 6.34009E-01 8.02417E-01 9.70925E-01 1.36240E+00
 5.37032E+00 6.34143E-01 8.02587E-01 9.71130E-01 1.37755E+00
 5.43250E+00 6.34274E-01 8.02753E-01 9.71331E-01 1.39275E+00
 5.49541E+00 6.34402E-01 8.02915E-01 9.71527E-01 1.40799E+00
 5.55904E+00 6.34528E-01 8.03074E-01 9.71720E-01 1.42329E+00
 5.62341E+00 6.34650E-01 8.03229E-01 9.71907E-01 1.43861E+00
 5.68853E+00 6.34770E-01 8.03381E-01 9.72091E-01 1.45398E+00
 5.75440E+00 6.34887E-01 8.03529E-01 9.72271E-01 1.46938E+00
 5.82103E+00 6.35002E-01 8.03675E-01 9.72446E-01 1.48481E+00
 5.88844E+00 6.35114E-01 8.03817E-01 9.72618E-01 1.50026E+00
 5.95662E+00 6.35224E-01 8.03955E-01 9.72786E-01 1.51574E+00
 6.02560E+00 6.35331E-01 8.04091E-01 9.72950E-01 1.53123E+00
 6.09537E+00 6.35436E-01 8.04224E-01 9.73110E-01 1.54673E+00
 6.16595E+00 6.35538E-01 8.04353E-01 9.73267E-01 1.56225E+00
 6.23735E+00 6.35639E-01 8.04480E-01 9.73421E-01 1.57777E+00
 6.30957E+00 6.35736E-01 8.04604E-01 9.73571E-01 1.59329E+00
 6.38263E+00 6.35832E-01 8.04725E-01 9.73717E-01 1.60882E+00
 6.45654E+00 6.35926E-01 8.04844E-01 9.73861E-01 1.62433E+00
 6.53131E+00 6.36017E-01 8.04960E-01 9.74001E-01 1.63983E+00
 6.60693E+00 6.36107E-01 8.05073E-01 9.74138E-01 1.65532E+00
 6.68344E+00 6.36194E-01 8.05184E-01 9.74272E-01 1.67079E+00
 6.76083E+00 6.36280E-01 8.05292E-01 9.74403E-01 1.68623E+00
 6.83912E+00 6.36364E-01 8.05398E-01 9.74531E-01 1.70164E+00
 6.91831E+00 6.36445E-01 8.05501E-01 9.74657E-01 1.71702E+00
 6.99842E+00 6.36525E-01 8.05602E-01 9.74779E-01 1.73237E+00
 7.07946E+00 6.36604E-01 8.05701E-01 9.74899E-01 1.74766E+00
 7.16143E+00 6.36680E-01 8.05798E-01 9.75016E-01 1.76291E+00
 7.24436E+00 6.36755E-01 8.05893E-01 9.75130E-01 1.77811E+00
 7.32825E+00 6.36828E-01 8.05985E-01 9.75242E-01 1.79325E+00
 7.41310E+00 6.36899E-01 8.06075E-01 9.75351E-01 1.80833E+00
 7.49894E+00 6.36969E-01 8.06164E-01 9.75458E-01 1.82334E+00
 7.58578E+00 6.37037E-01 8.06250E-01 9.75563E-01 1.83827E+00
 7.67361E+00 6.37104E-01 8.06335E-01 9.75665E-01 1.85313E+00
 7.76247E+00 6.37169E-01 8.06417E-01 9.75765E-01 1.86791E+00
 7.85236E+00 6.37233E-01 8.06498E-01 9.75862E-01 1.88260E+00
 7.94328E+00 6.37295E-01 8.06577E-01 9.75958E-01 1.89719E+00
 8.03526E+00 6.37356E-01 8.06654E-01 9.76051E-01 1.91169E+00
 8.12831E+00 6.37416E-01 8.06729E-01 9.76142E-01 1.92609E+00
 8.22243E+00 6.37474E-01 8.06803E-01 9.76232E-01 1.94037E+00
 8.31764E+00 6.37531E-01 8.06875E-01 9.76319E-01 1.95454E+00
 8.41395E+00 6.37587E-01 8.06946E-01 9.76404E-01 1.96860E+00
 8.51138E+00 6.37641E-01 8.07014E-01 9.76487E-01 1.98252E+00
 8.60994E+00 6.37694E-01 8.07082E-01 9.76569E-01 1.99632E+00
 8.70964E+00 6.37746E-01 8.07148E-01 9.76649E-01 2.00999E+00
 8.81049E+00 6.37797E-01 8.07212E-01 9.76726E-01 2.02351E+00
 8.91251E+00 6.37847E-01 8.07275E-01 9.76802E-01 2.03689E+00
 9.01571E+00 6.37895E-01 8.07336E-01 9.76877E-01 2.05012E+00
 9.12011E+00 6.37943E-01 8.07396E-01 9.76950E-01 2.06319E+00
 9.22571E+00 6.37989E-01 8.07455E-01 9.77021E-01 2.07610E+00
 9.33254E+00 6.38035E-01 8.07513E-01 9.77090E-01 2.08884E+00
 9.44061E+00 6.38079E-01 8.07569E-01 9.77158E-01 2.10142E+00
 9.54993E+00 6.38122E-01 8.07624E-01 9.77224E-01 2.11381E+00
 9.66051E+00 6.38165E-01 8.07677E-01 9.77289E-01 2.12602E+00
 9.77237E+00 6.38206E-01 8.07730E-01 9.77353E-01 2.13805E+00
 9.88553E+00 6.38247E-01 8.07781E-01 9.77415E-01 2.14988E+00
 1.00000E+01 6.38286E-01 8.07831E-01 9.77476E-01 2.16152E+00
 1.01158E+01 6.38325E-01 8.07880E-01 9.77535E-01 2.17295E+00
 1.02329E+01 6.38363E-01 8.07928E-01 9.77593E-01 2.18418E+00
 1.03514E+01 6.38400E-01 8.07975E-01 9.77649E-01 2.19519E+00
 1.04713E+01 6.38436E-01 8.08020E-01 9.77705E-01 2.20599E+00
 1.05925E+01 6.38471E-01 8.08065E-01 9.77759E-01 2.21656E+00
 1.07152E+01 6.38506E-01 8.08109E-01 9.77812E-01 2.22691E+00
 1.08393E+01 6.38540E-01 8.08152E-01 9.77863E-01 2.23703E+00
 1.09648E+01 6.38573E-01 8.08193E-01 9.77914E-01 2.24691E+00
 1.10917E+01 6.38605E-01 8.08234E-01 9.77963E-01 2.25655E+00
 1.12202E+01 6.38636E-01 8.08274E-01 9.78012E-01 2.26594E+00
 1.13501E+01 6.38667E-01 8.08313E-01 9.78059E-01 2.27509E+00
 1.14815E+01 6.38697E-01 8.08351E-01 9.78105E-01 2.28398E+00
 1.16145E+01 6.38727E-01 8.08389E-01 9.78150E-01 2.29261E+00
 1.17490E+01 6.38756E-01 8.08425E-01 9.78194E-01 2.30098E+00
 1.18850E+01 6.38784E-01 8.08461E-01 9.78237E-01 2.30908E+00
 1.20226E+01 6.38811E-01 8.08495E-01 9.78279E-01 2.31692E+00
 1.21619E+01 6.38838E-01 8.08529E-01 9.78321E-01 2.32448E+00
 1.23027E+01 6.38864E-01 8.08563E-01 9.78361E-01 2.33176E+00
 1.24451E+01 6.38890E-01 8.08595E-01 9.78400E-01 2.33876E+00
 1.25893E+01 6.38915E-01 8.08627E-01 9.78439E-01 2.34548E+00
 1.27350E+01 6.38940E-01 8.08658E-01 9.78476E-01 2.35190E+00
 1.28825E+01 6.38964E-01 8.08688E-01 9.78513E-01 2.35804E+00
 1.30317E+01 6.38987E-01 8.08718E-01 9.78549E-01 2.36388E+00
 1.31826E+01 6.39010E-01 8.08747E-01 9.78584E-01 2.36942E+00
 1.33352E+01 6.39032E-01 8.08775E-01 9.78618E-01 2.37467E+00
 1.34896E+01 6.39054E-01 8.08803E-01 9.78652E-01 2.37961E+00
 1.36458E+01 6.39076E-01 8.08830E-01 9.78685E-01 2.38424E+00
 1.38038E+01 6.39097E-01 8.08857E-01 9.78717E-01 2.38857E+00
 1.39637E+01 6.39117E-01 8.08883E-01 9.78748E-01 2.39259E+00
 1.41254E+01 6.39137E-01 8.08908E-01 9.78779E-01 2.39629E+00
 1.42889E+01 6.39157E-01 8.08933E-01 9.78808E-01 2.39967E+00
 1.44544E+01 6.39176E-01 8.08957E-01 9.78838E-01 2.40275E+00
 1.46218E+01 6.39194E-01 8.08980E-01 9.78866E-01 2.40551E+00
 1.47911E+01 6.39213E-01 8.09003E-01 9.78894E-01 2.40794E+00
 1.49624E+01 6.39230E-01 8.09026E-01 9.78921E-01 2.41005E+00
 1.51356E+01 6.39248E-01 8.09048E-01 9.78948E-01 2.41184E+00
 1.53109E+01 6.39265E-01 8.09070E-01 9.78974E-01 2.41332E+00
 1.54882E+01 6.39282E-01 8.09091E-01 9.79000E-01 2.41446E+00
 1.56675E+01 6.39298E-01 8.09111E-01 9.79025E-01 2.41528E+00
 1.58489E+01 6.39314E-01 8.09131E-01 9.79049E-01 2.41577E+00
 1.60325E+01 6.39329E-01 8.09151E-01 9.79073E-01 2.41594E+00
 1.62181E+01 6.39344E-01 8.09170E-01 9.79096E-01 2.41579E+00
 1.64059E+01 6.39359E-01 8.09189E-01 9.79119E-01 2.41531E+00
 1.65959E+01 6.39374E-01 8.09208E-01 9.79141E-01 2.41450E+00
 1.67880E+01 6.39388E-01 8.09225E-01 9.79163E-01 2.41336E+00
 1.69824E+01 6.39402E-01 8.09243E-01 9.79184E-01 2.41191E+00
 1.71791E+01 6.39415E-01 8.09260E-01 9.79205E-01 2.41012E+00
 1.73780E+01 6.39429E-01 8.09277E-01 9.79225E-01 2.40801E+00
 1.75792E+01 6.39442E-01 8.09293E-01 9.79245E-01 2.40558E+00
 1.77828E+01 6.39454E-01 8.09309E-01 9.79264E-01 2.40284E+00
 1.79887E+01 6.39467E-01 8.09325E-01 9.79283E-01 2.39977E+00
 1.81970E+01 6.39479E-01 8.09340E-01 9.79302E-01 2.39638E+00
 1.84077E+01 6.39491E-01 8.09355E-01 9.79320E-01 2.39268E+00
 1.86209E+01 6.39502E-01 8.09370E-01 9.79338E-01 2.38866E+00
 1.88365E+01 6.39513E-01 8.09384E-01 9.79355E-01 2.38433E+00
 1.90546E+01 6.39524E-01 8.09398E-01 9.79372E-01 2.37968E+00
 1.92752E+01 6.39535E-01 8.09412E-01 9.79388E-01 2.37473E+00
 1.94984E+01 6.39546E-01 8.09425E-01 9.79404E-01 2.36947E+00
 1.97242E+01 6.39556E-01 8.09438E-01 9.79420E-01 2.36391E+00
 1.99526E+01 6.39566E-01 8.09451E-01 9.79436E-01 2.35805E+00
 2.01837E+01 6.39576E-01 8.09463E-01 9.79451E-01 2.35189E+00
 2.04174E+01 6.39586E-01 8.09475E-01 9.79465E-01 2.34543E+00
 2.06538E+01 6.39595E-01 8.09487E-01 9.79480E-01 2.33868E+00
 2.08930E+01 6.39604E-01 8.09499E-01 9.79494E-01 2.33165E+00
 2.11349E+01 6.39613E-01 8.09510E-01 9.79508E-01 2.32433E+00
 2.13796E+01 6.39622E-01 8.09521E-01 9.79521E-01 2.31673E+00
 2.16272E+01 6.39630E-01 8.09532E-01 9.79534E-01 2.30885E+00
 2.18776E+01 6.39639E-01 8.09543E-01 9.79547E-01 2.30070E+00
 2.21309E+01 6.39647E-01 8.09553E-01 9.79559E-01 2.29228E+00
 2.23872E+01 6.39655E-01 8.09563E-01 9.79572E-01 2.28358E+00
 2.26464E+01 6.39663E-01 8.09573E-01 9.79584E-01 2.27464E+00
 2.29087E+01 6.39671E-01 8.09583E-01 9.79595E-01 2.26543E+00
 2.31739E+01 6.39678E-01 8.09592E-01 9.79607E-01 2.25597E+00
 2.34423E+01 6.39685E-01 8.09602E-01 9.79618E-01 2.24626E+00
 2.37137E+01 6.39692E-01 8.09611E-01 9.79629E-01 2.23630E+00
 2.39883E+01 6.39699E-01 8.09620E-01 9.79640E-01 2.22612E+00
 2.42661E+01 6.39706E-01 8.09628E-01 9.79650E-01 2.21569E+00
 2.45471E+01 6.39713E-01 8.09637E-01 9.79660E-01 2.20503E+00
 2.48313E+01 6.39719E-01 8.09645E-01 9.79670E-01 2.19414E+00
 2.51189E+01 6.39726E-01 8.09653E-01 9.79680E-01 2.18304E+00
 2.54097E+01 6.39732E-01 8.09661E-01 9.79690E-01 2.17172E+00
 2.57040E+01 6.39738E-01 8.09669E-01 9.79699E-01 2.16019E+00
 2.60016E+01 6.39744E-01 8.09676E-01 9.79708E-01 2.14846E+00
 2.63027E+01 6.39750E-01 8.09683E-01 9.79717E-01 2.13653E+00
 2.66073E+01 6.39756E-01 8.09691E-01 9.79726E-01 2.12440E+00
 2.69153E+01 6.39761E-01 8.09698E-01 9.79734E-01 2.11208E+00
 2.72270E+01 6.39767E-01 8.09704E-01 9.79742E-01 2.09958E+00
 2.75423E+01 6.39772E-01 8.09711E-01 9.79751E-01 2.08690E+00
 2.78612E+01 6.39777E-01 8.09718E-01 9.79758E-01 2.07405E+00
 2.81838E+01 6.39782E-01 8.09724E-01 9.79766E-01 2.06102E+00
 2.85102E+01 6.39787E-01 8.09730E-01 9.79774E-01 2.04784E+00
 2.88403E+01 6.39792E-01 8.09737E-01 9.79781E-01 2.03449E+00
 2.91743E+01 6.39797E-01 8.09743E-01 9.79788E-01 2.02100E+00
 2.95121E+01 6.39801E-01 8.09748E-01 9.79796E-01 2.00735E+00
 2.98538E+01 6.39806E-01 8.09754E-01 9.79802E-01 1.99357E+00
 3.01995E+01 6.39810E-01 8.09760E-01 9.79809E-01 1.97965E+00
 3.05492E+01 6.39814E-01 8.09765E-01 9.79816E-01 1.96560E+00
 3.09030E+01 6.39819E-01 8.09770E-01 9.79822E-01 1.95142E+00
 3.12608E+01 6.39823E-01 8.09776E-01 9.79829E-01 1.93713E+00
 3.16228E+01 6.39827E-01 8.09781E-01 9.79835E-01 1.92272E+00
 3.19890E+01 6.39831E-01 8.09786E-01 9.79841E-01 1.90819E+00
 3.23594E+01 6.39835E-01 8.09791E-01 9.79847E-01 1.89357E+00
 3.27341E+01 6.39838E-01 8.09795E-01 9.79852E-01 1.87884E+00
 3.31131E+01 6.39842E-01 8.09800E-01 9.79858E-01 1.86403E+00
 3.34965E+01 6.39846E-01 8.09805E-01 9.79864E-01 1.84912E+00
 3.38844E+01 6.39849E-01 8.09809E-01 9.79869E-01 1.83413E+00
 3.42768E+01 6.39853E-01 8.09813E-01 9.79874E-01 1.81906E+00
 3.46737E+01 6.39856E-01 8.09818E-01 9.79879E-01 1.80392E+00
 3.50752E+01 6.39859E-01 8.09822E-01 9.79884E-01 1.78870E+00
 3.54813E+01 6.39862E-01 8.09826E-01 9.79889E-01 1.77343E+00
 3.58922E+01 6.39865E-01 8.09830E-01 9.79894E-01 1.75809E+00
 3.63078E+01 6.39869E-01 8.09834E-01 9.79899E-01 1.74270E+00
 3.67282E+01 6.39872E-01 8.09837E-01 9.79903E-01 1.72726E+00
 3.71535E+01 6.39874E-01 8.09841E-01 9.79908E-01 1.71178E+00
 3.75837E+01 6.39877E-01 8.09845E-01 9.79912E-01 1.69625E+00
 3.80189E+01 6.39880E-01 8.09848E-01 9.79916E-01 1.68069E+00
 3.84592E+01 6.39883E-01 8.09852E-01 9.79920E-01 1.66510E+00
 3.89045E+01 6.39885E-01 8.09855E-01 9.79925E-01 1.64948E+00
 3.93550E+01 6.39888E-01 8.09858E-01 9.79929E-01 1.63384E+00
 3.98107E+01 6.39891E-01 8.09862E-01 9.79932E-01 1.61818E+00
 4.02717E+01 6.39893E-01 8.09865E-01 9.79936E-01 1.60250E+00
 4.07380E+01 6.39896E-01 8.09868E-01 9.79940E-01 1.58682E+00
 4.12098E+01 6.39898E-01 8.09871E-01 9.79944E-01 1.57112E+00
 4.16869E+01 6.39900E-01 8.09874E-01 9.79947E-01 1.55543E+00
 4.21697E+01 6.39902E-01 8.09877E-01 9.79951E-01 1.53974E+00
 4.26580E+01 6.39905E-01 8.09879E-01 9.79954E-01 1.52405E+00
 4.31519E+01 6.39907E-01 8.09882E-01 9.79957E-01 1.50837E+00
 4.36516E+01 6.39909E-01 8.09885E-01 9.79961E-01 1.49271E+00
 4.41570E+01 6.39911E-01 8.09887E-01 9.79964E-01 1.47706E+00
 4.46684E+01 6.39913E-01 8.09890E-01 9.79967E-01 1.46143E+00
 4.51856E+01 6.39915E-01 8.09892E-01 9.79970E-01 1.44582E+00
 4.57088E+01 6.39917E-01 8.09895E-01 9.79973E-01 1.43024E+00
 4.62381E+01 6.39919E-01 8.09897E-01 9.79976E-01 1.41469E+00
 4.67735E+01 6.39921E-01 8.09900E-01 9.79979E-01 1.39917E+00
 4.73151E+01 6.39922E-01 8.09902E-01 9.79981E-01 1.38368E+00
 4.78630E+01 6.39924E-01 8.09904E-01 9.79984E-01 1.36824E+00
 4.84172E+01 6.39926E-01 8.09906E-01 9.79987E-01 1.35283E+00
 4.89779E+01 6.39928E-01 8.09908E-01 9.79989E-01 1.33748E+00
 4.95450E+01 6.39929E-01 8.09911E-01 9.79992E-01 1.32216E+00
 5.01187E+01 6.39931E-01 8.09913E-01 9.79994E-01 1.30690E+00
 5.06991E+01 6.39932E-01 8.09915E-01 9.79997E-01 1.29169E+00
 5.12861E+01 6.39934E-01 8.09916E-01 9.79999E-01 1.27653E+00
 5.18800E+01 6.39936E-01 8.09918E-01 9.80001E-01 1.26143E+00
 5.24807E+01 6.39937E-01 8.09920E-01 9.80003E-01 1.24639E+00
 5.30884E+01 6.39938E-01 8.09922E-01 9.80006E-01 1.23141E+00
 5.37032E+01 6.39940E-01 8.09924E-01 9.80008E-01 1.21650E+00
 5.43250E+01 6.39941E-01 8.09926E-01 9.80010E-01 1.20165E+00
 5.49541E+01 6.39943E-01 8.09927E-01 9.80012E-01 1.18687E+00
 5.55904E+01 6.39944E-01 8.09929E-01 9.80014E-01 1.17216E+00
 5.62341E+01 6.39945E-01 8.09931E-01 9.80016E-01 1.15752E+00
 5.68853E+01 6.39946E-01 8.09932E-01 9.80018E-01 1.14296E+00
 5.75440E+01 6.39948E-01 8.09934E-01 9.80020E-01 1.12847E+00
 5.82103E+01 6.39949E-01 8.09935E-01 9.80022E-01 1.11406E+00
 5.88844E+01 6.39950E-01 8.09937E-01 9.80023E-01 1.09972E+00
 5.95662E+01 6.39951E-01 8.09938E-01 9.80025E-01 1.08547E+00
 6.02560E+01 6.39952E-01 8.09939E-01 9.80027E-01 1.07131E+00
 6.09537E+01 6.39953E-01 8.09941E-01 9.80028E-01 1.05722E+00
 6.16595E+01 6.39954E-01 8.09942E-01 9.80030E-01 1.04321E+00
 6.23735E+01 6.39955E-01 8.09944E-01 9.80032E-01 1.02930E+00
 6.30957E+01 6.39956E-01 8.09945E-01 9.80033E-01 1.01547E+00
 6.38263E+01 6.39957E-01 8.09946E-01 9.80035E-01 1.00173E+00
 6.45654E+01 6.39958E-01 8.09947E-01 9.80036E-01 9.99735E-01
 6.53131E+01 6.39959E-01 8.09948E-01 9.80038E-01 9.99736E-01
 6.60693E+01 6.39960E-01 8.09950E-01 9.80039E-01 9.99738E-01
 6.68344E+01 6.39961E-01 8.09951E-01 9.80040E-01 9.99739E-01
 6.76083E+01 6.39962E-01 8.09952E-01 9.80042E-01 9.99741E-01
 6.83912E+01 6.39963E-01 8.09953E-01 9.80043E-01 9.99742E-01
 6.91831E+01 6.39964E-01 8.09954E-01 9.80044E-01 9.99743E-01
 6.99842E+01 6.39965E-01 8.09955E-01 9.80046E-01 9.99745E-01
 7.07946E+01 6.39965E-01 8.09956E-01 9.80047E-01 9.99746E-01
 7.16143E+01 6.39966E-01 8.09957E-01 9.80048E-01 9.99747E-01
 7.24436E+01 6.39967E-01 8.09958E-01 9.80049E-01 9.99748E-01
 7.32825E+01 6.39968E-01 8.09959E-01 9.80050E-01 9.99749E-01
 7.41310E+01 6.39968E-01 8.09960E-01 9.80052E-01 9.99751E-01
 7.49894E+01 6.39969E-01 8.09961E-01 9.80053E-01 9.99752E-01
 7.58578E+01 6.39970E-01 8.09962E-01 9.80054E-01 9.99753E-01
 7.67361E+01 6.39970E-01 8.09963E-01 9.80055E-01 9.99754E-01
 7.76247E+01 6.39971E-01 8.09964E-01 9.80056E-01 9.99755E-01
 7.85236E+01 6.39972E-01 8.09964E-01 9.80057E-01 9.99756E-01
 7.94328E+01 6.39972E-01 8.09965E-01 9.80058E-01 9.99757E-01
 8.03526E+01 6.39973E-01 8.09966E-01 9.80059E-01 9.99758E-01
 8.12831E+01 6.39974E-01 8.09967E-01 9.80060E-01 9.99759E-01
 8.22243E+01 6.39974E-01 8.09967E-01 9.80061E-01 9.99760E-01
 8.31764E+01 6.39975E-01 8.09968E-01 9.80062E-01 9.99761E-01
 8.41395E+01 6.39975E-01 8.09969E-01 9.80062E-01 9.99762E-01
 8.51138E+01 6.39976E-01 8.09970E-01 9.80063E-01 9.99763E-01
 8.60994E+01 6.39977E-01 8.09970E-01 9.80064E-01 9.99763E-01
 8.70964E+01 6.39977E-01 8.09971E-01 9.80065E-01 9.99764E-01
 8.81049E+01 6.39978E-01 8.09972E-01 9.80066E-01 9.99765E-01
 8.91251E+01 6.39978E-01 8.09972E-01 9.80067E-01 9.99766E-01
 9.01571E+01 6.39979E-01 8.09973E-01 9.80067E-01 9.99767E-01
 9.12011E+01 6.39979E-01 8.09974E-01 9.80068E-01 9.99767E-01
 9.22571E+01 6.39980E-01 8.09974E-01 9.80069E-01 9.99768E-01
 9.33254E+01 6.39980E-01 8.09975E-01 9.80069E-01 9.99769E-01
 9.44061E+01 6.39981E-01 8.09975E-01 9.80070E-01 9.99770E-01
 9.54993E+01 6.39981E-01 8.09976E-01 9.80071E-01 9.99770E-01
 9.66051E+01 6.39981E-01 8.09976E-01 9.80071E-01 9.99771E-01
 9.77237E+01 6.39982E-01 8.09977E-01 9.80072E-01 9.99772E-01
 9.88553E+01 6.39982E-01 8.09977E-01 9.80073E-01 9.99772E-01
 1.00000E+02 6.39983E-01 8.09978E-01 9.80073E-01 9.99773E-01
