 1.00000E-02 3.39736E-02 5.47874E-02 8.49254E-02 8.93638E-02
 2.00000E-02 3.40239E-02 5.48415E-02 8.49356E-02 8.93704E-02
 3.00000E-02 3.41121E-02 5.49198E-02 8.49633E-02 8.93845E-02
 4.00000E-02 3.42382E-02 5.50378E-02 8.50069E-02 8.94110E-02
 5.00000E-02 3.44207E-02 5.52178E-02 8.51010E-02 8.94864E-02
 6.00000E-02 3.46768E-02 5.54884E-02 8.52940E-02 8.96579E-02
 7.00000E-02 3.50335E-02 5.58872E-02 8.56372E-02 8.99844E-02
 8.00000E-02 3.55202E-02 5.64599E-02 8.61975E-02 9.05322E-02
 9.00000E-02 3.61695E-02 5.72536E-02 8.70437E-02 9.13758E-02
 1.00000E-01 3.70143E-02 5.83176E-02 8.82479E-02 9.25899E-02
 1.10000E-01 3.80862E-02 5.96993E-02 8.98805E-02 9.42482E-02
 1.20000E-01 3.94136E-02 6.14429E-02 9.20063E-02 9.64197E-02
 1.30000E-01 4.10196E-02 6.35846E-02 9.46817E-02 9.91634E-02
 1.40000E-01 4.29209E-02 6.61513E-02 9.79496E-02 1.02526E-01
 1.50000E-01 4.51273E-02 6.91594E-02 1.01837E-01 1.06537E-01
 1.60000E-01 4.76420E-02 7.26143E-02 1.06355E-01 1.11207E-01
 1.70000E-01 5.04630E-02 7.65123E-02 1.11496E-01 1.16531E-01
 1.80000E-01 5.35847E-02 8.08425E-02 1.17242E-01 1.22490E-01
 1.90000E-01 5.69992E-02 8.55897E-02 1.23564E-01 1.29053E-01
 2.00000E-01 6.06981E-02 9.07361E-02 1.30427E-01 1.36182E-01
 2.10000E-01 6.46725E-02 9.62636E-02 1.37793E-01 1.43837E-01
 2.20000E-01 6.89146E-02 1.02154E-01 1.45623E-01 1.51973E-01
 2.30000E-01 7.34171E-02 1.08392E-01 1.53878E-01 1.60548E-01
 2.40000E-01 7.81737E-02 1.14960E-01 1.62524E-01 1.69521E-01
 2.50000E-01 8.31790E-02 1.21847E-01 1.71526E-01 1.78854E-01
 2.60000E-01 8.84285E-02 1.29039E-01 1.80854E-01 1.88509E-01
 2.70000E-01 9.39181E-02 1.36526E-01 1.90481E-01 1.98454E-01
 2.80000E-01 9.96446E-02 1.44298E-01 2.00383E-01 2.08661E-01
 2.90000E-01 1.05605E-01 1.52347E-01 2.10539E-01 2.19101E-01
 3.00000E-01 1.11797E-01 1.60664E-01 2.20928E-01 2.29754E-01
 3.10000E-01 1.18218E-01 1.69244E-01 2.31536E-01 2.40598E-01
 3.20000E-01 1.24807E-01 1.78078E-01 2.42347E-01 2.51618E-01
 3.30000E-01 1.31405E-01 1.87162E-01 2.53350E-01 2.62800E-01
 3.40000E-01 1.37992E-01 1.96477E-01 2.64534E-01 2.74134E-01
 3.50000E-01 1.44558E-01 2.05825E-01 2.75891E-01 2.85612E-01
 3.60000E-01 1.51091E-01 2.15127E-01 2.87415E-01 2.97229E-01
 3.70000E-01 1.57583E-01 2.24371E-01 2.99102E-01 3.08983E-01
 3.80000E-01 1.64025E-01 2.33543E-01 3.10946E-01 3.20874E-01
 3.90000E-01 1.70409E-01 2.42634E-01 3.22946E-01 3.32903E-01
 4.00000E-01 1.76730E-01 2.51633E-01 3.34924E-01 3.45074E-01
 4.10000E-01 1.82980E-01 2.60532E-01 3.46768E-01 3.57276E-01
 4.20000E-01 1.89155E-01 2.69324E-01 3.58470E-01 3.71070E-01
 4.30000E-01 1.95248E-01 2.78000E-01 3.70018E-01 3.85743E-01
 4.40000E-01 2.01258E-01 2.86556E-01 3.81407E-01 4.00592E-01
 4.50000E-01 2.07179E-01 2.94987E-01 3.92628E-01 4.15611E-01
 4.60000E-01 2.13008E-01 3.03287E-01 4.03676E-01 4.30798E-01
 4.70000E-01 2.18744E-01 3.11454E-01 4.14546E-01 4.46148E-01
 4.80000E-01 2.24384E-01 3.19485E-01 4.25234E-01 4.61658E-01
 4.90000E-01 2.29927E-01 3.27376E-01 4.35738E-01 4.77324E-01
 5.00000E-01 2.35370E-01 3.35127E-01 4.46054E-01 4.93142E-01
 5.10000E-01 2.40714E-01 3.42735E-01 4.56181E-01 5.09109E-01
 5.20000E-01 2.45957E-01 3.50201E-01 4.66117E-01 5.25221E-01
 5.30000E-01 2.51100E-01 3.57523E-01 4.75863E-01 5.41476E-01
 5.40000E-01 2.56141E-01 3.64701E-01 4.85418E-01 5.57869E-01
 5.50000E-01 2.61082E-01 3.71737E-01 4.94781E-01 5.74398E-01
 5.60000E-01 2.65923E-01 3.78629E-01 5.03955E-01 5.91059E-01
 5.70000E-01 2.70664E-01 3.85380E-01 5.12940E-01 6.07850E-01
 5.80000E-01 2.75307E-01 3.91989E-01 5.21738E-01 6.24767E-01
 5.90000E-01 2.79851E-01 3.98459E-01 5.30349E-01 6.41809E-01
 6.00000E-01 2.84298E-01 4.04791E-01 5.41427E-01 6.58971E-01
 6.10000E-01 2.88649E-01 4.10987E-01 5.56681E-01 6.76251E-01
 6.20000E-01 2.92906E-01 4.17048E-01 5.72078E-01 6.93647E-01
 6.30000E-01 2.97069E-01 4.22976E-01 5.87616E-01 7.11155E-01
 6.40000E-01 3.01141E-01 4.28773E-01 6.03199E-01 7.28775E-01
 6.50000E-01 3.05122E-01 4.34442E-01 6.18709E-01 7.46502E-01
 6.60000E-01 3.09015E-01 4.39984E-01 6.34140E-01 7.64335E-01
 6.70000E-01 3.12820E-01 4.45402E-01 6.49491E-01 7.82271E-01
 6.80000E-01 3.16540E-01 4.50698E-01 6.64757E-01 8.00308E-01
 6.90000E-01 3.20175E-01 4.55875E-01 6.79936E-01 8.18444E-01
 7.00000E-01 3.23729E-01 4.60934E-01 6.95024E-01 8.36677E-01
 7.10000E-01 3.27201E-01 4.65878E-01 7.10021E-01 8.55004E-01
 7.20000E-01 3.30595E-01 4.70710E-01 7.24923E-01 8.73425E-01
 7.30000E-01 3.33911E-01 4.75432E-01 7.39729E-01 8.91936E-01
 7.40000E-01 3.37152E-01 4.80046E-01 7.54436E-01 9.10536E-01
 7.50000E-01 3.40318E-01 4.84555E-01 7.69044E-01 9.29223E-01
 7.60000E-01 3.43413E-01 4.88960E-01 7.83551E-01 9.47995E-01
 7.70000E-01 3.46436E-01 4.93266E-01 7.97956E-01 9.66851E-01
 7.80000E-01 3.49391E-01 4.97472E-01 8.12258E-01 9.85789E-01
 7.90000E-01 3.52278E-01 5.01583E-01 8.26455E-01 1.00481E+00
 8.00000E-01 3.55099E-01 5.05600E-01 8.40548E-01 1.02390E+00
 8.10000E-01 3.57856E-01 5.09526E-01 8.54534E-01 1.04308E+00
 8.20000E-01 3.60551E-01 5.13362E-01 8.68415E-01 1.06233E+00
 8.30000E-01 3.63184E-01 5.17112E-01 8.82188E-01 1.08165E+00
 8.40000E-01 3.65757E-01 5.20776E-01 8.95854E-01 1.10105E+00
 8.50000E-01 3.68273E-01 5.24357E-01 9.09412E-01 1.12052E+00
 8.60000E-01 3.70731E-01 5.27857E-01 9.22862E-01 1.14006E+00
 8.70000E-01 3.73134E-01 5.31279E-01 9.36204E-01 1.15967E+00
 8.80000E-01 3.75483E-01 5.34623E-01 9.49437E-01 1.17935E+00
 8.90000E-01 3.77779E-01 5.37893E-01 9.62562E-01 1.19910E+00
 9.00000E-01 3.80024E-01 5.41089E-01 9.75578E-01 1.21891E+00
 9.10000E-01 3.82219E-01 5.44215E-01 9.88485E-01 1.23878E+00
 9.20000E-01 3.84366E-01 5.47270E-01 1.00128E+00 1.25872E+00
 9.30000E-01 3.86464E-01 5.50259E-01 1.01397E+00 1.27873E+00
 9.40000E-01 3.88516E-01 5.53181E-01 1.02655E+00 1.29879E+00
 9.50000E-01 3.90524E-01 5.56039E-01 1.03903E+00 1.31892E+00
 9.60000E-01 3.92487E-01 5.58834E-01 1.05139E+00 1.33911E+00
 9.70000E-01 3.94407E-01 5.61568E-01 1.06365E+00 1.35935E+00
 9.80000E-01 3.96285E-01 5.64242E-01 1.07579E+00 1.37966E+00
 9.90000E-01 3.98123E-01 5.66859E-01 1.08783E+00 1.40002E+00
 1.00000E+00 3.99921E-01 5.69419E-01 1.09976E+00 1.42044E+00
 1.01158E+00 4.01954E-01 5.72314E-01 1.11345E+00 1.44416E+00
 1.02329E+00 4.03960E-01 5.75170E-01 1.12714E+00 1.46823E+00
 1.03514E+00 4.05939E-01 5.77987E-01 1.14084E+00 1.49265E+00
 1.04713E+00 4.07889E-01 5.80764E-01 1.15455E+00 1.51744E+00
 1.05925E+00 4.09812E-01 5.83502E-01 1.16827E+00 1.54259E+00
 1.07152E+00 4.11708E-01 5.86202E-01 1.18198E+00 1.56811E+00
 1.08393E+00 4.13576E-01 5.88862E-01 1.19569E+00 1.59400E+00
 1.09648E+00 4.15417E-01 5.91483E-01 1.20940E+00 1.62028E+00
 1.10917E+00 4.17231E-01 5.94066E-01 1.22310E+00 1.64695E+00
 1.12202E+00 4.19018E-01 5.96610E-01 1.23678E+00 1.67400E+00
 1.13501E+00 4.20778E-01 5.99116E-01 1.25046E+00 1.70143E+00
 1.14815E+00 4.22511E-01 6.01584E-01 1.26411E+00 1.72923E+00
 1.16145E+00 4.24218E-01 6.04013E-01 1.27774E+00 1.75741E+00
 1.17490E+00 4.25898E-01 6.06406E-01 1.29135E+00 1.78598E+00
 1.18850E+00 4.27552E-01 6.08761E-01 1.30492E+00 1.81494E+00
 1.20226E+00 4.29180E-01 6.11079E-01 1.31847E+00 1.84430E+00
 1.21619E+00 4.30782E-01 6.13360E-01 1.33198E+00 1.87407E+00
 1.23027E+00 4.32359E-01 6.15604E-01 1.34545E+00 1.90425E+00
 1.24451E+00 4.33909E-01 6.17812E-01 1.35888E+00 1.93486E+00
 1.25893E+00 4.35435E-01 6.19985E-01 1.37226E+00 1.96589E+00
 1.27350E+00 4.36936E-01 6.22121E-01 1.38560E+00 1.99735E+00
 1.28825E+00 4.38411E-01 6.24223E-01 1.39888E+00 2.02926E+00
 1.30317E+00 4.39863E-01 6.26289E-01 1.41210E+00 2.06162E+00
 1.31826E+00 4.41290E-01 6.28320E-01 1.42526E+00 2.09443E+00
 1.33352E+00 4.42692E-01 6.30318E-01 1.43836E+00 2.12771E+00
 1.34896E+00 4.44071E-01 6.32281E-01 1.45139E+00 2.16147E+00
 1.36458E+00 4.45426E-01 6.34211E-01 1.46434E+00 2.19570E+00
 1.38038E+00 4.46758E-01 6.36107E-01 1.47722E+00 2.23043E+00
 1.39637E+00 4.48067E-01 6.37971E-01 1.49002E+00 2.26565E+00
 1.41254E+00 4.49353E-01 6.39801E-01 1.50273E+00 2.30138E+00
 1.42889E+00 4.50616E-01 6.41600E-01 1.51536E+00 2.33762E+00
 1.44544E+00 4.51857E-01 6.43367E-01 1.52790E+00 2.37439E+00
 1.46218E+00 4.53076E-01 6.45103E-01 1.54033E+00 2.41169E+00
 1.47911E+00 4.54274E-01 6.46807E-01 1.55267E+00 2.44953E+00
 1.49624E+00 4.55449E-01 6.48481E-01 1.56491E+00 2.48792E+00
 1.51356E+00 4.56604E-01 6.50125E-01 1.57704E+00 2.52687E+00
 1.53109E+00 4.57737E-01 6.51739E-01 1.58906E+00 2.56639E+00
 1.54882E+00 4.58850E-01 6.53323E-01 1.60096E+00 2.60649E+00
 1.56675E+00 4.59942E-01 6.54879E-01 1.61274E+00 2.64717E+00
 1.58489E+00 4.61014E-01 6.56405E-01 1.62440E+00 2.68846E+00
 1.60325E+00 4.62067E-01 6.57904E-01 1.63593E+00 2.73035E+00
 1.62181E+00 4.63099E-01 6.59374E-01 1.64734E+00 2.77286E+00
 1.64059E+00 4.64113E-01 6.60817E-01 1.65860E+00 2.81600E+00
 1.65959E+00 4.65107E-01 6.62233E-01 1.66974E+00 2.85977E+00
 1.67880E+00 4.66083E-01 6.63622E-01 1.68072E+00 2.90420E+00
 1.69824E+00 4.67040E-01 6.64985E-01 1.69157E+00 2.94928E+00
 1.71791E+00 4.67979E-01 6.66322E-01 1.70227E+00 2.99504E+00
 1.73780E+00 4.68900E-01 6.67633E-01 1.71281E+00 3.04148E+00
 1.75792E+00 4.69803E-01 6.68919E-01 1.72320E+00 3.08861E+00
 1.77828E+00 4.70689E-01 6.70181E-01 1.73343E+00 3.13645E+00
 1.79887E+00 4.71558E-01 6.71418E-01 1.74350E+00 3.18501E+00
 1.81970E+00 4.72410E-01 6.72631E-01 1.75340E+00 3.23429E+00
 1.84077E+00 4.73246E-01 6.73820E-01 1.76313E+00 3.28431E+00
 1.86209E+00 4.74065E-01 6.74987E-01 1.77270E+00 3.33508E+00
 1.88365E+00 4.74868E-01 6.76130E-01 1.78208E+00 3.38662E+00
 1.90546E+00 4.75655E-01 6.77251E-01 1.79129E+00 3.43893E+00
 1.92752E+00 4.76427E-01 6.78350E-01 1.80032E+00 3.49203E+00
 1.94984E+00 4.77183E-01 6.79427E-01 1.80917E+00 3.54593E+00
 1.97242E+00 4.77925E-01 6.80482E-01 1.81783E+00 3.60065E+00
 1.99526E+00 4.78651E-01 6.81517E-01 1.82630E+00 3.65619E+00
 2.01837E+00 4.79363E-01 6.82531E-01 1.83458E+00 3.71257E+00
 2.04174E+00 4.80061E-01 6.83525E-01 1.84267E+00 3.76981E+00
 2.06538E+00 4.80745E-01 6.84498E-01 1.85056E+00 3.82791E+00
 2.08930E+00 4.81415E-01 6.85452E-01 1.85825E+00 3.88689E+00
 2.11349E+00 4.82072E-01 6.86387E-01 1.86574E+00 3.94677E+00
 2.13796E+00 4.82715E-01 6.87303E-01 1.87303E+00 4.00755E+00
 2.16272E+00 4.83345E-01 6.88200E-01 1.88012E+00 4.06926E+00
 2.18776E+00 4.83962E-01 6.89079E-01 1.88700E+00 4.13190E+00
 2.21309E+00 4.84567E-01 6.89940E-01 1.89367E+00 4.19549E+00
 2.23872E+00 4.85159E-01 6.90784E-01 1.90013E+00 4.26005E+00
 2.26464E+00 4.85740E-01 6.91610E-01 1.90638E+00 4.32559E+00
 2.29087E+00 4.86308E-01 6.92419E-01 1.91242E+00 4.39212E+00
 2.31739E+00 4.86864E-01 6.93211E-01 1.91824E+00 4.45965E+00
 2.34423E+00 4.87409E-01 6.93987E-01 1.92385E+00 4.52822E+00
 2.37137E+00 4.87943E-01 6.94747E-01 1.92924E+00 4.59782E+00
 2.39883E+00 4.88466E-01 6.95492E-01 1.93441E+00 4.66848E+00
 2.42661E+00 4.88978E-01 6.96220E-01 1.93937E+00 4.74020E+00
 2.45471E+00 4.89479E-01 6.96934E-01 1.94410E+00 4.81302E+00
 2.48313E+00 4.89970E-01 6.97633E-01 1.94862E+00 4.88693E+00
 2.51189E+00 4.90450E-01 6.98317E-01 1.95291E+00 4.96196E+00
 2.54097E+00 4.90921E-01 6.98987E-01 1.95699E+00 5.03812E+00
 2.57040E+00 4.91381E-01 6.99642E-01 1.96084E+00 5.11544E+00
 2.60016E+00 4.91832E-01 7.00284E-01 1.96447E+00 5.19391E+00
 2.63027E+00 4.92274E-01 7.00913E-01 1.96787E+00 5.27357E+00
 2.66073E+00 4.92706E-01 7.01528E-01 1.97106E+00 5.35443E+00
 2.69153E+00 4.93129E-01 7.02130E-01 1.97402E+00 5.43649E+00
 2.72270E+00 4.93543E-01 7.02720E-01 1.97676E+00 5.51979E+00
 2.75423E+00 4.93948E-01 7.03297E-01 1.97927E+00 5.60434E+00
 2.78612E+00 4.94344E-01 7.03861E-01 1.98157E+00 5.69015E+00
 2.81838E+00 4.94733E-01 7.04414E-01 1.98364E+00 5.77724E+00
 2.85102E+00 4.95112E-01 7.04955E-01 1.98549E+00 5.86562E+00
 2.88403E+00 4.95484E-01 7.05484E-01 1.98712E+00 5.95532E+00
 2.91743E+00 4.95848E-01 7.06003E-01 1.98854E+00 6.04635E+00
 2.95121E+00 4.96204E-01 7.06510E-01 1.98973E+00 6.13872E+00
 2.98538E+00 4.96553E-01 7.07006E-01 1.99070E+00 6.23246E+00
 3.01995E+00 4.96894E-01 7.07491E-01 1.99145E+00 6.32758E+00
 3.05492E+00 4.97227E-01 7.07966E-01 1.99199E+00 6.42410E+00
 3.09030E+00 4.97554E-01 7.08431E-01 1.99231E+00 6.52203E+00
 3.12608E+00 4.97873E-01 7.08886E-01 1.99242E+00 6.62139E+00
 3.16228E+00 4.98186E-01 7.09331E-01 1.99232E+00 6.72220E+00
 3.19890E+00 4.98492E-01 7.09767E-01 1.99200E+00 6.82447E+00
 3.23594E+00 4.98791E-01 7.10193E-01 1.99147E+00 6.92823E+00
 3.27341E+00 4.99084E-01 7.10610E-01 1.99073E+00 7.03348E+00
 3.31131E+00 4.99370E-01 7.11018E-01 1.98978E+00 7.14024E+00
 3.34965E+00 4.99651E-01 7.11417E-01 1.98863E+00 7.24854E+00
 3.38844E+00 4.99925E-01 7.11807E-01 1.98727E+00 7.35839E+00
 3.42768E+00 5.00193E-01 7.12189E-01 1.98571E+00 7.46980E+00
 3.46737E+00 5.00455E-01 7.12562E-01 1.98395E+00 7.58278E+00
 3.50752E+00 5.00712E-01 7.12928E-01 1.98199E+00 7.69737E+00
 3.54813E+00 5.00963E-01 7.13285E-01 1.97983E+00 7.81356E+00
 3.58922E+00 5.01209E-01 7.13635E-01 1.97748E+00 7.93139E+00
 3.63078E+00 5.01449E-01 7.13977E-01 1.97493E+00 8.05085E+00
 3.67282E+00 5.01684E-01 7.14312E-01 1.97219E+00 8.17198E+00
 3.71535E+00 5.01914E-01 7.14639E-01 1.96926E+00 8.29477E+00
 3.75837E+00 5.02139E-01 7.14959E-01 1.96614E+00 8.41926E+00
 3.80189E+00 5.02359E-01 7.15272E-01 1.96284E+00 8.54545E+00
 3.84592E+00 5.02574E-01 7.15578E-01 1.95936E+00 8.67335E+00
 3.89045E+00 5.02784E-01 7.15878E-01 1.95569E+00 8.80299E+00
 3.93550E+00 5.02990E-01 7.16171E-01 1.95185E+00 8.93438E+00
 3.98107E+00 5.03191E-01 7.16457E-01 1.94783E+00 9.06752E+00
 4.02717E+00 5.03388E-01 7.16738E-01 1.94363E+00 9.20244E+00
 4.07380E+00 5.03580E-01 7.17012E-01 1.93927E+00 9.33914E+00
 4.12098E+00 5.03769E-01 7.17280E-01 1.93474E+00 9.47764E+00
 4.16869E+00 5.03953E-01 7.17542E-01 1.93004E+00 9.61795E+00
 4.21697E+00 5.04133E-01 7.17798E-01 1.92517E+00 9.76008E+00
 4.26580E+00 5.04309E-01 7.18049E-01 1.92015E+00 9.90404E+00
 4.31519E+00 5.04481E-01 7.18294E-01 1.91497E+00 1.00499E+01
 4.36516E+00 5.04649E-01 7.18534E-01 1.90963E+00 1.01975E+01
 4.41570E+00 5.04814E-01 7.18768E-01 1.90413E+00 1.03470E+01
 4.46684E+00 5.04975E-01 7.18998E-01 1.89849E+00 1.04984E+01
 4.51856E+00 5.05132E-01 7.19222E-01 1.89270E+00 1.06517E+01
 4.57088E+00 5.05286E-01 7.19441E-01 1.88676E+00 1.08069E+01
 4.62381E+00 5.05437E-01 7.19655E-01 1.88068E+00 1.09640E+01
 4.67735E+00 5.05584E-01 7.19865E-01 1.87447E+00 1.11230E+01
 4.73151E+00 5.05728E-01 7.20070E-01 1.86811E+00 1.12839E+01
 4.78630E+00 5.05869E-01 7.20271E-01 1.86162E+00 1.14467E+01
 4.84172E+00 5.06007E-01 7.20467E-01 1.85500E+00 1.16114E+01
 4.89779E+00 5.06141E-01 7.20658E-01 1.84824E+00 1.17781E+01
 4.95450E+00 5.06273E-01 7.20846E-01 1.84137E+00 1.19467E+01
 5.01187E+00 5.06402E-01 7.21029E-01 1.83436E+00 1.21172E+01
 5.06991E+00 5.06527E-01 7.21208E-01 1.82724E+00 1.22897E+01
 5.12861E+00 5.06650E-01 7.21383E-01 1.82000E+00 1.24641E+01
 5.18800E+00 5.06771E-01 7.21554E-01 1.81264E+00 1.26405E+01
 5.24807E+00 5.06888E-01 7.21722E-01 1.80518E+00 1.28188E+01
 5.30884E+00 5.07003E-01 7.21885E-01 1.79760E+00 1.29990E+01
 5.37032E+00 5.07116E-01 7.22045E-01 1.78991E+00 1.31812E+01
 5.43250E+00 5.07226E-01 7.22202E-01 1.78212E+00 1.33653E+01
 5.49541E+00 5.07333E-01 7.22355E-01 1.77423E+00 1.35513E+01
 5.55904E+00 5.07438E-01 7.22505E-01 1.76624E+00 1.37393E+01
 5.62341E+00 5.07541E-01 7.22651E-01 1.75816E+00 1.39292E+01
 5.68853E+00 5.07641E-01 7.22794E-01 1.74998E+00 1.41210E+01
 5.75440E+00 5.07739E-01 7.22934E-01 1.74171E+00 1.43146E+01
 5.82103E+00 5.07835E-01 7.23070E-01 1.73335E+00 1.45102E+01
 5.88844E+00 5.07929E-01 7.23204E-01 1.72490E+00 1.47077E+01
 5.95662E+00 5.08021E-01 7.23334E-01 1.71638E+00 1.49071E+01
 6.02560E+00 5.08111E-01 7.23462E-01 1.70777E+00 1.51083E+01
 6.09537E+00 5.08198E-01 7.23587E-01 1.69909E+00 1.53113E+01
 6.16595E+00 5.08284E-01 7.23709E-01 1.69033E+00 1.55162E+01
 6.23735E+00 5.08368E-01 7.23828E-01 1.68150E+00 1.57229E+01
 6.30957E+00 5.08450E-01 7.23945E-01 1.67260E+00 1.59314E+01
 6.38263E+00 5.08530E-01 7.24059E-01 1.66363E+00 1.61416E+01
 6.45654E+00 5.08608E-01 7.24171E-01 1.65460E+00 1.63537E+01
 6.53131E+00 5.08685E-01 7.24280E-01 1.64550E+00 1.65674E+01
 6.60693E+00 5.08759E-01 7.24386E-01 1.63635E+00 1.67829E+01
 6.68344E+00 5.08833E-01 7.24490E-01 1.62714E+00 1.70000E+01
 6.76083E+00 5.08904E-01 7.24592E-01 1.61787E+00 1.72189E+01
 6.83912E+00 5.08974E-01 7.24692E-01 1.60855E+00 1.74393E+01
 6.91831E+00 5.09042E-01 7.24789E-01 1.59918E+00 1.76613E+01
 6.99842E+00 5.09109E-01 7.24884E-01 1.58977E+00 1.78849E+01
 7.07946E+00 5.09174E-01 7.24977E-01 1.58031E+00 1.81101E+01
 7.16143E+00 5.09238E-01 7.25068E-01 1.57080E+00 1.83367E+01
 7.24436E+00 5.09301E-01 7.25157E-01 1.56126E+00 1.85648E+01
 7.32825E+00 5.09362E-01 7.25243E-01 1.55168E+00 1.87944E+01
 7.41310E+00 5.09421E-01 7.25328E-01 1.54206E+00 1.90253E+01
 7.49894E+00 5.09480E-01 7.25411E-01 1.53240E+00 1.92576E+01
 7.58578E+00 5.09536E-01 7.25492E-01 1.52272E+00 1.94911E+01
 7.67361E+00 5.09592E-01 7.25572E-01 1.51301E+00 1.97260E+01
 7.76247E+00 5.09647E-01 7.25649E-01 1.50327E+00 1.99620E+01
 7.85236E+00 5.09700E-01 7.25725E-01 1.49350E+00 2.01992E+01
 7.94328E+00 5.09752E-01 7.25799E-01 1.48371E+00 2.04375E+01
 8.03526E+00 5.09803E-01 7.25871E-01 1.47390E+00 2.06769E+01
 8.12831E+00 5.09852E-01 7.25942E-01 1.46407E+00 2.09173E+01
 8.22243E+00 5.09901E-01 7.26011E-01 1.45422E+00 2.11586E+01
 8.31764E+00 5.09948E-01 7.26079E-01 1.44436E+00 2.14009E+01
 8.41395E+00 5.09995E-01 7.26145E-01 1.43448E+00 2.16439E+01
 8.51138E+00 5.10040E-01 7.26210E-01 1.42460E+00 2.18878E+01
 8.60994E+00 5.10085E-01 7.26273E-01 1.41470E+00 2.21323E+01
 8.70964E+00 5.10128E-01 7.26334E-01 1.40479E+00 2.23775E+01
 8.81049E+00 5.10170E-01 7.26395E-01 1.39488E+00 2.26233E+01
 8.91251E+00 5.10212E-01 7.26454E-01 1.38497E+00 2.28696E+01
 9.01571E+00 5.10252E-01 7.26511E-01 1.37505E+00 2.31163E+01
 9.12011E+00 5.10292E-01 7.26568E-01 1.36513E+00 2.33634E+01
 9.22571E+00 5.10330E-01 7.26623E-01 1.35522E+00 2.36108E+01
 9.33254E+00 5.10368E-01 7.26677E-01 1.34530E+00 2.38584E+01
 9.44061E+00 5.10405E-01 7.26729E-01 1.33539E+00 2.41062E+01
 9.54993E+00 5.10441E-01 7.26781E-01 1.32549E+00 2.43540E+01
 9.66051E+00 5.10477E-01 7.26831E-01 1.31559E+00 2.46017E+01
 9.77237E+00 5.10511E-01 7.26880E-01 1.30570E+00 2.48494E+01
 9.88553E+00 5.10545E-01 7.26928E-01 1.29582E+00 2.50969E+01
 1.00000E+01 5.10578E-01 7.26975E-01 1.28596E+00 2.53441E+01
 1.01158E+01 5.10610E-01 7.27021E-01 1.27610E+00 2.55910E+01
 1.02329E+01 5.10641E-01 7.27066E-01 1.26627E+00 2.58374E+01
 1.03514E+01 5.10672E-01 7.27109E-01 1.25644E+00 2.60833E+01
 1.04713E+01 5.10702E-01 7.27152E-01 1.24664E+00 2.63285E+01
 1.05925E+01 5.10732E-01 7.27194E-01 1.23685E+00 2.65730E+01
 1.07152E+01 5.10760E-01 7.27235E-01 1.22709E+00 2.68167E+01
 1.08393E+01 5.10789E-01 7.27275E-01 1.21734E+00 2.70594E+01
 1.09648E+01 5.10816E-01 7.27314E-01 1.20762E+00 2.73012E+01
 1.10917E+01 5.10843E-01 7.27352E-01 1.19792E+00 2.75418E+01
 1.12202E+01 5.10869E-01 7.27390E-01 1.18825E+00 2.77813E+01
 1.13501E+01 5.10895E-01 7.27426E-01 1.17860E+00 2.80194E+01
 1.14815E+01 5.10920E-01 7.27462E-01 1.16898E+00 2.82561E+01
 1.16145E+01 5.10944E-01 7.27497E-01 1.15939E+00 2.84913E+01
 1.17490E+01 5.10968E-01 7.27531E-01 1.14982E+00 2.87249E+01
 1.18850E+01 5.10992E-01 7.27564E-01 1.14029E+00 2.89567E+01
 1.20226E+01 5.11014E-01 7.27597E-01 1.13079E+00 2.91867E+01
 1.21619E+01 5.11037E-01 7.27628E-01 1.12132E+00 2.94148E+01
 1.23027E+01 5.11059E-01 7.27660E-01 1.11188E+00 2.96409E+01
 1.24451E+01 5.11080E-01 7.27690E-01 1.10248E+00 2.98648E+01
 1.25893E+01 5.11101E-01 7.27720E-01 1.09312E+00 3.00865E+01
 1.27350E+01 5.11121E-01 7.27749E-01 1.08378E+00 3.03059E+01
 1.28825E+01 5.11141E-01 7.27777E-01 1.07449E+00 3.05227E+01
 1.30317E+01 5.11161E-01 7.27805E-01 1.06524E+00 3.07371E+01
 1.31826E+01 5.11180E-01 7.27832E-01 1.05602E+00 3.09487E+01
 1.33352E+01 5.11198E-01 7.27858E-01 1.04684E+00 3.11576E+01
 1.34896E+01 5.11216E-01 7.27884E-01 1.03770E+00 3.13636E+01
 1.36458E+01 5.11234E-01 7.27910E-01 1.02860E+00 3.15667E+01
 1.38038E+01 5.11252E-01 7.27934E-01 1.01955E+00 3.17666E+01
 1.39637E+01 5.11269E-01 7.27959E-01 1.01053E+00 3.19634E+01
 1.41254E+01 5.11285E-01 7.27982E-01 1.00156E+00 3.21569E+01
 1.42889E+01 5.11301E-01 7.28005E-01 9.92633E-01 3.23470E+01
 1.44544E+01 5.11317E-01 7.28028E-01 9.83750E-01 3.25337E+01
 1.46218E+01 5.11333E-01 7.28050E-01 9.74910E-01 3.27167E+01
 1.47911E+01 5.11348E-01 7.28071E-01 9.69063E-01 3.28961E+01
 1.49624E+01 5.11363E-01 7.28093E-01 9.69091E-01 3.30718E+01
 1.51356E+01 5.11377E-01 7.28113E-01 9.69119E-01 3.32435E+01
 1.53109E+01 5.11391E-01 7.28133E-01 9.69145E-01 3.34114E+01
 1.54882E+01 5.11405E-01 7.28153E-01 9.69172E-01 3.35752E+01
 1.56675E+01 5.11419E-01 7.28172E-01 9.69197E-01 3.37348E+01
 1.58489E+01 5.11432E-01 7.28191E-01 9.69222E-01 3.38903E+01
 1.60325E+01 5.11445E-01 7.28209E-01 9.69247E-01 3.40415E+01
 1.62181E+01 5.11457E-01 7.28227E-01 9.69270E-01 3.41883E+01
 1.64059E+01 5.11470E-01 7.28245E-01 9.69294E-01 3.43306E+01
 1.65959E+01 5.11482E-01 7.28262E-01 9.69317E-01 3.44685E+01
 1.67880E+01 5.11493E-01 7.28279E-01 9.69339E-01 3.46017E+01
 1.69824E+01 5.11505E-01 7.28295E-01 9.69361E-01 3.47303E+01
 1.71791E+01 5.11516E-01 7.28311E-01 9.69382E-01 3.48542E+01
 1.73780E+01 5.11527E-01 7.28327E-01 9.69403E-01 3.49732E+01
 1.75792E+01 5.11538E-01 7.28342E-01 9.69423E-01 3.50875E+01
 1.77828E+01 5.11548E-01 7.28357E-01 9.69443E-01 3.51968E+01
 1.79887E+01 5.11559E-01 7.28372E-01 9.69462E-01 3.53011E+01
 1.81970E+01 5.11569E-01 7.28386E-01 9.69481E-01 3.54004E+01
 1.84077E+01 5.11578E-01 7.28400E-01 9.69500E-01 3.54947E+01
 1.86209E+01 5.11588E-01 7.28413E-01 9.69518E-01 3.55839E+01
 1.88365E+01 5.11597E-01 7.28427E-01 9.69536E-01 3.56679E+01
 1.90546E+01 5.11606E-01 7.28440E-01 9.69553E-01 3.57467E+01
 1.92752E+01 5.11615E-01 7.28452E-01 9.69570E-01 3.58204E+01
 1.94984E+01 5.11624E-01 7.28465E-01 9.69587E-01 3.58888E+01
 1.97242E+01 5.11633E-01 7.28477E-01 9.69603E-01 3.59519E+01
 1.99526E+01 5.11641E-01 7.28489E-01 9.69619E-01 3.60097E+01
 2.01837E+01 5.11649E-01 7.28500E-01 9.69634E-01 3.60622E+01
 2.04174E+01 5.11657E-01 7.28512E-01 9.69649E-01 3.61094E+01
 2.06538E+01 5.11665E-01 7.28523E-01 9.69664E-01 3.61512E+01
 2.08930E+01 5.11673E-01 7.28534E-01 9.69678E-01 3.61877E+01
 2.11349E+01 5.11680E-01 7.28544E-01 9.69693E-01 3.62189E+01
 2.13796E+01 5.11687E-01 7.28555E-01 9.69706E-01 3.62446E+01
 2.16272E+01 5.11694E-01 7.28565E-01 9.69720E-01 3.62651E+01
 2.18776E+01 5.11701E-01 7.28575E-01 9.69733E-01 3.62802E+01
 2.21309E+01 5.11708E-01 7.28584E-01 9.69746E-01 3.62900E+01
 2.23872E+01 5.11715E-01 7.28594E-01 9.69758E-01 3.62944E+01
 2.26464E+01 5.11721E-01 7.28603E-01 9.69771E-01 3.62936E+01
 2.29087E+01 5.11728E-01 7.28612E-01 9.69783E-01 3.62875E+01
 2.31739E+01 5.11734E-01 7.28621E-01 9.69794E-01 3.62761E+01
 2.34423E+01 5.11740E-01 7.28629E-01 9.69806E-01 3.62595E+01
 2.37137E+01 5.11746E-01 7.28638E-01 9.69817E-01 3.62377E+01
 2.39883E+01 5.11751E-01 7.28646E-01 9.69828E-01 3.62107E+01
 2.42661E+01 5.11757E-01 7.28654E-01 9.69839E-01 3.61787E+01
 2.45471E+01 5.11763E-01 7.28662E-01 9.69849E-01 3.61415E+01
 2.48313E+01 5.11768E-01 7.28670E-01 9.69859E-01 3.60993E+01
 2.51189E+01 5.11773E-01 7.28677E-01 9.69869E-01 3.60521E+01
 2.54097E+01 5.11778E-01 7.28685E-01 9.69879E-01 3.60000E+01
 2.57040E+01 5.11783E-01 7.28692E-01 9.69889E-01 3.59430E+01
 2.60016E+01 5.11788E-01 7.28699E-01 9.69898E-01 3.58812E+01
 2.63027E+01 5.11793E-01 7.28706E-01 9.69907E-01 3.58146E+01
 2.66073E+01 5.11798E-01 7.28712E-01 9.69916E-01 3.57432E+01
 2.69153E+01 5.11802E-01 7.28719E-01 9.69925E-01 3.56672E+01
 2.72270E+01 5.11807E-01 7.28725E-01 9.69933E-01 3.55867E+01
 2.75423E+01 5.11811E-01 7.28731E-01 9.69942E-01 3.55016E+01
 2.78612E+01 5.11816E-01 7.28738E-01 9.69950E-01 3.54121E+01
 2.81838E+01 5.11820E-01 7.28743E-01 9.69958E-01 3.53182E+01
 2.85102E+01 5.11824E-01 7.28749E-01 9.69965E-01 3.52199E+01
 2.88403E+01 5.11828E-01 7.28755E-01 9.69973E-01 3.51175E+01
 2.91743E+01 5.11832E-01 7.28761E-01 9.69980E-01 3.50109E+01
 2.95121E+01 5.11836E-01 7.28766E-01 9.69988E-01 3.49003E+01
 2.98538E+01 5.11839E-01 7.28771E-01 9.69995E-01 3.47856E+01
 3.01995E+01 5.11843E-01 7.28777E-01 9.70002E-01 3.46670E+01
 3.05492E+01 5.11847E-01 7.28782E-01 9.70008E-01 3.45446E+01
 3.09030E+01 5.11850E-01 7.28787E-01 9.70015E-01 3.44185E+01
 3.12608E+01 5.11854E-01 7.28791E-01 9.70021E-01 3.42887E+01
 3.16228E+01 5.11857E-01 7.28796E-01 9.70028E-01 3.41553E+01
 3.19890E+01 5.11860E-01 7.28801E-01 9.70034E-01 3.40185E+01
 3.23594E+01 5.11863E-01 7.28805E-01 9.70040E-01 3.38782E+01
 3.27341E+01 5.11866E-01 7.28810E-01 9.70046E-01 3.37346E+01
 3.31131E+01 5.11869E-01 7.28814E-01 9.70052E-01 3.35878E+01
 3.34965E+01 5.11872E-01 7.28818E-01 9.70057E-01 3.34379E+01
 3.38844E+01 5.11875E-01 7.28822E-01 9.70063E-01 3.32849E+01
 3.42768E+01 5.11878E-01 7.28826E-01 9.70068E-01 3.31290E+01
 3.46737E+01 5.11881E-01 7.28830E-01 9.70073E-01 3.29702E+01
 3.50752E+01 5.11884E-01 7.28834E-01 9.70078E-01 3.28086E+01
 3.54813E+01 5.11886E-01 7.28838E-01 9.70083E-01 3.26443E+01
 3.58922E+01 5.11889E-01 7.28842E-01 9.70088E-01 3.24775E+01
 3.63078E+01 5.11891E-01 7.28845E-01 9.70093E-01 3.23081E+01
 3.67282E+01 5.11894E-01 7.28849E-01 9.70098E-01 3.21363E+01
 3.71535E+01 5.11896E-01 7.28852E-01 9.70102E-01 3.19622E+01
 3.75837E+01 5.11899E-01 7.28856E-01 9.70107E-01 3.17859E+01
 3.80189E+01 5.11901E-01 7.28859E-01 9.70111E-01 3.16074E+01
 3.84592E+01 5.11903E-01 7.28862E-01 9.70115E-01 3.14268E+01
 3.89045E+01 5.11905E-01 7.28865E-01 9.70120E-01 3.12442E+01
 3.93550E+01 5.11908E-01 7.28868E-01 9.70124E-01 3.10598E+01
 3.98107E+01 5.11910E-01 7.28871E-01 9.70128E-01 3.08736E+01
 4.02717E+01 5.11912E-01 7.28874E-01 9.70132E-01 3.06856E+01
 4.07380E+01 5.11914E-01 7.28877E-01 9.70135E-01 3.04960E+01
 4.12098E+01 5.11916E-01 7.28880E-01 9.70139E-01 3.03048E+01
 4.16869E+01 5.11918E-01 7.28883E-01 9.70143E-01 3.01121E+01
 4.21697E+01 5.11919E-01 7.28885E-01 9.70146E-01 2.99181E+01
 4.26580E+01 5.11921E-01 7.28888E-01 9.70150E-01 2.97228E+01
 4.31519E+01 5.11923E-01 7.28890E-01 9.70153E-01 2.95262E+01
 4.36516E+01 5.11925E-01 7.28893E-01 9.70157E-01 2.93284E+01
 4.41570E+01 5.11927E-01 7.28895E-01 9.70160E-01 2.91296E+01
 4.46684E+01 5.11928E-01 7.28898E-01 9.70163E-01 2.89297E+01
 4.51856E+01 5.11930E-01 7.28900E-01 9.70166E-01 2.87290E+01
 4.57088E+01 5.11931E-01 7.28902E-01 9.70169E-01 2.85273E+01
 4.62381E+01 5.11933E-01 7.28905E-01 9.70172E-01 2.83249E+01
 4.67735E+01 5.11934E-01 7.28907E-01 9.70175E-01 2.81218E+01
 4.73151E+01 5.11936E-01 7.28909E-01 9.70178E-01 2.79180E+01
 4.78630E+01 5.11937E-01 7.28911E-01 9.70180E-01 2.77136E+01
 4.84172E+01 5.11939E-01 7.28913E-01 9.70183E-01 2.75087E+01
 4.89779E+01 5.11940E-01 7.28915E-01 9.70186E-01 2.73034E+01
 4.95450E+01 5.11942E-01 7.28917E-01 9.70188E-01 2.70976E+01
 5.01187E+01 5.11943E-01 7.28919E-01 9.70191E-01 2.68916E+01
 5.06991E+01 5.11944E-01 7.28921E-01 9.70193E-01 2.66853E+01
 5.12861E+01 5.11946E-01 7.28922E-01 9.70196E-01 2.64787E+01
 5.18800E+01 5.11947E-01 7.28924E-01 9.70198E-01 2.62720E+01
 5.24807E+01 5.11948E-01 7.28926E-01 9.70200E-01 2.60653E+01
 5.30884E+01 5.11949E-01 7.28928E-01 9.70203E-01 2.58585E+01
 5.37032E+01 5.11950E-01 7.28929E-01 9.70205E-01 2.56517E+01
 5.43250E+01 5.11951E-01 7.28931E-01 9.70207E-01 2.54450E+01
 5.49541E+01 5.11953E-01 7.28932E-01 9.70209E-01 2.52384E+01
 5.55904E+01 5.11954E-01 7.28934E-01 9.70211E-01 2.50319E+01
 5.62341E+01 5.11955E-01 7.28935E-01 9.70213E-01 2.48257E+01
 5.68853E+01 5.11956E-01 7.28937E-01 9.70215E-01 2.46198E+01
 5.75440E+01 5.11957E-01 7.28938E-01 9.70217E-01 2.44141E+01
 5.82103E+01 5.11958E-01 7.28940E-01 9.70219E-01 2.42089E+01
 5.88844E+01 5.11959E-01 7.28941E-01 9.70221E-01 2.40040E+01
 5.95662E+01 5.11960E-01 7.28942E-01 9.70222E-01 2.37995E+01
 6.02560E+01 5.11961E-01 7.28944E-01 9.70224E-01 2.35956E+01
 6.09537E+01 5.11961E-01 7.28945E-01 9.70226E-01 2.33921E+01
 6.16595E+01 5.11962E-01 7.28946E-01 9.70228E-01 2.31893E+01
 6.23735E+01 5.11963E-01 7.28948E-01 9.70229E-01 2.29870E+01
 6.30957E+01 5.11964E-01 7.28949E-01 9.70231E-01 2.27853E+01
 6.38263E+01 5.11965E-01 7.28950E-01 9.70232E-01 2.25843E+01
 6.45654E+01 5.11966E-01 7.28951E-01 9.70234E-01 2.23840E+01
 6.53131E+01 5.11966E-01 7.28952E-01 9.70235E-01 2.21844E+01
 6.60693E+01 5.11967E-01 7.28953E-01 9.70237E-01 2.19856E+01
 6.68344E+01 5.11968E-01 7.28954E-01 9.70238E-01 2.17876E+01
 6.76083E+01 5.11969E-01 7.28955E-01 9.70240E-01 2.15904E+01
 6.83912E+01 5.11969E-01 7.28956E-01 9.70241E-01 2.13940E+01
 6.91831E+01 5.11970E-01 7.28957E-01 9.70242E-01 2.11985E+01
 6.99842E+01 5.11971E-01 7.28958E-01 9.70244E-01 2.10039E+01
 7.07946E+01 5.11971E-01 7.28959E-01 9.70245E-01 2.08102E+01
 7.16143E+01 5.11972E-01 7.28960E-01 9.70246E-01 2.06175E+01
 7.24436E+01 5.11973E-01 7.28961E-01 9.70247E-01 2.04257E+01
 7.32825E+01 5.11973E-01 7.28962E-01 9.70248E-01 2.02349E+01
 7.41310E+01 5.11974E-01 7.28963E-01 9.70250E-01 2.00451E+01
 7.49894E+01 5.11974E-01 7.28964E-01 9.70251E-01 1.98564E+01
 7.58578E+01 5.11975E-01 7.28965E-01 9.70252E-01 1.96686E+01
 7.67361E+01 5.11976E-01 7.28965E-01 9.70253E-01 1.94820E+01
 7.76247E+01 5.11976E-01 7.28966E-01 9.70254E-01 1.92964E+01
 7.85236E+01 5.11977E-01 7.28967E-01 9.70255E-01 1.91119E+01
 7.94328E+01 5.11977E-01 7.28968E-01 9.70256E-01 1.89285E+01
 8.03526E+01 5.11978E-01 7.28968E-01 9.70257E-01 1.87463E+01
 8.12831E+01 5.11978E-01 7.28969E-01 9.70258E-01 1.85651E+01
 8.22243E+01 5.11979E-01 7.28970E-01 9.70259E-01 1.83852E+01
 8.31764E+01 5.11979E-01 7.28970E-01 9.70260E-01 1.82063E+01
 8.41395E+01 5.11980E-01 7.28971E-01 9.70261E-01 1.80287E+01
 8.51138E+01 5.11980E-01 7.28972E-01 9.70261E-01 1.78522E+01
 8.60994E+01 5.11981E-01 7.28972E-01 9.70262E-01 1.76769E+01
 8.70964E+01 5.11981E-01 7.28973E-01 9.70263E-01 1.75028E+01
 8.81049E+01 5.11982E-01 7.28974E-01 9.70264E-01 1.73300E+01
 8.91251E+01 5.11982E-01 7.28974E-01 9.70265E-01 1.71583E+01
 9.01571E+01 5.11982E-01 7.28975E-01 9.70266E-01 1.69878E+01
 9.12011E+01 5.11983E-01 7.28975E-01 9.70266E-01 1.68186E+01
 9.22571E+01 5.11983E-01 7.28976E-01 9.70267E-01 1.66506E+01
 9.33254E+01 5.11984E-01 7.28977E-01 9.70268E-01 1.64839E+01
 9.44061E+01 5.11984E-01 7.28977E-01 9.70268E-01 1.63184E+01
 9.54993E+01 5.11984E-01 7.28978E-01 9.70269E-01 1.61541E+01
 9.66051E+01 5.11985E-01 7.28978E-01 9.70270E-01 1.59911E+01
 9.77237E+01 5.11985E-01 7.28979E-01 9.70271E-01 1.58293E+01
 9.88553E+01 5.11985E-01 7.28979E-01 9.70271E-01 1.56688E+01
 1.00000E+02 5.11986E-01 7.28980E-01 9.70272E-01 1.55096E+01
