 1.00000E-02 1.88735E-02 3.55432E-02 6.37913E-02 6.84893E-02
 2.00000E-02 1.88675E-02 3.55257E-02 6.39124E-02 6.85003E-02
 3.00000E-02 1.88649E-02 3.54964E-02 6.38265E-02 6.84449E-02
 4.00000E-02 1.88544E-02 3.54555E-02 6.37289E-02 6.83204E-02
 5.00000E-02 1.88373E-02 3.54046E-02 6.35925E-02 6.81659E-02
 6.00000E-02 1.88157E-02 3.53435E-02 6.34239E-02 6.79829E-02
 7.00000E-02 1.87925E-02 3.52697E-02 6.32297E-02 6.77588E-02
 8.00000E-02 1.87652E-02 3.51842E-02 6.30003E-02 6.75053E-02
 9.00000E-02 1.87338E-02 3.50875E-02 6.27467E-02 6.72181E-02
 1.00000E-01 1.87008E-02 3.49803E-02 6.24624E-02 6.68972E-02
 1.10000E-01 1.86643E-02 3.48634E-02 6.21492E-02 6.65477E-02
 1.20000E-01 1.86263E-02 3.47384E-02 6.18124E-02 6.61659E-02
 1.30000E-01 1.85862E-02 3.46049E-02 6.14494E-02 6.57582E-02
 1.40000E-01 1.85458E-02 3.44640E-02 6.10625E-02 6.53226E-02
 1.50000E-01 1.85051E-02 3.43177E-02 6.06560E-02 6.48640E-02
 1.60000E-01 1.84654E-02 3.41676E-02 6.02310E-02 6.43841E-02
 1.70000E-01 1.84277E-02 3.40147E-02 5.97904E-02 6.38854E-02
 1.80000E-01 1.83933E-02 3.38623E-02 5.93375E-02 6.33738E-02
 1.90000E-01 1.83636E-02 3.37115E-02 5.88770E-02 6.28512E-02
 2.00000E-01 1.83401E-02 3.35661E-02 5.84129E-02 6.23227E-02
 2.10000E-01 1.83246E-02 3.34282E-02 5.79497E-02 6.17946E-02
 2.20000E-01 1.83190E-02 3.33011E-02 5.74926E-02 6.12712E-02
 2.30000E-01 1.83251E-02 3.31886E-02 5.70478E-02 6.07590E-02
 2.40000E-01 1.83451E-02 3.30943E-02 5.66220E-02 6.02657E-02
 2.50000E-01 1.83814E-02 3.30222E-02 5.62212E-02 5.97974E-02
 2.60000E-01 1.84362E-02 3.29768E-02 5.58536E-02 5.93631E-02
 2.70000E-01 1.85118E-02 3.29621E-02 5.55265E-02 5.89703E-02
 2.80000E-01 1.86108E-02 3.29830E-02 5.52486E-02 5.86286E-02
 2.90000E-01 1.87355E-02 3.30440E-02 5.50280E-02 5.83465E-02
 3.00000E-01 1.88882E-02 3.31497E-02 5.48732E-02 5.81333E-02
 3.10000E-01 1.90712E-02 3.33047E-02 5.47928E-02 5.79981E-02
 3.20000E-01 1.92865E-02 3.35130E-02 5.47947E-02 5.79498E-02
 3.30000E-01 1.95359E-02 3.37785E-02 5.48873E-02 5.79969E-02
 3.40000E-01 1.98211E-02 3.41048E-02 5.50769E-02 5.81467E-02
 3.50000E-01 2.01435E-02 3.44949E-02 5.53701E-02 5.84062E-02
 3.60000E-01 2.05042E-02 3.49512E-02 5.57722E-02 5.87812E-02
 3.70000E-01 2.09042E-02 3.54757E-02 5.62872E-02 5.92760E-02
 3.80000E-01 2.13439E-02 3.60699E-02 5.69183E-02 5.98941E-02
 3.90000E-01 2.18240E-02 3.67348E-02 5.76674E-02 6.32826E-02
 4.00000E-01 2.23446E-02 3.74708E-02 5.85356E-02 6.69767E-02
 4.10000E-01 2.29060E-02 3.82781E-02 5.95230E-02 7.07723E-02
 4.20000E-01 2.35079E-02 3.91565E-02 6.06290E-02 7.46717E-02
 4.30000E-01 2.41503E-02 4.01055E-02 6.18523E-02 7.86727E-02
 4.40000E-01 2.48330E-02 4.11245E-02 6.31912E-02 8.27744E-02
 4.50000E-01 2.55557E-02 4.22128E-02 6.46436E-02 8.69784E-02
 4.60000E-01 2.63183E-02 4.33695E-02 6.62071E-02 9.12842E-02
 4.70000E-01 2.71203E-02 4.45937E-02 6.78793E-02 9.56900E-02
 4.80000E-01 2.79616E-02 4.58845E-02 6.96577E-02 1.00198E-01
 4.90000E-01 2.88418E-02 4.72411E-02 7.15399E-02 1.04806E-01
 5.00000E-01 2.97608E-02 4.86627E-02 7.45759E-02 1.09514E-01
 5.10000E-01 3.07183E-02 5.01484E-02 7.82439E-02 1.14323E-01
 5.20000E-01 3.17142E-02 5.16976E-02 8.19994E-02 1.19232E-01
 5.30000E-01 3.27484E-02 5.33097E-02 8.58432E-02 1.24241E-01
 5.40000E-01 3.38206E-02 5.49842E-02 8.97746E-02 1.29349E-01
 5.50000E-01 3.49310E-02 5.67205E-02 9.37935E-02 1.34556E-01
 5.60000E-01 3.60794E-02 5.85184E-02 9.78999E-02 1.39864E-01
 5.70000E-01 3.72659E-02 6.03775E-02 1.02094E-01 1.45269E-01
 5.80000E-01 3.84905E-02 6.22976E-02 1.06375E-01 1.50774E-01
 5.90000E-01 3.97532E-02 6.42785E-02 1.10744E-01 1.56376E-01
 6.00000E-01 4.10542E-02 6.63202E-02 1.15201E-01 1.62078E-01
 6.10000E-01 4.23936E-02 6.84226E-02 1.19744E-01 1.67876E-01
 6.20000E-01 4.37716E-02 7.05858E-02 1.24376E-01 1.73773E-01
 6.30000E-01 4.51883E-02 7.28100E-02 1.29094E-01 1.79767E-01
 6.40000E-01 4.66440E-02 7.50952E-02 1.33900E-01 1.85859E-01
 6.50000E-01 4.81388E-02 7.74417E-02 1.38793E-01 1.92046E-01
 6.60000E-01 4.96730E-02 7.98498E-02 1.43774E-01 1.98331E-01
 6.70000E-01 5.12469E-02 8.23197E-02 1.48841E-01 2.04712E-01
 6.80000E-01 5.28607E-02 8.48520E-02 1.53996E-01 2.11189E-01
 6.90000E-01 5.45148E-02 8.74469E-02 1.59239E-01 2.17762E-01
 7.00000E-01 5.62094E-02 9.01050E-02 1.64568E-01 2.24431E-01
 7.10000E-01 5.79421E-02 9.28267E-02 1.69985E-01 2.31195E-01
 7.20000E-01 5.96896E-02 9.56112E-02 1.75489E-01 2.38054E-01
 7.30000E-01 6.14458E-02 9.84242E-02 1.81081E-01 2.45007E-01
 7.40000E-01 6.32097E-02 1.01250E-01 1.86760E-01 2.52055E-01
 7.50000E-01 6.49806E-02 1.04086E-01 1.92526E-01 2.59197E-01
 7.60000E-01 6.67576E-02 1.06933E-01 1.98379E-01 2.66433E-01
 7.70000E-01 6.85399E-02 1.09788E-01 2.04320E-01 2.73762E-01
 7.80000E-01 7.03268E-02 1.12650E-01 2.10348E-01 2.81186E-01
 7.90000E-01 7.21175E-02 1.15518E-01 2.16463E-01 2.88702E-01
 8.00000E-01 7.39112E-02 1.18391E-01 2.22666E-01 2.96310E-01
 8.10000E-01 7.57072E-02 1.21268E-01 2.28956E-01 3.04011E-01
 8.20000E-01 7.75048E-02 1.24148E-01 2.35333E-01 3.11804E-01
 8.30000E-01 7.93034E-02 1.27029E-01 2.41798E-01 3.19689E-01
 8.40000E-01 8.11023E-02 1.29910E-01 2.48351E-01 3.27666E-01
 8.50000E-01 8.29008E-02 1.32791E-01 2.54991E-01 3.35734E-01
 8.60000E-01 8.46985E-02 1.35671E-01 2.61718E-01 3.43892E-01
 8.70000E-01 8.64946E-02 1.38548E-01 2.68533E-01 3.52142E-01
 8.80000E-01 8.82887E-02 1.41421E-01 2.75436E-01 3.60481E-01
 8.90000E-01 9.00802E-02 1.44291E-01 2.82426E-01 3.68911E-01
 9.00000E-01 9.18685E-02 1.47156E-01 2.89504E-01 3.77430E-01
 9.10000E-01 9.36532E-02 1.50014E-01 2.96669E-01 3.86039E-01
 9.20000E-01 9.54338E-02 1.52867E-01 3.03922E-01 3.94737E-01
 9.30000E-01 9.72099E-02 1.55711E-01 3.11263E-01 4.03523E-01
 9.40000E-01 9.89809E-02 1.58548E-01 3.18692E-01 4.12398E-01
 9.50000E-01 1.00747E-01 1.61376E-01 3.26208E-01 4.21361E-01
 9.60000E-01 1.02506E-01 1.64195E-01 3.33812E-01 4.30412E-01
 9.70000E-01 1.04260E-01 1.67004E-01 3.41504E-01 4.39550E-01
 9.80000E-01 1.06007E-01 1.69803E-01 3.49284E-01 4.48776E-01
 9.90000E-01 1.07747E-01 1.72590E-01 3.57152E-01 4.58088E-01
 1.00000E+00 1.09480E-01 1.75366E-01 3.65108E-01 4.67486E-01
 1.01158E+00 1.11477E-01 1.78565E-01 3.74431E-01 4.78477E-01
 1.02329E+00 1.13487E-01 1.81784E-01 3.83981E-01 4.89712E-01
 1.03514E+00 1.15509E-01 1.85022E-01 3.93765E-01 5.01196E-01
 1.04713E+00 1.17541E-01 1.88278E-01 4.03789E-01 5.12934E-01
 1.05925E+00 1.19585E-01 1.91552E-01 4.14057E-01 5.24932E-01
 1.07152E+00 1.21638E-01 1.94841E-01 4.24576E-01 5.37194E-01
 1.08393E+00 1.23701E-01 1.98145E-01 4.35352E-01 5.49727E-01
 1.09648E+00 1.25773E-01 2.01464E-01 4.46392E-01 5.62535E-01
 1.10917E+00 1.27854E-01 2.04797E-01 4.57701E-01 5.75624E-01
 1.12202E+00 1.29942E-01 2.08141E-01 4.69286E-01 5.88999E-01
 1.13501E+00 1.32037E-01 2.11498E-01 4.81154E-01 6.02667E-01
 1.14815E+00 1.34139E-01 2.14864E-01 4.93312E-01 6.16633E-01
 1.16145E+00 1.36247E-01 2.18241E-01 5.05766E-01 6.30903E-01
 1.17490E+00 1.38360E-01 2.21625E-01 5.18524E-01 6.45483E-01
 1.18850E+00 1.40478E-01 2.25018E-01 5.31594E-01 6.60379E-01
 1.20226E+00 1.42600E-01 2.28417E-01 5.44982E-01 6.75597E-01
 1.21619E+00 1.44725E-01 2.31822E-01 5.58698E-01 6.91143E-01
 1.23027E+00 1.46854E-01 2.35231E-01 5.72748E-01 7.07024E-01
 1.24451E+00 1.48984E-01 2.38644E-01 5.87093E-01 7.23246E-01
 1.25893E+00 1.51117E-01 2.42060E-01 6.01658E-01 7.39816E-01
 1.27350E+00 1.53251E-01 2.45478E-01 6.16441E-01 7.56740E-01
 1.28825E+00 1.55385E-01 2.48897E-01 6.31440E-01 7.74026E-01
 1.30317E+00 1.57519E-01 2.52316E-01 6.46657E-01 7.91678E-01
 1.31826E+00 1.59653E-01 2.55733E-01 6.62090E-01 8.09706E-01
 1.33352E+00 1.61786E-01 2.59150E-01 6.77738E-01 8.28115E-01
 1.34896E+00 1.63917E-01 2.62563E-01 6.93603E-01 8.46914E-01
 1.36458E+00 1.66045E-01 2.65973E-01 7.09681E-01 8.66108E-01
 1.38038E+00 1.68171E-01 2.69378E-01 7.25974E-01 8.85705E-01
 1.39637E+00 1.70294E-01 2.72778E-01 7.42480E-01 9.05714E-01
 1.41254E+00 1.72412E-01 2.76171E-01 7.59197E-01 9.26140E-01
 1.42889E+00 1.74527E-01 2.79558E-01 7.76126E-01 9.46992E-01
 1.44544E+00 1.76636E-01 2.82937E-01 7.93264E-01 9.68278E-01
 1.46218E+00 1.78740E-01 2.86308E-01 8.10611E-01 9.90004E-01
 1.47911E+00 1.80839E-01 2.89669E-01 8.28164E-01 1.01218E+00
 1.49624E+00 1.82931E-01 2.93020E-01 8.45924E-01 1.03481E+00
 1.51356E+00 1.85016E-01 2.96360E-01 8.63887E-01 1.05791E+00
 1.53109E+00 1.87094E-01 2.99688E-01 8.82053E-01 1.08148E+00
 1.54882E+00 1.89164E-01 3.03004E-01 9.00419E-01 1.10554E+00
 1.56675E+00 1.91226E-01 3.06308E-01 9.18984E-01 1.13008E+00
 1.58489E+00 1.93280E-01 3.09597E-01 9.37745E-01 1.15512E+00
 1.60325E+00 1.95325E-01 3.12873E-01 9.56701E-01 1.18067E+00
 1.62181E+00 1.97361E-01 3.16133E-01 9.75848E-01 1.20674E+00
 1.64059E+00 1.99386E-01 3.19379E-01 9.95185E-01 1.23333E+00
 1.65959E+00 2.01402E-01 3.22608E-01 1.01471E+00 1.26046E+00
 1.67880E+00 2.03408E-01 3.25820E-01 1.03442E+00 1.28814E+00
 1.69824E+00 2.05403E-01 3.29016E-01 1.05430E+00 1.31636E+00
 1.71791E+00 2.07387E-01 3.32194E-01 1.07437E+00 1.34515E+00
 1.73780E+00 2.09360E-01 3.35353E-01 1.09461E+00 1.37452E+00
 1.75792E+00 2.11321E-01 3.38495E-01 1.11503E+00 1.40447E+00
 1.77828E+00 2.13270E-01 3.41617E-01 1.13561E+00 1.43502E+00
 1.79887E+00 2.15207E-01 3.44720E-01 1.15635E+00 1.46617E+00
 1.81970E+00 2.17132E-01 3.47803E-01 1.17726E+00 1.49795E+00
 1.84077E+00 2.19044E-01 3.50865E-01 1.19832E+00 1.53035E+00
 1.86209E+00 2.20943E-01 3.53908E-01 1.21953E+00 1.56341E+00
 1.88365E+00 2.22829E-01 3.56929E-01 1.24089E+00 1.59714E+00
 1.90546E+00 2.24702E-01 3.59929E-01 1.26240E+00 1.63155E+00
 1.92752E+00 2.26561E-01 3.62908E-01 1.28404E+00 1.66667E+00
 1.94984E+00 2.28407E-01 3.65864E-01 1.30582E+00 1.70253E+00
 1.97242E+00 2.30240E-01 3.68799E-01 1.32772E+00 1.73904E+00
 1.99526E+00 2.32058E-01 3.71712E-01 1.34974E+00 1.77616E+00
 2.01837E+00 2.33862E-01 3.74602E-01 1.37189E+00 1.81390E+00
 2.04174E+00 2.35652E-01 3.77469E-01 1.39414E+00 1.85226E+00
 2.06538E+00 2.37428E-01 3.80313E-01 1.41650E+00 1.89126E+00
 2.08930E+00 2.39189E-01 3.83134E-01 1.43895E+00 1.93091E+00
 2.11349E+00 2.40936E-01 3.85933E-01 1.46150E+00 1.97121E+00
 2.13796E+00 2.42668E-01 3.88707E-01 1.48414E+00 2.01217E+00
 2.16272E+00 2.44386E-01 3.91459E-01 1.50685E+00 2.05381E+00
 2.18776E+00 2.46089E-01 3.94187E-01 1.52964E+00 2.09612E+00
 2.21309E+00 2.47777E-01 3.96891E-01 1.55249E+00 2.13912E+00
 2.23872E+00 2.49450E-01 3.99571E-01 1.57540E+00 2.18282E+00
 2.26464E+00 2.51109E-01 4.02228E-01 1.59835E+00 2.22723E+00
 2.29087E+00 2.52753E-01 4.04861E-01 1.62135E+00 2.27236E+00
 2.31739E+00 2.54382E-01 4.07470E-01 1.64438E+00 2.31821E+00
 2.34423E+00 2.55996E-01 4.10056E-01 1.66744E+00 2.36480E+00
 2.37137E+00 2.57595E-01 4.12618E-01 1.69051E+00 2.41213E+00
 2.39883E+00 2.59180E-01 4.15155E-01 1.71360E+00 2.46021E+00
 2.42661E+00 2.60749E-01 4.17670E-01 1.73668E+00 2.50906E+00
 2.45471E+00 2.62304E-01 4.20160E-01 1.75975E+00 2.55869E+00
 2.48313E+00 2.63844E-01 4.22627E-01 1.78280E+00 2.60909E+00
 2.51189E+00 2.65369E-01 4.25070E-01 1.80583E+00 2.66029E+00
 2.54097E+00 2.66880E-01 4.27490E-01 1.82882E+00 2.71229E+00
 2.57040E+00 2.68376E-01 4.29886E-01 1.85176E+00 2.76510E+00
 2.60016E+00 2.69857E-01 4.32259E-01 1.87464E+00 2.81873E+00
 2.63027E+00 2.71324E-01 4.34609E-01 1.89745E+00 2.87319E+00
 2.66073E+00 2.72777E-01 4.36936E-01 1.92019E+00 2.92849E+00
 2.69153E+00 2.74215E-01 4.39239E-01 1.94285E+00 2.98465E+00
 2.72270E+00 2.75639E-01 4.41520E-01 1.96540E+00 3.04166E+00
 2.75423E+00 2.77048E-01 4.43778E-01 1.98785E+00 3.09954E+00
 2.78612E+00 2.78444E-01 4.46013E-01 2.01017E+00 3.15831E+00
 2.81838E+00 2.79825E-01 4.48226E-01 2.03237E+00 3.21796E+00
 2.85102E+00 2.81193E-01 4.50416E-01 2.05443E+00 3.27851E+00
 2.88403E+00 2.82546E-01 4.52585E-01 2.07634E+00 3.33997E+00
 2.91743E+00 2.83886E-01 4.54731E-01 2.09809E+00 3.40235E+00
 2.95121E+00 2.85212E-01 4.56855E-01 2.11967E+00 3.46565E+00
 2.98538E+00 2.86525E-01 4.58958E-01 2.14106E+00 3.52990E+00
 3.01995E+00 2.87824E-01 4.61039E-01 2.16226E+00 3.59510E+00
 3.05492E+00 2.89110E-01 4.63099E-01 2.18326E+00 3.66125E+00
 3.09030E+00 2.90383E-01 4.65138E-01 2.20404E+00 3.72837E+00
 3.12608E+00 2.91643E-01 4.67155E-01 2.22460E+00 3.79647E+00
 3.16228E+00 2.92889E-01 4.69152E-01 2.24493E+00 3.86556E+00
 3.19890E+00 2.94123E-01 4.71128E-01 2.26500E+00 3.93564E+00
 3.23594E+00 2.95344E-01 4.73084E-01 2.28482E+00 4.00674E+00
 3.27341E+00 2.96552E-01 4.75020E-01 2.30438E+00 4.07885E+00
 3.31131E+00 2.97748E-01 4.76935E-01 2.32365E+00 4.15199E+00
 3.34965E+00 2.98932E-01 4.78831E-01 2.34264E+00 4.22616E+00
 3.38844E+00 3.00103E-01 4.80707E-01 2.36133E+00 4.30139E+00
 3.42768E+00 3.01262E-01 4.82563E-01 2.37972E+00 4.37767E+00
 3.46737E+00 3.02409E-01 4.84400E-01 2.39779E+00 4.45502E+00
 3.50752E+00 3.03544E-01 4.86218E-01 2.41553E+00 4.53344E+00
 3.54813E+00 3.04667E-01 4.88018E-01 2.43294E+00 4.61296E+00
 3.58922E+00 3.05779E-01 4.89798E-01 2.45000E+00 4.69357E+00
 3.63078E+00 3.06879E-01 4.91560E-01 2.46671E+00 4.77528E+00
 3.67282E+00 3.07967E-01 4.93304E-01 2.48306E+00 4.85812E+00
 3.71535E+00 3.09044E-01 4.95029E-01 2.49904E+00 4.94208E+00
 3.75837E+00 3.10110E-01 4.96737E-01 2.51464E+00 5.02718E+00
 3.80189E+00 3.11165E-01 4.98427E-01 2.52985E+00 5.11342E+00
 3.84592E+00 3.12209E-01 5.00099E-01 2.54467E+00 5.20082E+00
 3.89045E+00 3.13242E-01 5.01754E-01 2.55909E+00 5.28939E+00
 3.93550E+00 3.14265E-01 5.03392E-01 2.57311E+00 5.37914E+00
 3.98107E+00 3.15277E-01 5.05012E-01 2.58670E+00 5.47007E+00
 4.02717E+00 3.16278E-01 5.06616E-01 2.59988E+00 5.56220E+00
 4.07380E+00 3.17269E-01 5.08204E-01 2.61263E+00 5.65553E+00
 4.12098E+00 3.18250E-01 5.09774E-01 2.62495E+00 5.75008E+00
 4.16869E+00 3.19220E-01 5.11329E-01 2.63684E+00 5.84586E+00
 4.21697E+00 3.20181E-01 5.12868E-01 2.64828E+00 5.94287E+00
 4.26580E+00 3.21131E-01 5.14390E-01 2.65927E+00 6.04113E+00
 4.31519E+00 3.22072E-01 5.15897E-01 2.66981E+00 6.14065E+00
 4.36516E+00 3.23003E-01 5.17388E-01 2.67990E+00 6.24143E+00
 4.41570E+00 3.23924E-01 5.18864E-01 2.68952E+00 6.34349E+00
 4.46684E+00 3.24836E-01 5.20325E-01 2.69869E+00 6.44684E+00
 4.51856E+00 3.25739E-01 5.21771E-01 2.70739E+00 6.55148E+00
 4.57088E+00 3.26632E-01 5.23201E-01 2.71562E+00 6.65743E+00
 4.62381E+00 3.27516E-01 5.24617E-01 2.72339E+00 6.76469E+00
 4.67735E+00 3.28391E-01 5.26019E-01 2.73068E+00 6.87328E+00
 4.73151E+00 3.29257E-01 5.27406E-01 2.73750E+00 6.98321E+00
 4.78630E+00 3.30114E-01 5.28779E-01 2.74385E+00 7.09448E+00
 4.84172E+00 3.30962E-01 5.30137E-01 2.74972E+00 7.20711E+00
 4.89779E+00 3.31802E-01 5.31482E-01 2.75512E+00 7.32110E+00
 4.95450E+00 3.32633E-01 5.32813E-01 2.76004E+00 7.43647E+00
 5.01187E+00 3.33455E-01 5.34130E-01 2.76449E+00 7.55322E+00
 5.06991E+00 3.34269E-01 5.35434E-01 2.76847E+00 7.67138E+00
 5.12861E+00 3.35074E-01 5.36724E-01 2.77198E+00 7.79093E+00
 5.18800E+00 3.35872E-01 5.38002E-01 2.77501E+00 7.91190E+00
 5.24807E+00 3.36661E-01 5.39266E-01 2.77758E+00 8.03430E+00
 5.30884E+00 3.37442E-01 5.40517E-01 2.77968E+00 8.15813E+00
 5.37032E+00 3.38215E-01 5.41755E-01 2.78132E+00 8.28340E+00
 5.43250E+00 3.38980E-01 5.42981E-01 2.78249E+00 8.41013E+00
 5.49541E+00 3.39737E-01 5.44194E-01 2.78321E+00 8.53832E+00
 5.55904E+00 3.40487E-01 5.45394E-01 2.78347E+00 8.66798E+00
 5.62341E+00 3.41229E-01 5.46583E-01 2.78328E+00 8.79913E+00
 5.68853E+00 3.41963E-01 5.47759E-01 2.78265E+00 8.93177E+00
 5.75440E+00 3.42690E-01 5.48923E-01 2.78157E+00 9.06591E+00
 5.82103E+00 3.43409E-01 5.50075E-01 2.78005E+00 9.20156E+00
 5.88844E+00 3.44121E-01 5.51216E-01 2.77810E+00 9.33872E+00
 5.95662E+00 3.44826E-01 5.52345E-01 2.77572E+00 9.47742E+00
 6.02560E+00 3.45524E-01 5.53462E-01 2.77291E+00 9.61765E+00
 6.09537E+00 3.46214E-01 5.54568E-01 2.76969E+00 9.75943E+00
 6.16595E+00 3.46897E-01 5.55662E-01 2.76605E+00 9.90276E+00
 6.23735E+00 3.47573E-01 5.56745E-01 2.76201E+00 1.00477E+01
 6.30957E+00 3.48243E-01 5.57818E-01 2.75756E+00 1.01941E+01
 6.38263E+00 3.48905E-01 5.58879E-01 2.75272E+00 1.03422E+01
 6.45654E+00 3.49561E-01 5.59929E-01 2.74749E+00 1.04918E+01
 6.53131E+00 3.50210E-01 5.60968E-01 2.74188E+00 1.06430E+01
 6.60693E+00 3.50852E-01 5.61997E-01 2.73589E+00 1.07959E+01
 6.68344E+00 3.51488E-01 5.63015E-01 2.72954E+00 1.09503E+01
 6.76083E+00 3.52117E-01 5.64023E-01 2.72282E+00 1.11064E+01
 6.83912E+00 3.52740E-01 5.65021E-01 2.71574E+00 1.12641E+01
 6.91831E+00 3.53356E-01 5.66008E-01 2.70832E+00 1.14234E+01
 6.99842E+00 3.53966E-01 5.66985E-01 2.70056E+00 1.15844E+01
 7.07946E+00 3.54569E-01 5.67952E-01 2.69246E+00 1.17470E+01
 7.16143E+00 3.55167E-01 5.68908E-01 2.68404E+00 1.19112E+01
 7.24436E+00 3.55758E-01 5.69856E-01 2.67529E+00 1.20771E+01
 7.32825E+00 3.56343E-01 5.70793E-01 2.66624E+00 1.22447E+01
 7.41310E+00 3.56922E-01 5.71720E-01 2.65688E+00 1.24140E+01
 7.49894E+00 3.57495E-01 5.72638E-01 2.64723E+00 1.25849E+01
 7.58578E+00 3.58063E-01 5.73547E-01 2.63729E+00 1.27575E+01
 7.67361E+00 3.58624E-01 5.74446E-01 2.62706E+00 1.29318E+01
 7.76247E+00 3.59179E-01 5.75336E-01 2.61657E+00 1.31077E+01
 7.85236E+00 3.59729E-01 5.76216E-01 2.60580E+00 1.32854E+01
 7.94328E+00 3.60273E-01 5.77088E-01 2.59478E+00 1.34647E+01
 8.03526E+00 3.60811E-01 5.77950E-01 2.58351E+00 1.36458E+01
 8.12831E+00 3.61344E-01 5.78804E-01 2.57200E+00 1.38285E+01
 8.22243E+00 3.61871E-01 5.79648E-01 2.56025E+00 1.40130E+01
 8.31764E+00 3.62393E-01 5.80484E-01 2.54827E+00 1.41991E+01
 8.41395E+00 3.62909E-01 5.81311E-01 2.53607E+00 1.43870E+01
 8.51138E+00 3.63420E-01 5.82129E-01 2.52366E+00 1.45765E+01
 8.60994E+00 3.63926E-01 5.82939E-01 2.51105E+00 1.47678E+01
 8.70964E+00 3.64426E-01 5.83740E-01 2.49823E+00 1.49607E+01
 8.81049E+00 3.64921E-01 5.84533E-01 2.48523E+00 1.51554E+01
 8.91251E+00 3.65411E-01 5.85318E-01 2.47204E+00 1.53518E+01
 9.01571E+00 3.65896E-01 5.86094E-01 2.45868E+00 1.55498E+01
 9.12011E+00 3.66375E-01 5.86863E-01 2.44515E+00 1.57496E+01
 9.22571E+00 3.66850E-01 5.87623E-01 2.43145E+00 1.59510E+01
 9.33254E+00 3.67320E-01 5.88375E-01 2.41760E+00 1.61541E+01
 9.44061E+00 3.67784E-01 5.89119E-01 2.40361E+00 1.63589E+01
 9.54993E+00 3.68244E-01 5.89856E-01 2.38947E+00 1.65654E+01
 9.66051E+00 3.68699E-01 5.90585E-01 2.37520E+00 1.67736E+01
 9.77237E+00 3.69149E-01 5.91306E-01 2.36080E+00 1.69834E+01
 9.88553E+00 3.69595E-01 5.92019E-01 2.34628E+00 1.71948E+01
 1.00000E+01 3.70035E-01 5.92725E-01 2.33164E+00 1.74079E+01
 1.01158E+01 3.70471E-01 5.93423E-01 2.31690E+00 1.76227E+01
 1.02329E+01 3.70903E-01 5.94114E-01 2.30205E+00 1.78390E+01
 1.03514E+01 3.71329E-01 5.94798E-01 2.28711E+00 1.80570E+01
 1.04713E+01 3.71752E-01 5.95474E-01 2.27208E+00 1.82766E+01
 1.05925E+01 3.72170E-01 5.96144E-01 2.25696E+00 1.84977E+01
 1.07152E+01 3.72583E-01 5.96806E-01 2.24177E+00 1.87205E+01
 1.08393E+01 3.72992E-01 5.97461E-01 2.22650E+00 1.89448E+01
 1.09648E+01 3.73397E-01 5.98109E-01 2.21117E+00 1.91706E+01
 1.10917E+01 3.73797E-01 5.98750E-01 2.19577E+00 1.93979E+01
 1.12202E+01 3.74193E-01 5.99385E-01 2.18032E+00 1.96268E+01
 1.13501E+01 3.74585E-01 6.00012E-01 2.16482E+00 1.98571E+01
 1.14815E+01 3.74972E-01 6.00633E-01 2.14927E+00 2.00889E+01
 1.16145E+01 3.75356E-01 6.01248E-01 2.13368E+00 2.03222E+01
 1.17490E+01 3.75735E-01 6.01855E-01 2.11806E+00 2.05569E+01
 1.18850E+01 3.76111E-01 6.02457E-01 2.10241E+00 2.07929E+01
 1.20226E+01 3.76482E-01 6.03051E-01 2.08673E+00 2.10303E+01
 1.21619E+01 3.76849E-01 6.03640E-01 2.07102E+00 2.12691E+01
 1.23027E+01 3.77213E-01 6.04222E-01 2.05530E+00 2.15092E+01
 1.24451E+01 3.77572E-01 6.04798E-01 2.03957E+00 2.17506E+01
 1.25893E+01 3.77928E-01 6.05367E-01 2.02383E+00 2.19932E+01
 1.27350E+01 3.78280E-01 6.05931E-01 2.00809E+00 2.22371E+01
 1.28825E+01 3.78628E-01 6.06488E-01 1.99234E+00 2.24821E+01
 1.30317E+01 3.78972E-01 6.07040E-01 1.97660E+00 2.27283E+01
 1.31826E+01 3.79312E-01 6.07585E-01 1.96087E+00 2.29757E+01
 1.33352E+01 3.79649E-01 6.08125E-01 1.94515E+00 2.32241E+01
 1.34896E+01 3.79983E-01 6.08659E-01 1.92944E+00 2.34735E+01
 1.36458E+01 3.80312E-01 6.09187E-01 1.91376E+00 2.37240E+01
 1.38038E+01 3.80638E-01 6.09709E-01 1.89809E+00 2.39754E+01
 1.39637E+01 3.80961E-01 6.10226E-01 1.88245E+00 2.42277E+01
 1.41254E+01 3.81280E-01 6.10737E-01 1.86683E+00 2.44809E+01
 1.42889E+01 3.81596E-01 6.11242E-01 1.85125E+00 2.47349E+01
 1.44544E+01 3.81908E-01 6.11743E-01 1.83571E+00 2.49897E+01
 1.46218E+01 3.82217E-01 6.12237E-01 1.82020E+00 2.52452E+01
 1.47911E+01 3.82522E-01 6.12726E-01 1.80473E+00 2.55014E+01
 1.49624E+01 3.82824E-01 6.13210E-01 1.78930E+00 2.57583E+01
 1.51356E+01 3.83123E-01 6.13689E-01 1.77392E+00 2.60156E+01
 1.53109E+01 3.83419E-01 6.14163E-01 1.75859E+00 2.62735E+01
 1.54882E+01 3.83711E-01 6.14631E-01 1.74330E+00 2.65319E+01
 1.56675E+01 3.84000E-01 6.15094E-01 1.72807E+00 2.67906E+01
 1.58489E+01 3.84286E-01 6.15552E-01 1.71290E+00 2.70497E+01
 1.60325E+01 3.84569E-01 6.16006E-01 1.69778E+00 2.73091E+01
 1.62181E+01 3.84849E-01 6.16454E-01 1.68272E+00 2.75686E+01
 1.64059E+01 3.85126E-01 6.16897E-01 1.66773E+00 2.78283E+01
 1.65959E+01 3.85400E-01 6.17336E-01 1.65280E+00 2.80881E+01
 1.67880E+01 3.85671E-01 6.17770E-01 1.63793E+00 2.83478E+01
 1.69824E+01 3.85938E-01 6.18199E-01 1.62313E+00 2.86075E+01
 1.71791E+01 3.86203E-01 6.18623E-01 1.60840E+00 2.88670E+01
 1.73780E+01 3.86465E-01 6.19043E-01 1.59374E+00 2.91264E+01
 1.75792E+01 3.86724E-01 6.19458E-01 1.57915E+00 2.93854E+01
 1.77828E+01 3.86981E-01 6.19868E-01 1.56463E+00 2.96440E+01
 1.79887E+01 3.87234E-01 6.20274E-01 1.55019E+00 2.99022E+01
 1.81970E+01 3.87485E-01 6.20676E-01 1.53583E+00 3.01599E+01
 1.84077E+01 3.87733E-01 6.21073E-01 1.52154E+00 3.04169E+01
 1.86209E+01 3.87978E-01 6.21466E-01 1.50734E+00 3.06733E+01
 1.88365E+01 3.88221E-01 6.21855E-01 1.49321E+00 3.09289E+01
 1.90546E+01 3.88461E-01 6.22239E-01 1.47917E+00 3.11835E+01
 1.92752E+01 3.88698E-01 6.22619E-01 1.46520E+00 3.14373E+01
 1.94984E+01 3.88933E-01 6.22995E-01 1.45132E+00 3.16899E+01
 1.97242E+01 3.89165E-01 6.23366E-01 1.43753E+00 3.19415E+01
 1.99526E+01 3.89394E-01 6.23734E-01 1.42382E+00 3.21918E+01
 2.01837E+01 3.89621E-01 6.24098E-01 1.41019E+00 3.24407E+01
 2.04174E+01 3.89846E-01 6.24457E-01 1.39666E+00 3.26883E+01
 2.06538E+01 3.90068E-01 6.24813E-01 1.38321E+00 3.29343E+01
 2.08930E+01 3.90287E-01 6.25164E-01 1.36985E+00 3.31788E+01
 2.11349E+01 3.90504E-01 6.25512E-01 1.35658E+00 3.34215E+01
 2.13796E+01 3.90719E-01 6.25856E-01 1.34339E+00 3.36624E+01
 2.16272E+01 3.90931E-01 6.26196E-01 1.33030E+00 3.39013E+01
 2.18776E+01 3.91141E-01 6.26533E-01 1.31730E+00 3.41383E+01
 2.21309E+01 3.91349E-01 6.26865E-01 1.30439E+00 3.43732E+01
 2.23872E+01 3.91554E-01 6.27194E-01 1.29157E+00 3.46059E+01
 2.26464E+01 3.91758E-01 6.27520E-01 1.27884E+00 3.48362E+01
 2.29087E+01 3.91958E-01 6.27842E-01 1.26620E+00 3.50641E+01
 2.31739E+01 3.92157E-01 6.28160E-01 1.25366E+00 3.52895E+01
 2.34423E+01 3.92354E-01 6.28475E-01 1.24121E+00 3.55123E+01
 2.37137E+01 3.92548E-01 6.28786E-01 1.22886E+00 3.57324E+01
 2.39883E+01 3.92740E-01 6.29093E-01 1.21659E+00 3.59496E+01
 2.42661E+01 3.92930E-01 6.29398E-01 1.20442E+00 3.61639E+01
 2.45471E+01 3.93118E-01 6.29699E-01 1.19234E+00 3.63752E+01
 2.48313E+01 3.93304E-01 6.29996E-01 1.18036E+00 3.65834E+01
 2.51189E+01 3.93487E-01 6.30291E-01 1.16847E+00 3.67883E+01
 2.54097E+01 3.93669E-01 6.30582E-01 1.15668E+00 3.69898E+01
 2.57040E+01 3.93849E-01 6.30870E-01 1.14498E+00 3.71880E+01
 2.60016E+01 3.94026E-01 6.31154E-01 1.13337E+00 3.73825E+01
 2.63027E+01 3.94202E-01 6.31436E-01 1.12185E+00 3.75735E+01
 2.66073E+01 3.94376E-01 6.31714E-01 1.11043E+00 3.77607E+01
 2.69153E+01 3.94548E-01 6.31989E-01 1.09911E+00 3.79441E+01
 2.72270E+01 3.94718E-01 6.32261E-01 1.08787E+00 3.81235E+01
 2.75423E+01 3.94886E-01 6.32531E-01 1.07673E+00 3.82989E+01
 2.78612E+01 3.95052E-01 6.32797E-01 1.06569E+00 3.84702E+01
 2.81838E+01 3.95216E-01 6.33060E-01 1.05473E+00 3.86373E+01
 2.85102E+01 3.95379E-01 6.33320E-01 1.04387E+00 3.88001E+01
 2.88403E+01 3.95539E-01 6.33578E-01 1.03310E+00 3.89585E+01
 2.91743E+01 3.95698E-01 6.33832E-01 1.02243E+00 3.91124E+01
 2.95121E+01 3.95855E-01 6.34084E-01 1.01184E+00 3.92618E+01
 2.98538E+01 3.96011E-01 6.34332E-01 1.00135E+00 3.94065E+01
 3.01995E+01 3.96164E-01 6.34579E-01 9.90951E-01 3.95465E+01
 3.05492E+01 3.96316E-01 6.34822E-01 9.80642E-01 3.96817E+01
 3.09030E+01 3.96466E-01 6.35062E-01 9.70423E-01 3.98120E+01
 3.12608E+01 3.96615E-01 6.35300E-01 9.60296E-01 3.99373E+01
 3.16228E+01 3.96762E-01 6.35536E-01 9.50258E-01 4.00577E+01
 3.19890E+01 3.96907E-01 6.35768E-01 9.40311E-01 4.01729E+01
 3.23594E+01 3.97051E-01 6.35998E-01 9.31165E-01 4.02830E+01
 3.27341E+01 3.97193E-01 6.36226E-01 9.31498E-01 4.03879E+01
 3.31131E+01 3.97333E-01 6.36451E-01 9.31827E-01 4.04875E+01
 3.34965E+01 3.97472E-01 6.36673E-01 9.32153E-01 4.05818E+01
 3.38844E+01 3.97609E-01 6.36893E-01 9.32475E-01 4.06707E+01
 3.42768E+01 3.97745E-01 6.37110E-01 9.32793E-01 4.07541E+01
 3.46737E+01 3.97879E-01 6.37325E-01 9.33108E-01 4.08321E+01
 3.50752E+01 3.98012E-01 6.37538E-01 9.33419E-01 4.09046E+01
 3.54813E+01 3.98143E-01 6.37748E-01 9.33727E-01 4.09715E+01
 3.58922E+01 3.98273E-01 6.37956E-01 9.34032E-01 4.10329E+01
 3.63078E+01 3.98401E-01 6.38162E-01 9.34332E-01 4.10886E+01
 3.67282E+01 3.98528E-01 6.38365E-01 9.34630E-01 4.11386E+01
 3.71535E+01 3.98654E-01 6.38566E-01 9.34924E-01 4.11830E+01
 3.75837E+01 3.98778E-01 6.38765E-01 9.35215E-01 4.12217E+01
 3.80189E+01 3.98900E-01 6.38961E-01 9.35503E-01 4.12547E+01
 3.84592E+01 3.99021E-01 6.39155E-01 9.35787E-01 4.12819E+01
 3.89045E+01 3.99141E-01 6.39347E-01 9.36068E-01 4.13035E+01
 3.93550E+01 3.99260E-01 6.39537E-01 9.36347E-01 4.13192E+01
 3.98107E+01 3.99377E-01 6.39725E-01 9.36621E-01 4.13293E+01
 4.02717E+01 3.99493E-01 6.39911E-01 9.36893E-01 4.13336E+01
 4.07380E+01 3.99608E-01 6.40094E-01 9.37162E-01 4.13322E+01
 4.12098E+01 3.99721E-01 6.40276E-01 9.37428E-01 4.13250E+01
 4.16869E+01 3.99833E-01 6.40455E-01 9.37691E-01 4.13122E+01
 4.21697E+01 3.99944E-01 6.40633E-01 9.37951E-01 4.12936E+01
 4.26580E+01 4.00054E-01 6.40808E-01 9.38208E-01 4.12694E+01
 4.31519E+01 4.00162E-01 6.40982E-01 9.38462E-01 4.12396E+01
 4.36516E+01 4.00269E-01 6.41153E-01 9.38713E-01 4.12041E+01
 4.41570E+01 4.00375E-01 6.41323E-01 9.38961E-01 4.11630E+01
 4.46684E+01 4.00480E-01 6.41491E-01 9.39207E-01 4.11164E+01
 4.51856E+01 4.00583E-01 6.41657E-01 9.39450E-01 4.10643E+01
 4.57088E+01 4.00685E-01 6.41821E-01 9.39690E-01 4.10068E+01
 4.62381E+01 4.00787E-01 6.41983E-01 9.39927E-01 4.09438E+01
 4.67735E+01 4.00887E-01 6.42143E-01 9.40162E-01 4.08754E+01
 4.73151E+01 4.00986E-01 6.42302E-01 9.40394E-01 4.08017E+01
 4.78630E+01 4.01084E-01 6.42458E-01 9.40623E-01 4.07228E+01
 4.84172E+01 4.01180E-01 6.42613E-01 9.40850E-01 4.06386E+01
 4.89779E+01 4.01276E-01 6.42766E-01 9.41074E-01 4.05494E+01
 4.95450E+01 4.01370E-01 6.42918E-01 9.41296E-01 4.04550E+01
 5.01187E+01 4.01464E-01 6.43068E-01 9.41515E-01 4.03556E+01
 5.06991E+01 4.01556E-01 6.43216E-01 9.41732E-01 4.02513E+01
 5.12861E+01 4.01648E-01 6.43362E-01 9.41946E-01 4.01421E+01
 5.18800E+01 4.01738E-01 6.43507E-01 9.42158E-01 4.00281E+01
 5.24807E+01 4.01828E-01 6.43650E-01 9.42368E-01 3.99094E+01
 5.30884E+01 4.01916E-01 6.43791E-01 9.42575E-01 3.97860E+01
 5.37032E+01 4.02003E-01 6.43931E-01 9.42780E-01 3.96581E+01
 5.43250E+01 4.02090E-01 6.44070E-01 9.42982E-01 3.95257E+01
 5.49541E+01 4.02175E-01 6.44206E-01 9.43183E-01 3.93890E+01
 5.55904E+01 4.02259E-01 6.44342E-01 9.43381E-01 3.92479E+01
 5.62341E+01 4.02343E-01 6.44475E-01 9.43576E-01 3.91026E+01
 5.68853E+01 4.02425E-01 6.44608E-01 9.43770E-01 3.89531E+01
 5.75440E+01 4.02507E-01 6.44738E-01 9.43961E-01 3.87997E+01
 5.82103E+01 4.02588E-01 6.44867E-01 9.44150E-01 3.86423E+01
 5.88844E+01 4.02667E-01 6.44995E-01 9.44338E-01 3.84810E+01
 5.95662E+01 4.02746E-01 6.45122E-01 9.44522E-01 3.83160E+01
 6.02560E+01 4.02824E-01 6.45246E-01 9.44705E-01 3.81473E+01
 6.09537E+01 4.02901E-01 6.45370E-01 9.44886E-01 3.79751E+01
 6.16595E+01 4.02977E-01 6.45492E-01 9.45065E-01 3.77994E+01
 6.23735E+01 4.03053E-01 6.45613E-01 9.45242E-01 3.76203E+01
 6.30957E+01 4.03127E-01 6.45732E-01 9.45416E-01 3.74380E+01
 6.38263E+01 4.03201E-01 6.45850E-01 9.45589E-01 3.72524E+01
 6.45654E+01 4.03274E-01 6.45967E-01 9.45760E-01 3.70639E+01
 6.53131E+01 4.03346E-01 6.46082E-01 9.45929E-01 3.68723E+01
 6.60693E+01 4.03417E-01 6.46196E-01 9.46096E-01 3.66779E+01
 6.68344E+01 4.03487E-01 6.46309E-01 9.46261E-01 3.64806E+01
 6.76083E+01 4.03557E-01 6.46420E-01 9.46424E-01 3.62807E+01
 6.83912E+01 4.03626E-01 6.46530E-01 9.46585E-01 3.60783E+01
 6.91831E+01 4.03694E-01 6.46639E-01 9.46745E-01 3.58733E+01
 6.99842E+01 4.03761E-01 6.46747E-01 9.46902E-01 3.56660E+01
 7.07946E+01 4.03827E-01 6.46854E-01 9.47058E-01 3.54564E+01
 7.16143E+01 4.03893E-01 6.46959E-01 9.47212E-01 3.52446E+01
 7.24436E+01 4.03958E-01 6.47063E-01 9.47365E-01 3.50307E+01
 7.32825E+01 4.04022E-01 6.47166E-01 9.47515E-01 3.48148E+01
 7.41310E+01 4.04086E-01 6.47268E-01 9.47664E-01 3.45970E+01
 7.49894E+01 4.04149E-01 6.47368E-01 9.47812E-01 3.43774E+01
 7.58578E+01 4.04211E-01 6.47468E-01 9.47957E-01 3.41561E+01
 7.67361E+01 4.04272E-01 6.47566E-01 9.48101E-01 3.39332E+01
 7.76247E+01 4.04333E-01 6.47663E-01 9.48244E-01 3.37087E+01
 7.85236E+01 4.04393E-01 6.47759E-01 9.48384E-01 3.34828E+01
 7.94328E+01 4.04452E-01 6.47854E-01 9.48523E-01 3.32556E+01
 8.03526E+01 4.04511E-01 6.47948E-01 9.48661E-01 3.30271E+01
 8.12831E+01 4.04569E-01 6.48041E-01 9.48797E-01 3.27974E+01
 8.22243E+01 4.04626E-01 6.48133E-01 9.48931E-01 3.25666E+01
 8.31764E+01 4.04683E-01 6.48224E-01 9.49064E-01 3.23349E+01
 8.41395E+01 4.04739E-01 6.48313E-01 9.49196E-01 3.21022E+01
 8.51138E+01 4.04794E-01 6.48402E-01 9.49326E-01 3.18686E+01
 8.60994E+01 4.04849E-01 6.48490E-01 9.49454E-01 3.16343E+01
 8.70964E+01 4.04903E-01 6.48577E-01 9.49581E-01 3.13993E+01
 8.81049E+01 4.04957E-01 6.48662E-01 9.49707E-01 3.11638E+01
 8.91251E+01 4.05010E-01 6.48747E-01 9.49831E-01 3.09276E+01
 9.01571E+01 4.05062E-01 6.48831E-01 9.49954E-01 3.06911E+01
 9.12011E+01 4.05114E-01 6.48914E-01 9.50075E-01 3.04541E+01
 9.22571E+01 4.05165E-01 6.48996E-01 9.50195E-01 3.02169E+01
 9.33254E+01 4.05215E-01 6.49077E-01 9.50313E-01 2.99793E+01
 9.44061E+01 4.05265E-01 6.49157E-01 9.50431E-01 2.97417E+01
 9.54993E+01 4.05315E-01 6.49236E-01 9.50547E-01 2.95039E+01
 9.66051E+01 4.05364E-01 6.49314E-01 9.50661E-01 2.92660E+01
 9.77237E+01 4.05412E-01 6.49392E-01 9.50774E-01 2.90282E+01
 9.88553E+01 4.05460E-01 6.49468E-01 9.50886E-01 2.87905E+01
 1.00000E+02 4.05507E-01 6.49544E-01 9.50997E-01 2.85529E+01
