 1.00000E-02 1.88841E-02 3.55564E-02 6.39689E-02 6.85606E-02
 2.00000E-02 1.89210E-02 3.55782E-02 6.39548E-02 6.85652E-02
 3.00000E-02 1.89652E-02 3.56204E-02 6.39313E-02 6.85300E-02
 4.00000E-02 1.90307E-02 3.56748E-02 6.38991E-02 6.84739E-02
 5.00000E-02 1.91150E-02 3.57450E-02 6.38604E-02 6.84115E-02
 6.00000E-02 1.92213E-02 3.58376E-02 6.38202E-02 6.83382E-02
 7.00000E-02 1.93538E-02 3.59569E-02 6.37884E-02 6.82695E-02
 8.00000E-02 1.95188E-02 3.61130E-02 6.37800E-02 6.82195E-02
 9.00000E-02 1.97243E-02 3.63193E-02 6.38161E-02 6.82124E-02
 1.00000E-01 1.99804E-02 3.65932E-02 6.39238E-02 6.82755E-02
 1.10000E-01 2.02992E-02 3.69543E-02 6.41356E-02 6.84439E-02
 1.20000E-01 2.06942E-02 3.74260E-02 6.44898E-02 6.87572E-02
 1.30000E-01 2.11801E-02 3.80335E-02 6.50277E-02 6.92612E-02
 1.40000E-01 2.17717E-02 3.88040E-02 6.57958E-02 7.00047E-02
 1.50000E-01 2.24842E-02 3.97646E-02 6.68415E-02 7.10381E-02
 1.60000E-01 2.33313E-02 4.09419E-02 6.82120E-02 7.24129E-02
 1.70000E-01 2.43253E-02 4.23594E-02 6.99512E-02 7.41757E-02
 1.80000E-01 2.54765E-02 4.40369E-02 7.20962E-02 7.63673E-02
 1.90000E-01 2.67924E-02 4.59895E-02 7.46760E-02 7.90188E-02
 2.00000E-01 2.82788E-02 4.82275E-02 7.77093E-02 8.21513E-02
 2.10000E-01 2.99393E-02 5.07567E-02 8.12055E-02 8.57742E-02
 2.20000E-01 3.17762E-02 5.35796E-02 8.51651E-02 8.98880E-02
 2.30000E-01 3.37910E-02 5.66960E-02 8.95818E-02 9.44853E-02
 2.40000E-01 3.59845E-02 6.01042E-02 9.44447E-02 9.95530E-02
 2.50000E-01 3.83575E-02 6.38016E-02 9.97398E-02 1.05074E-01
 2.60000E-01 4.09109E-02 6.77854E-02 1.05452E-01 1.11031E-01
 2.70000E-01 4.36456E-02 7.20531E-02 1.11565E-01 1.17403E-01
 2.80000E-01 4.65630E-02 7.66026E-02 1.18065E-01 1.24173E-01
 2.90000E-01 4.96646E-02 8.14321E-02 1.24937E-01 1.31322E-01
 3.00000E-01 5.29523E-02 8.65404E-02 1.32170E-01 1.38834E-01
 3.10000E-01 5.64283E-02 9.19271E-02 1.39751E-01 1.46695E-01
 3.20000E-01 6.00950E-02 9.75920E-02 1.47672E-01 1.54894E-01
 3.30000E-01 6.39549E-02 1.03535E-01 1.55925E-01 1.63419E-01
 3.40000E-01 6.80108E-02 1.09758E-01 1.64504E-01 1.72264E-01
 3.50000E-01 7.22656E-02 1.16261E-01 1.73405E-01 1.81422E-01
 3.60000E-01 7.67095E-02 1.23045E-01 1.82624E-01 1.90891E-01
 3.70000E-01 8.12241E-02 1.30111E-01 1.92161E-01 2.00669E-01
 3.80000E-01 8.57730E-02 1.37392E-01 2.02015E-01 2.10758E-01
 3.90000E-01 9.03476E-02 1.44719E-01 2.12187E-01 2.21160E-01
 4.00000E-01 9.49398E-02 1.52075E-01 2.22680E-01 2.31880E-01
 4.10000E-01 9.95419E-02 1.59447E-01 2.33446E-01 2.42926E-01
 4.20000E-01 1.04147E-01 1.66823E-01 2.44245E-01 2.54162E-01
 4.30000E-01 1.08747E-01 1.74192E-01 2.55034E-01 2.65390E-01
 4.40000E-01 1.13337E-01 1.81545E-01 2.65799E-01 2.76592E-01
 4.50000E-01 1.17911E-01 1.88871E-01 2.76526E-01 2.87754E-01
 4.60000E-01 1.22463E-01 1.96163E-01 2.87202E-01 2.98863E-01
 4.70000E-01 1.26989E-01 2.03412E-01 2.97815E-01 3.09907E-01
 4.80000E-01 1.31483E-01 2.10610E-01 3.08355E-01 3.20875E-01
 4.90000E-01 1.35942E-01 2.17752E-01 3.18811E-01 3.31756E-01
 5.00000E-01 1.40361E-01 2.24832E-01 3.29176E-01 3.42542E-01
 5.10000E-01 1.44738E-01 2.31843E-01 3.39441E-01 3.53223E-01
 5.20000E-01 1.49069E-01 2.38780E-01 3.49598E-01 3.63793E-01
 5.30000E-01 1.53352E-01 2.45640E-01 3.59642E-01 3.74245E-01
 5.40000E-01 1.57584E-01 2.52419E-01 3.69567E-01 3.84573E-01
 5.50000E-01 1.61763E-01 2.59113E-01 3.79367E-01 3.94771E-01
 5.60000E-01 1.65887E-01 2.65718E-01 3.89038E-01 4.04835E-01
 5.70000E-01 1.69954E-01 2.72234E-01 3.98577E-01 4.16508E-01
 5.80000E-01 1.73964E-01 2.78656E-01 4.07981E-01 4.29983E-01
 5.90000E-01 1.77914E-01 2.84984E-01 4.17246E-01 4.43587E-01
 6.00000E-01 1.81805E-01 2.91216E-01 4.26370E-01 4.57315E-01
 6.10000E-01 1.85635E-01 2.97351E-01 4.35352E-01 4.71164E-01
 6.20000E-01 1.89404E-01 3.03388E-01 4.44191E-01 4.85129E-01
 6.30000E-01 1.93111E-01 3.09326E-01 4.52884E-01 4.99207E-01
 6.40000E-01 1.96756E-01 3.15165E-01 4.61433E-01 5.13394E-01
 6.50000E-01 2.00339E-01 3.20904E-01 4.69836E-01 5.27686E-01
 6.60000E-01 2.03860E-01 3.26544E-01 4.78094E-01 5.42080E-01
 6.70000E-01 2.07319E-01 3.32085E-01 4.86206E-01 5.56572E-01
 6.80000E-01 2.10717E-01 3.37527E-01 4.94174E-01 5.71158E-01
 6.90000E-01 2.14053E-01 3.42871E-01 5.01997E-01 5.85835E-01
 7.00000E-01 2.17328E-01 3.48117E-01 5.09678E-01 6.00599E-01
 7.10000E-01 2.20542E-01 3.53266E-01 5.17217E-01 6.15447E-01
 7.20000E-01 2.23697E-01 3.58319E-01 5.24615E-01 6.30375E-01
 7.30000E-01 2.26792E-01 3.63277E-01 5.33911E-01 6.45380E-01
 7.40000E-01 2.29829E-01 3.68141E-01 5.45397E-01 6.60459E-01
 7.50000E-01 2.32807E-01 3.72912E-01 5.56799E-01 6.75607E-01
 7.60000E-01 2.35728E-01 3.77591E-01 5.68117E-01 6.90823E-01
 7.70000E-01 2.38593E-01 3.82179E-01 5.79348E-01 7.06103E-01
 7.80000E-01 2.41402E-01 3.86679E-01 5.90493E-01 7.21442E-01
 7.90000E-01 2.44156E-01 3.91090E-01 6.01549E-01 7.36839E-01
 8.00000E-01 2.46856E-01 3.95415E-01 6.12517E-01 7.52291E-01
 8.10000E-01 2.49502E-01 3.99655E-01 6.23395E-01 7.67793E-01
 8.20000E-01 2.52097E-01 4.03811E-01 6.34184E-01 7.83343E-01
 8.30000E-01 2.54640E-01 4.07884E-01 6.44881E-01 7.98939E-01
 8.40000E-01 2.57133E-01 4.11877E-01 6.55487E-01 8.14577E-01
 8.50000E-01 2.59576E-01 4.15791E-01 6.66002E-01 8.30254E-01
 8.60000E-01 2.61970E-01 4.19626E-01 6.76425E-01 8.45969E-01
 8.70000E-01 2.64317E-01 4.23385E-01 6.86756E-01 8.61718E-01
 8.80000E-01 2.66617E-01 4.27069E-01 6.96994E-01 8.77499E-01
 8.90000E-01 2.68871E-01 4.30679E-01 7.07140E-01 8.93310E-01
 9.00000E-01 2.71080E-01 4.34217E-01 7.17194E-01 9.09150E-01
 9.10000E-01 2.73245E-01 4.37685E-01 7.27154E-01 9.25015E-01
 9.20000E-01 2.75366E-01 4.41083E-01 7.37022E-01 9.40905E-01
 9.30000E-01 2.77445E-01 4.44414E-01 7.46797E-01 9.56818E-01
 9.40000E-01 2.79483E-01 4.47678E-01 7.56478E-01 9.72752E-01
 9.50000E-01 2.81480E-01 4.50876E-01 7.66067E-01 9.88707E-01
 9.60000E-01 2.83437E-01 4.54012E-01 7.75563E-01 1.00468E+00
 9.70000E-01 2.85356E-01 4.57085E-01 7.84966E-01 1.02067E+00
 9.80000E-01 2.87236E-01 4.60096E-01 7.94277E-01 1.03668E+00
 9.90000E-01 2.89079E-01 4.63048E-01 8.03494E-01 1.05268E+00
 1.00000E+00 2.90885E-01 4.65942E-01 8.12618E-01 1.06869E+00
 1.01158E+00 2.92933E-01 4.69221E-01 8.23068E-01 1.08724E+00
 1.02329E+00 2.94956E-01 4.72463E-01 8.33512E-01 1.10601E+00
 1.03514E+00 2.96956E-01 4.75666E-01 8.43948E-01 1.12501E+00
 1.04713E+00 2.98931E-01 4.78830E-01 8.54372E-01 1.14423E+00
 1.05925E+00 3.00883E-01 4.81956E-01 8.64783E-01 1.16369E+00
 1.07152E+00 3.02810E-01 4.85043E-01 8.75175E-01 1.18338E+00
 1.08393E+00 3.04713E-01 4.88091E-01 8.85547E-01 1.20331E+00
 1.09648E+00 3.06592E-01 4.91100E-01 8.95895E-01 1.22347E+00
 1.10917E+00 3.08446E-01 4.94071E-01 9.06215E-01 1.24388E+00
 1.12202E+00 3.10276E-01 4.97002E-01 9.16505E-01 1.26453E+00
 1.13501E+00 3.12081E-01 4.99894E-01 9.26759E-01 1.28544E+00
 1.14815E+00 3.13862E-01 5.02746E-01 9.36976E-01 1.30659E+00
 1.16145E+00 3.15619E-01 5.05560E-01 9.47151E-01 1.32799E+00
 1.17490E+00 3.17351E-01 5.08335E-01 9.57281E-01 1.34966E+00
 1.18850E+00 3.19059E-01 5.11070E-01 9.67361E-01 1.37158E+00
 1.20226E+00 3.20742E-01 5.13767E-01 9.77387E-01 1.39376E+00
 1.21619E+00 3.22402E-01 5.16425E-01 9.87356E-01 1.41621E+00
 1.23027E+00 3.24037E-01 5.19044E-01 9.97263E-01 1.43893E+00
 1.24451E+00 3.25648E-01 5.21625E-01 1.00710E+00 1.46192E+00
 1.25893E+00 3.27235E-01 5.24167E-01 1.01688E+00 1.48518E+00
 1.27350E+00 3.28798E-01 5.26671E-01 1.02657E+00 1.50871E+00
 1.28825E+00 3.30338E-01 5.29138E-01 1.03619E+00 1.53253E+00
 1.30317E+00 3.31854E-01 5.31566E-01 1.04573E+00 1.55662E+00
 1.31826E+00 3.33347E-01 5.33957E-01 1.05518E+00 1.58100E+00
 1.33352E+00 3.34816E-01 5.36310E-01 1.06454E+00 1.60567E+00
 1.34896E+00 3.36262E-01 5.38627E-01 1.07380E+00 1.63062E+00
 1.36458E+00 3.37685E-01 5.40906E-01 1.08296E+00 1.65587E+00
 1.38038E+00 3.39085E-01 5.43149E-01 1.09202E+00 1.68141E+00
 1.39637E+00 3.40463E-01 5.45356E-01 1.10097E+00 1.70725E+00
 1.41254E+00 3.41818E-01 5.47527E-01 1.10980E+00 1.73339E+00
 1.42889E+00 3.43151E-01 5.49662E-01 1.11852E+00 1.75982E+00
 1.44544E+00 3.44462E-01 5.51762E-01 1.12711E+00 1.78657E+00
 1.46218E+00 3.45751E-01 5.53826E-01 1.13558E+00 1.81362E+00
 1.47911E+00 3.47018E-01 5.55856E-01 1.14392E+00 1.84098E+00
 1.49624E+00 3.48264E-01 5.57852E-01 1.15212E+00 1.86866E+00
 1.51356E+00 3.49489E-01 5.59813E-01 1.16019E+00 1.89665E+00
 1.53109E+00 3.50692E-01 5.61741E-01 1.16811E+00 1.92496E+00
 1.54882E+00 3.51875E-01 5.63636E-01 1.17588E+00 1.95358E+00
 1.56675E+00 3.53037E-01 5.65497E-01 1.18351E+00 1.98254E+00
 1.58489E+00 3.54179E-01 5.67326E-01 1.19098E+00 2.01182E+00
 1.60325E+00 3.55301E-01 5.69123E-01 1.19829E+00 2.04142E+00
 1.62181E+00 3.56402E-01 5.70888E-01 1.20544E+00 2.07137E+00
 1.64059E+00 3.57485E-01 5.72621E-01 1.21243E+00 2.10164E+00
 1.65959E+00 3.58547E-01 5.74323E-01 1.21925E+00 2.13226E+00
 1.67880E+00 3.59591E-01 5.75995E-01 1.22591E+00 2.16321E+00
 1.69824E+00 3.60616E-01 5.77636E-01 1.23238E+00 2.19452E+00
 1.71791E+00 3.61621E-01 5.79248E-01 1.23869E+00 2.22617E+00
 1.73780E+00 3.62609E-01 5.80830E-01 1.24482E+00 2.25817E+00
 1.75792E+00 3.63578E-01 5.82382E-01 1.25076E+00 2.29053E+00
 1.77828E+00 3.64530E-01 5.83906E-01 1.25653E+00 2.32325E+00
 1.79887E+00 3.65464E-01 5.85402E-01 1.26212E+00 2.35633E+00
 1.81970E+00 3.66380E-01 5.86870E-01 1.26752E+00 2.38978E+00
 1.84077E+00 3.67279E-01 5.88310E-01 1.27273E+00 2.42361E+00
 1.86209E+00 3.68161E-01 5.89723E-01 1.27776E+00 2.45781E+00
 1.88365E+00 3.69026E-01 5.91109E-01 1.28260E+00 2.49239E+00
 1.90546E+00 3.69875E-01 5.92469E-01 1.28725E+00 2.52736E+00
 1.92752E+00 3.70708E-01 5.93803E-01 1.29172E+00 2.56273E+00
 1.94984E+00 3.71525E-01 5.95111E-01 1.29600E+00 2.59849E+00
 1.97242E+00 3.72326E-01 5.96394E-01 1.30009E+00 2.63466E+00
 1.99526E+00 3.73111E-01 5.97652E-01 1.30400E+00 2.67123E+00
 2.01837E+00 3.73882E-01 5.98886E-01 1.30772E+00 2.70823E+00
 2.04174E+00 3.74637E-01 6.00096E-01 1.31126E+00 2.74565E+00
 2.06538E+00 3.75378E-01 6.01282E-01 1.31461E+00 2.78349E+00
 2.08930E+00 3.76104E-01 6.02445E-01 1.31779E+00 2.82178E+00
 2.11349E+00 3.76815E-01 6.03585E-01 1.32078E+00 2.86051E+00
 2.13796E+00 3.77513E-01 6.04703E-01 1.32360E+00 2.89970E+00
 2.16272E+00 3.78197E-01 6.05798E-01 1.32624E+00 2.93934E+00
 2.18776E+00 3.78867E-01 6.06872E-01 1.32871E+00 2.97946E+00
 2.21309E+00 3.79524E-01 6.07924E-01 1.33101E+00 3.02006E+00
 2.23872E+00 3.80168E-01 6.08955E-01 1.33314E+00 3.06115E+00
 2.26464E+00 3.80798E-01 6.09966E-01 1.33511E+00 3.10274E+00
 2.29087E+00 3.81417E-01 6.10956E-01 1.33692E+00 3.14484E+00
 2.31739E+00 3.82022E-01 6.11926E-01 1.33857E+00 3.18746E+00
 2.34423E+00 3.82616E-01 6.12876E-01 1.34007E+00 3.23061E+00
 2.37137E+00 3.83197E-01 6.13808E-01 1.34143E+00 3.27431E+00
 2.39883E+00 3.83767E-01 6.14720E-01 1.34263E+00 3.31856E+00
 2.42661E+00 3.84324E-01 6.15614E-01 1.34370E+00 3.36338E+00
 2.45471E+00 3.84871E-01 6.16489E-01 1.34463E+00 3.40879E+00
 2.48313E+00 3.85406E-01 6.17346E-01 1.34543E+00 3.45479E+00
 2.51189E+00 3.85931E-01 6.18186E-01 1.34610E+00 3.50140E+00
 2.54097E+00 3.86444E-01 6.19009E-01 1.34665E+00 3.54863E+00
 2.57040E+00 3.86947E-01 6.19814E-01 1.34707E+00 3.59650E+00
 2.60016E+00 3.87440E-01 6.20603E-01 1.34739E+00 3.64503E+00
 2.63027E+00 3.87922E-01 6.21376E-01 1.34759E+00 3.69422E+00
 2.66073E+00 3.88394E-01 6.22132E-01 1.34769E+00 3.74411E+00
 2.69153E+00 3.88857E-01 6.22873E-01 1.34768E+00 3.79469E+00
 2.72270E+00 3.89309E-01 6.23598E-01 1.34758E+00 3.84599E+00
 2.75423E+00 3.89753E-01 6.24308E-01 1.34739E+00 3.89803E+00
 2.78612E+00 3.90187E-01 6.25004E-01 1.34711E+00 3.95083E+00
 2.81838E+00 3.90612E-01 6.25684E-01 1.34674E+00 4.00439E+00
 2.85102E+00 3.91028E-01 6.26351E-01 1.34630E+00 4.05875E+00
 2.88403E+00 3.91435E-01 6.27003E-01 1.34577E+00 4.11392E+00
 2.91743E+00 3.91833E-01 6.27641E-01 1.34518E+00 4.16991E+00
 2.95121E+00 3.92224E-01 6.28266E-01 1.34452E+00 4.22676E+00
 2.98538E+00 3.92606E-01 6.28878E-01 1.34379E+00 4.28447E+00
 3.01995E+00 3.92979E-01 6.29477E-01 1.34300E+00 4.34307E+00
 3.05492E+00 3.93345E-01 6.30063E-01 1.34215E+00 4.40258E+00
 3.09030E+00 3.93703E-01 6.30637E-01 1.34124E+00 4.46302E+00
 3.12608E+00 3.94054E-01 6.31198E-01 1.34028E+00 4.52440E+00
 3.16228E+00 3.94397E-01 6.31748E-01 1.33927E+00 4.58676E+00
 3.19890E+00 3.94733E-01 6.32285E-01 1.33821E+00 4.65011E+00
 3.23594E+00 3.95061E-01 6.32811E-01 1.33710E+00 4.71447E+00
 3.27341E+00 3.95382E-01 6.33326E-01 1.33595E+00 4.77987E+00
 3.31131E+00 3.95697E-01 6.33830E-01 1.33476E+00 4.84631E+00
 3.34965E+00 3.96005E-01 6.34323E-01 1.33352E+00 4.91384E+00
 3.38844E+00 3.96306E-01 6.34806E-01 1.33224E+00 4.98245E+00
 3.42768E+00 3.96601E-01 6.35277E-01 1.33092E+00 5.05219E+00
 3.46737E+00 3.96889E-01 6.35739E-01 1.32956E+00 5.12306E+00
 3.50752E+00 3.97171E-01 6.36191E-01 1.32816E+00 5.19509E+00
 3.54813E+00 3.97447E-01 6.36633E-01 1.32673E+00 5.26829E+00
 3.58922E+00 3.97717E-01 6.37066E-01 1.32525E+00 5.34269E+00
 3.63078E+00 3.97981E-01 6.37489E-01 1.32373E+00 5.41831E+00
 3.67282E+00 3.98240E-01 6.37903E-01 1.32217E+00 5.49516E+00
 3.71535E+00 3.98492E-01 6.38308E-01 1.32057E+00 5.57327E+00
 3.75837E+00 3.98740E-01 6.38704E-01 1.31893E+00 5.65265E+00
 3.80189E+00 3.98982E-01 6.39091E-01 1.31724E+00 5.73331E+00
 3.84592E+00 3.99218E-01 6.39470E-01 1.31551E+00 5.81528E+00
 3.89045E+00 3.99450E-01 6.39841E-01 1.31373E+00 5.89858E+00
 3.93550E+00 3.99676E-01 6.40204E-01 1.31190E+00 5.98320E+00
 3.98107E+00 3.99898E-01 6.40559E-01 1.31001E+00 6.06918E+00
 4.02717E+00 4.00114E-01 6.40906E-01 1.30808E+00 6.15652E+00
 4.07380E+00 4.00326E-01 6.41245E-01 1.30609E+00 6.24524E+00
 4.12098E+00 4.00533E-01 6.41577E-01 1.30404E+00 6.33535E+00
 4.16869E+00 4.00736E-01 6.41902E-01 1.30193E+00 6.42685E+00
 4.21697E+00 4.00934E-01 6.42219E-01 1.29976E+00 6.51976E+00
 4.26580E+00 4.01128E-01 6.42530E-01 1.29751E+00 6.61408E+00
 4.31519E+00 4.01318E-01 6.42833E-01 1.29520E+00 6.70982E+00
 4.36516E+00 4.01503E-01 6.43130E-01 1.29282E+00 6.80699E+00
 4.41570E+00 4.01685E-01 6.43421E-01 1.29036E+00 6.90559E+00
 4.46684E+00 4.01862E-01 6.43705E-01 1.28782E+00 7.00562E+00
 4.51856E+00 4.02035E-01 6.43983E-01 1.28519E+00 7.10709E+00
 4.57088E+00 4.02205E-01 6.44255E-01 1.28248E+00 7.20998E+00
 4.62381E+00 4.02371E-01 6.44520E-01 1.27969E+00 7.31430E+00
 4.67735E+00 4.02533E-01 6.44780E-01 1.27679E+00 7.42005E+00
 4.73151E+00 4.02692E-01 6.45034E-01 1.27381E+00 7.52722E+00
 4.78630E+00 4.02847E-01 6.45283E-01 1.27072E+00 7.63579E+00
 4.84172E+00 4.02998E-01 6.45526E-01 1.26753E+00 7.74577E+00
 4.89779E+00 4.03147E-01 6.45763E-01 1.26423E+00 7.85713E+00
 4.95450E+00 4.03292E-01 6.45995E-01 1.26082E+00 7.96986E+00
 5.01187E+00 4.03434E-01 6.46223E-01 1.25730E+00 8.08395E+00
 5.06991E+00 4.03572E-01 6.46445E-01 1.25367E+00 8.19938E+00
 5.12861E+00 4.03708E-01 6.46662E-01 1.24991E+00 8.31613E+00
 5.18800E+00 4.03840E-01 6.46874E-01 1.24604E+00 8.43417E+00
 5.24807E+00 4.03970E-01 6.47082E-01 1.24204E+00 8.55349E+00
 5.30884E+00 4.04097E-01 6.47285E-01 1.23791E+00 8.67404E+00
 5.37032E+00 4.04221E-01 6.47483E-01 1.23365E+00 8.79581E+00
 5.43250E+00 4.04342E-01 6.47677E-01 1.22926E+00 8.91875E+00
 5.49541E+00 4.04460E-01 6.47867E-01 1.22474E+00 9.04285E+00
 5.55904E+00 4.04576E-01 6.48053E-01 1.22007E+00 9.16805E+00
 5.62341E+00 4.04689E-01 6.48234E-01 1.21527E+00 9.29432E+00
 5.68853E+00 4.04800E-01 6.48411E-01 1.21033E+00 9.42162E+00
 5.75440E+00 4.04908E-01 6.48585E-01 1.20524E+00 9.54990E+00
 5.82103E+00 4.05014E-01 6.48754E-01 1.20001E+00 9.67911E+00
 5.88844E+00 4.05117E-01 6.48920E-01 1.19464E+00 9.80921E+00
 5.95662E+00 4.05219E-01 6.49082E-01 1.18911E+00 9.94015E+00
 6.02560E+00 4.05317E-01 6.49240E-01 1.18344E+00 1.00719E+01
 6.09537E+00 4.05414E-01 6.49395E-01 1.17762E+00 1.02043E+01
 6.16595E+00 4.05509E-01 6.49546E-01 1.17166E+00 1.03374E+01
 6.23735E+00 4.05601E-01 6.49694E-01 1.16554E+00 1.04711E+01
 6.30957E+00 4.05691E-01 6.49839E-01 1.15927E+00 1.06054E+01
 6.38263E+00 4.05780E-01 6.49980E-01 1.15285E+00 1.07401E+01
 6.45654E+00 4.05866E-01 6.50119E-01 1.14629E+00 1.08752E+01
 6.53131E+00 4.05950E-01 6.50254E-01 1.13957E+00 1.10107E+01
 6.60693E+00 4.06033E-01 6.50386E-01 1.13271E+00 1.11464E+01
 6.68344E+00 4.06113E-01 6.50515E-01 1.12570E+00 1.12823E+01
 6.76083E+00 4.06192E-01 6.50641E-01 1.11854E+00 1.14183E+01
 6.83912E+00 4.06269E-01 6.50765E-01 1.11124E+00 1.15544E+01
 6.91831E+00 4.06345E-01 6.50885E-01 1.10379E+00 1.16904E+01
 6.99842E+00 4.06418E-01 6.51003E-01 1.09620E+00 1.18263E+01
 7.07946E+00 4.06490E-01 6.51119E-01 1.08847E+00 1.19619E+01
 7.16143E+00 4.06561E-01 6.51231E-01 1.08061E+00 1.20973E+01
 7.24436E+00 4.06629E-01 6.51342E-01 1.07260E+00 1.22323E+01
 7.32825E+00 4.06697E-01 6.51449E-01 1.06447E+00 1.23668E+01
 7.41310E+00 4.06762E-01 6.51554E-01 1.05620E+00 1.25007E+01
 7.49894E+00 4.06826E-01 6.51657E-01 1.04781E+00 1.26340E+01
 7.58578E+00 4.06889E-01 6.51758E-01 1.03929E+00 1.27665E+01
 7.67361E+00 4.06951E-01 6.51856E-01 1.03064E+00 1.28982E+01
 7.76247E+00 4.07011E-01 6.51952E-01 1.02188E+00 1.30290E+01
 7.85236E+00 4.07069E-01 6.52046E-01 1.01301E+00 1.31587E+01
 7.94328E+00 4.07127E-01 6.52138E-01 1.00402E+00 1.32874E+01
 8.03526E+00 4.07183E-01 6.52228E-01 9.94930E-01 1.34148E+01
 8.12831E+00 4.07237E-01 6.52316E-01 9.85733E-01 1.35408E+01
 8.22243E+00 4.07291E-01 6.52401E-01 9.76435E-01 1.36655E+01
 8.31764E+00 4.07343E-01 6.52485E-01 9.67042E-01 1.37887E+01
 8.41395E+00 4.07394E-01 6.52567E-01 9.57558E-01 1.39103E+01
 8.51138E+00 4.07444E-01 6.52647E-01 9.55541E-01 1.40302E+01
 8.60994E+00 4.07493E-01 6.52725E-01 9.55655E-01 1.41483E+01
 8.70964E+00 4.07541E-01 6.52802E-01 9.55767E-01 1.42645E+01
 8.81049E+00 4.07588E-01 6.52877E-01 9.55877E-01 1.43787E+01
 8.91251E+00 4.07633E-01 6.52950E-01 9.55984E-01 1.44909E+01
 9.01571E+00 4.07678E-01 6.53021E-01 9.56088E-01 1.46009E+01
 9.12011E+00 4.07721E-01 6.53091E-01 9.56190E-01 1.47087E+01
 9.22571E+00 4.07764E-01 6.53159E-01 9.56290E-01 1.48141E+01
 9.33254E+00 4.07806E-01 6.53226E-01 9.56388E-01 1.49171E+01
 9.44061E+00 4.07846E-01 6.53291E-01 9.56483E-01 1.50176E+01
 9.54993E+00 4.07886E-01 6.53355E-01 9.56577E-01 1.51154E+01
 9.66051E+00 4.07925E-01 6.53417E-01 9.56668E-01 1.52106E+01
 9.77237E+00 4.07963E-01 6.53478E-01 9.56757E-01 1.53031E+01
 9.88553E+00 4.08000E-01 6.53537E-01 9.56844E-01 1.53927E+01
 1.00000E+01 4.08037E-01 6.53596E-01 9.56929E-01 1.54794E+01
 1.01158E+01 4.08072E-01 6.53652E-01 9.57013E-01 1.55631E+01
 1.02329E+01 4.08107E-01 6.53708E-01 9.57094E-01 1.56437E+01
 1.03514E+01 4.08141E-01 6.53762E-01 9.57173E-01 1.57212E+01
 1.04713E+01 4.08174E-01 6.53815E-01 9.57251E-01 1.57955E+01
 1.05925E+01 4.08206E-01 6.53867E-01 9.57327E-01 1.58665E+01
 1.07152E+01 4.08238E-01 6.53918E-01 9.57401E-01 1.59342E+01
 1.08393E+01 4.08269E-01 6.53967E-01 9.57474E-01 1.59985E+01
 1.09648E+01 4.08299E-01 6.54016E-01 9.57545E-01 1.60594E+01
 1.10917E+01 4.08328E-01 6.54063E-01 9.57614E-01 1.61167E+01
 1.12202E+01 4.08357E-01 6.54109E-01 9.57682E-01 1.61706E+01
 1.13501E+01 4.08385E-01 6.54155E-01 9.57748E-01 1.62208E+01
 1.14815E+01 4.08413E-01 6.54199E-01 9.57812E-01 1.62674E+01
 1.16145E+01 4.08440E-01 6.54242E-01 9.57876E-01 1.63103E+01
 1.17490E+01 4.08466E-01 6.54284E-01 9.57937E-01 1.63495E+01
 1.18850E+01 4.08492E-01 6.54325E-01 9.57998E-01 1.63849E+01
 1.20226E+01 4.08517E-01 6.54366E-01 9.58057E-01 1.64166E+01
 1.21619E+01 4.08542E-01 6.54405E-01 9.58114E-01 1.64445E+01
 1.23027E+01 4.08566E-01 6.54444E-01 9.58171E-01 1.64685E+01
 1.24451E+01 4.08589E-01 6.54481E-01 9.58226E-01 1.64887E+01
 1.25893E+01 4.08612E-01 6.54518E-01 9.58280E-01 1.65050E+01
 1.27350E+01 4.08635E-01 6.54554E-01 9.58332E-01 1.65175E+01
 1.28825E+01 4.08657E-01 6.54589E-01 9.58384E-01 1.65260E+01
 1.30317E+01 4.08678E-01 6.54623E-01 9.58434E-01 1.65307E+01
 1.31826E+01 4.08699E-01 6.54657E-01 9.58483E-01 1.65315E+01
 1.33352E+01 4.08720E-01 6.54690E-01 9.58531E-01 1.65283E+01
 1.34896E+01 4.08740E-01 6.54722E-01 9.58578E-01 1.65213E+01
 1.36458E+01 4.08759E-01 6.54753E-01 9.58624E-01 1.65104E+01
 1.38038E+01 4.08778E-01 6.54784E-01 9.58669E-01 1.64957E+01
 1.39637E+01 4.08797E-01 6.54814E-01 9.58713E-01 1.64771E+01
 1.41254E+01 4.08815E-01 6.54843E-01 9.58755E-01 1.64546E+01
 1.42889E+01 4.08833E-01 6.54871E-01 9.58797E-01 1.64283E+01
 1.44544E+01 4.08850E-01 6.54899E-01 9.58838E-01 1.63983E+01
 1.46218E+01 4.08867E-01 6.54927E-01 9.58878E-01 1.63644E+01
 1.47911E+01 4.08884E-01 6.54953E-01 9.58917E-01 1.63269E+01
 1.49624E+01 4.08900E-01 6.54979E-01 9.58955E-01 1.62856E+01
 1.51356E+01 4.08916E-01 6.55005E-01 9.58993E-01 1.62407E+01
 1.53109E+01 4.08932E-01 6.55030E-01 9.59029E-01 1.61922E+01
 1.54882E+01 4.08947E-01 6.55054E-01 9.59065E-01 1.61401E+01
 1.56675E+01 4.08962E-01 6.55078E-01 9.59099E-01 1.60844E+01
 1.58489E+01 4.08976E-01 6.55101E-01 9.59134E-01 1.60253E+01
 1.60325E+01 4.08991E-01 6.55124E-01 9.59167E-01 1.59628E+01
 1.62181E+01 4.09004E-01 6.55146E-01 9.59199E-01 1.58969E+01
 1.64059E+01 4.09018E-01 6.55168E-01 9.59231E-01 1.58276E+01
 1.65959E+01 4.09031E-01 6.55189E-01 9.59262E-01 1.57552E+01
 1.67880E+01 4.09044E-01 6.55210E-01 9.59292E-01 1.56799E+01
 1.69824E+01 4.09057E-01 6.55230E-01 9.59322E-01 1.56019E+01
 1.71791E+01 4.09069E-01 6.55250E-01 9.59351E-01 1.55213E+01
 1.73780E+01 4.09081E-01 6.55269E-01 9.59379E-01 1.54380E+01
 1.75792E+01 4.09093E-01 6.55288E-01 9.59407E-01 1.53521E+01
 1.77828E+01 4.09105E-01 6.55306E-01 9.59434E-01 1.52636E+01
 1.79887E+01 4.09116E-01 6.55324E-01 9.59460E-01 1.51726E+01
 1.81970E+01 4.09127E-01 6.55342E-01 9.59486E-01 1.50791E+01
 1.84077E+01 4.09138E-01 6.55359E-01 9.59511E-01 1.49831E+01
 1.86209E+01 4.09148E-01 6.55376E-01 9.59536E-01 1.48848E+01
 1.88365E+01 4.09158E-01 6.55393E-01 9.59560E-01 1.47842E+01
 1.90546E+01 4.09168E-01 6.55409E-01 9.59584E-01 1.46812E+01
 1.92752E+01 4.09178E-01 6.55424E-01 9.59607E-01 1.45761E+01
 1.94984E+01 4.09188E-01 6.55440E-01 9.59629E-01 1.44688E+01
 1.97242E+01 4.09197E-01 6.55455E-01 9.59651E-01 1.43593E+01
 1.99526E+01 4.09206E-01 6.55469E-01 9.59673E-01 1.42479E+01
 2.01837E+01 4.09215E-01 6.55484E-01 9.59694E-01 1.41344E+01
 2.04174E+01 4.09224E-01 6.55498E-01 9.59714E-01 1.40191E+01
 2.06538E+01 4.09233E-01 6.55511E-01 9.59734E-01 1.39019E+01
 2.08930E+01 4.09241E-01 6.55525E-01 9.59754E-01 1.37829E+01
 2.11349E+01 4.09249E-01 6.55538E-01 9.59773E-01 1.36623E+01
 2.13796E+01 4.09257E-01 6.55551E-01 9.59792E-01 1.35400E+01
 2.16272E+01 4.09265E-01 6.55563E-01 9.59810E-01 1.34161E+01
 2.18776E+01 4.09273E-01 6.55575E-01 9.59828E-01 1.32908E+01
 2.21309E+01 4.09280E-01 6.55587E-01 9.59845E-01 1.31641E+01
 2.23872E+01 4.09287E-01 6.55599E-01 9.59863E-01 1.30360E+01
 2.26464E+01 4.09294E-01 6.55610E-01 9.59879E-01 1.29067E+01
 2.29087E+01 4.09301E-01 6.55622E-01 9.59896E-01 1.27761E+01
 2.31739E+01 4.09308E-01 6.55632E-01 9.59911E-01 1.26445E+01
 2.34423E+01 4.09315E-01 6.55643E-01 9.59927E-01 1.25119E+01
 2.37137E+01 4.09321E-01 6.55653E-01 9.59942E-01 1.23783E+01
 2.39883E+01 4.09328E-01 6.55664E-01 9.59957E-01 1.22438E+01
 2.42661E+01 4.09334E-01 6.55674E-01 9.59972E-01 1.21085E+01
 2.45471E+01 4.09340E-01 6.55683E-01 9.59986E-01 1.19725E+01
 2.48313E+01 4.09346E-01 6.55693E-01 9.60000E-01 1.18358E+01
 2.51189E+01 4.09352E-01 6.55702E-01 9.60013E-01 1.16986E+01
 2.54097E+01 4.09357E-01 6.55711E-01 9.60027E-01 1.15608E+01
 2.57040E+01 4.09363E-01 6.55720E-01 9.60040E-01 1.14226E+01
 2.60016E+01 4.09368E-01 6.55729E-01 9.60052E-01 1.12841E+01
 2.63027E+01 4.09373E-01 6.55737E-01 9.60065E-01 1.11453E+01
 2.66073E+01 4.09379E-01 6.55745E-01 9.60077E-01 1.10062E+01
 2.69153E+01 4.09384E-01 6.55753E-01 9.60088E-01 1.08670E+01
 2.72270E+01 4.09389E-01 6.55761E-01 9.60100E-01 1.07278E+01
 2.75423E+01 4.09393E-01 6.55769E-01 9.60111E-01 1.05885E+01
 2.78612E+01 4.09398E-01 6.55776E-01 9.60122E-01 1.04493E+01
 2.81838E+01 4.09403E-01 6.55784E-01 9.60133E-01 1.03101E+01
 2.85102E+01 4.09407E-01 6.55791E-01 9.60144E-01 1.01712E+01
 2.88403E+01 4.09412E-01 6.55798E-01 9.60154E-01 1.00325E+01
 2.91743E+01 4.09416E-01 6.55805E-01 9.60164E-01 9.89413E+00
 2.95121E+01 4.09420E-01 6.55812E-01 9.60174E-01 9.75610E+00
 2.98538E+01 4.09424E-01 6.55818E-01 9.60183E-01 9.61849E+00
 3.01995E+01 4.09428E-01 6.55825E-01 9.60193E-01 9.48134E+00
 3.05492E+01 4.09432E-01 6.55831E-01 9.60202E-01 9.34472E+00
 3.09030E+01 4.09436E-01 6.55837E-01 9.60211E-01 9.20868E+00
 3.12608E+01 4.09440E-01 6.55843E-01 9.60220E-01 9.07325E+00
 3.16228E+01 4.09443E-01 6.55849E-01 9.60228E-01 8.93850E+00
 3.19890E+01 4.09447E-01 6.55855E-01 9.60237E-01 8.80448E+00
 3.23594E+01 4.09450E-01 6.55860E-01 9.60245E-01 8.67121E+00
 3.27341E+01 4.09454E-01 6.55866E-01 9.60253E-01 8.53875E+00
 3.31131E+01 4.09457E-01 6.55871E-01 9.60261E-01 8.40714E+00
 3.34965E+01 4.09460E-01 6.55876E-01 9.60268E-01 8.27642E+00
 3.38844E+01 4.09463E-01 6.55881E-01 9.60276E-01 8.14662E+00
 3.42768E+01 4.09467E-01 6.55886E-01 9.60283E-01 8.01779E+00
 3.46737E+01 4.09470E-01 6.55891E-01 9.60290E-01 7.88995E+00
 3.50752E+01 4.09473E-01 6.55896E-01 9.60297E-01 7.76314E+00
 3.54813E+01 4.09475E-01 6.55900E-01 9.60304E-01 7.63738E+00
 3.58922E+01 4.09478E-01 6.55905E-01 9.60311E-01 7.51272E+00
 3.63078E+01 4.09481E-01 6.55909E-01 9.60317E-01 7.38917E+00
 3.67282E+01 4.09484E-01 6.55914E-01 9.60323E-01 7.26676E+00
 3.71535E+01 4.09486E-01 6.55918E-01 9.60330E-01 7.14552E+00
 3.75837E+01 4.09489E-01 6.55922E-01 9.60336E-01 7.02547E+00
 3.80189E+01 4.09492E-01 6.55926E-01 9.60342E-01 6.90663E+00
 3.84592E+01 4.09494E-01 6.55930E-01 9.60347E-01 6.78901E+00
 3.89045E+01 4.09496E-01 6.55934E-01 9.60353E-01 6.67265E+00
 3.93550E+01 4.09499E-01 6.55938E-01 9.60359E-01 6.55755E+00
 3.98107E+01 4.09501E-01 6.55942E-01 9.60364E-01 6.44373E+00
 4.02717E+01 4.09503E-01 6.55945E-01 9.60369E-01 6.33120E+00
 4.07380E+01 4.09506E-01 6.55949E-01 9.60374E-01 6.21998E+00
 4.12098E+01 4.09508E-01 6.55952E-01 9.60379E-01 6.11008E+00
 4.16869E+01 4.09510E-01 6.55955E-01 9.60384E-01 6.00150E+00
 4.21697E+01 4.09512E-01 6.55959E-01 9.60389E-01 5.89426E+00
 4.26580E+01 4.09514E-01 6.55962E-01 9.60394E-01 5.78837E+00
 4.31519E+01 4.09516E-01 6.55965E-01 9.60399E-01 5.68382E+00
 4.36516E+01 4.09518E-01 6.55968E-01 9.60403E-01 5.58063E+00
 4.41570E+01 4.09520E-01 6.55971E-01 9.60407E-01 5.47880E+00
 4.46684E+01 4.09521E-01 6.55974E-01 9.60412E-01 5.37833E+00
 4.51856E+01 4.09523E-01 6.55977E-01 9.60416E-01 5.27922E+00
 4.57088E+01 4.09525E-01 6.55980E-01 9.60420E-01 5.18148E+00
 4.62381E+01 4.09527E-01 6.55983E-01 9.60424E-01 5.08511E+00
 4.67735E+01 4.09528E-01 6.55985E-01 9.60428E-01 4.99010E+00
 4.73151E+01 4.09530E-01 6.55988E-01 9.60432E-01 4.89645E+00
 4.78630E+01 4.09532E-01 6.55990E-01 9.60435E-01 4.80416E+00
 4.84172E+01 4.09533E-01 6.55993E-01 9.60439E-01 4.71323E+00
 4.89779E+01 4.09535E-01 6.55995E-01 9.60443E-01 4.62366E+00
 4.95450E+01 4.09536E-01 6.55998E-01 9.60446E-01 4.53543E+00
 5.01187E+01 4.09538E-01 6.56000E-01 9.60450E-01 4.44854E+00
 5.06991E+01 4.09539E-01 6.56002E-01 9.60453E-01 4.36299E+00
 5.12861E+01 4.09540E-01 6.56004E-01 9.60456E-01 4.27877E+00
 5.18800E+01 4.09542E-01 6.56007E-01 9.60459E-01 4.19587E+00
 5.24807E+01 4.09543E-01 6.56009E-01 9.60462E-01 4.11428E+00
 5.30884E+01 4.09544E-01 6.56011E-01 9.60466E-01 4.03400E+00
 5.37032E+01 4.09546E-01 6.56013E-01 9.60468E-01 3.95502E+00
 5.43250E+01 4.09547E-01 6.56015E-01 9.60471E-01 3.87732E+00
 5.49541E+01 4.09548E-01 6.56017E-01 9.60474E-01 3.80089E+00
 5.55904E+01 4.09549E-01 6.56019E-01 9.60477E-01 3.72574E+00
 5.62341E+01 4.09550E-01 6.56021E-01 9.60480E-01 3.65184E+00
 5.68853E+01 4.09552E-01 6.56022E-01 9.60482E-01 3.57918E+00
 5.75440E+01 4.09553E-01 6.56024E-01 9.60485E-01 3.50776E+00
 5.82103E+01 4.09554E-01 6.56026E-01 9.60487E-01 3.43755E+00
 5.88844E+01 4.09555E-01 6.56028E-01 9.60490E-01 3.36856E+00
 5.95662E+01 4.09556E-01 6.56029E-01 9.60492E-01 3.30076E+00
 6.02560E+01 4.09557E-01 6.56031E-01 9.60495E-01 3.23414E+00
 6.09537E+01 4.09558E-01 6.56032E-01 9.60497E-01 3.16870E+00
 6.16595E+01 4.09559E-01 6.56034E-01 9.60499E-01 3.10441E+00
 6.23735E+01 4.09560E-01 6.56035E-01 9.60501E-01 3.04127E+00
 6.30957E+01 4.09561E-01 6.56037E-01 9.60504E-01 2.97925E+00
 6.38263E+01 4.09562E-01 6.56038E-01 9.60506E-01 2.91836E+00
 6.45654E+01 4.09562E-01 6.56040E-01 9.60508E-01 2.85856E+00
 6.53131E+01 4.09563E-01 6.56041E-01 9.60510E-01 2.79986E+00
 6.60693E+01 4.09564E-01 6.56042E-01 9.60512E-01 2.74223E+00
 6.68344E+01 4.09565E-01 6.56044E-01 9.60514E-01 2.68566E+00
 6.76083E+01 4.09566E-01 6.56045E-01 9.60516E-01 2.63013E+00
 6.83912E+01 4.09566E-01 6.56046E-01 9.60517E-01 2.57564E+00
 6.91831E+01 4.09567E-01 6.56048E-01 9.60519E-01 2.52217E+00
 6.99842E+01 4.09568E-01 6.56049E-01 9.60521E-01 2.46971E+00
 7.07946E+01 4.09569E-01 6.56050E-01 9.60523E-01 2.41823E+00
 7.16143E+01 4.09569E-01 6.56051E-01 9.60524E-01 2.36773E+00
 7.24436E+01 4.09570E-01 6.56052E-01 9.60526E-01 2.31819E+00
 7.32825E+01 4.09571E-01 6.56053E-01 9.60528E-01 2.26959E+00
 7.41310E+01 4.09571E-01 6.56054E-01 9.60529E-01 2.22193E+00
 7.49894E+01 4.09572E-01 6.56055E-01 9.60531E-01 2.17519E+00
 7.58578E+01 4.09573E-01 6.56056E-01 9.60532E-01 2.12935E+00
 7.67361E+01 4.09573E-01 6.56057E-01 9.60534E-01 2.08441E+00
 7.76247E+01 4.09574E-01 6.56058E-01 9.60535E-01 2.04034E+00
 7.85236E+01 4.09575E-01 6.56059E-01 9.60536E-01 1.99713E+00
 7.94328E+01 4.09575E-01 6.56060E-01 9.60538E-01 1.95477E+00
 8.03526E+01 4.09576E-01 6.56061E-01 9.60539E-01 1.91324E+00
 8.12831E+01 4.09576E-01 6.56062E-01 9.60540E-01 1.87254E+00
 8.22243E+01 4.09577E-01 6.56063E-01 9.60542E-01 1.83265E+00
 8.31764E+01 4.09577E-01 6.56064E-01 9.60543E-01 1.79354E+00
 8.41395E+01 4.09578E-01 6.56065E-01 9.60544E-01 1.75522E+00
 8.51138E+01 4.09578E-01 6.56065E-01 9.60545E-01 1.71767E+00
 8.60994E+01 4.09579E-01 6.56066E-01 9.60546E-01 1.68087E+00
 8.70964E+01 4.09579E-01 6.56067E-01 9.60548E-01 1.64481E+00
 8.81049E+01 4.09580E-01 6.56068E-01 9.60549E-01 1.60948E+00
 8.91251E+01 4.09580E-01 6.56068E-01 9.60550E-01 1.57487E+00
 9.01571E+01 4.09581E-01 6.56069E-01 9.60551E-01 1.54096E+00
 9.12011E+01 4.09581E-01 6.56070E-01 9.60552E-01 1.50774E+00
 9.22571E+01 4.09582E-01 6.56070E-01 9.60553E-01 1.47519E+00
 9.33254E+01 4.09582E-01 6.56071E-01 9.60554E-01 1.44332E+00
 9.44061E+01 4.09582E-01 6.56072E-01 9.60555E-01 1.41209E+00
 9.54993E+01 4.09583E-01 6.56072E-01 9.60556E-01 1.38151E+00
 9.66051E+01 4.09583E-01 6.56073E-01 9.60557E-01 1.35157E+00
 9.77237E+01 4.09584E-01 6.56074E-01 9.60557E-01 1.32223E+00
 9.88553E+01 4.09584E-01 6.56074E-01 9.60558E-01 1.29351E+00
 1.00000E+02 4.09584E-01 6.56075E-01 9.60559E-01 1.26538E+00
