 1.00000E-02 3.39653E-02 5.47746E-02 8.49062E-02 8.93435E-02
 2.00000E-02 3.39907E-02 5.47902E-02 8.48584E-02 8.92894E-02
 3.00000E-02 3.40373E-02 5.48042E-02 8.47893E-02 8.92017E-02
 4.00000E-02 3.41046E-02 5.48314E-02 8.46965E-02 8.90845E-02
 5.00000E-02 3.42106E-02 5.48934E-02 8.46133E-02 8.89730E-02
 6.00000E-02 3.43721E-02 5.50177E-02 8.45857E-02 8.89128E-02
 7.00000E-02 3.46156E-02 5.52414E-02 8.46647E-02 8.89618E-02
 8.00000E-02 3.49700E-02 5.56098E-02 8.49169E-02 8.91865E-02
 9.00000E-02 3.54683E-02 5.61701E-02 8.54114E-02 8.96596E-02
 1.00000E-01 3.61440E-02 5.69729E-02 8.62215E-02 9.04587E-02
 1.10000E-01 3.70297E-02 5.80677E-02 8.74205E-02 9.16603E-02
 1.20000E-01 3.81552E-02 5.95008E-02 8.90775E-02 9.33378E-02
 1.30000E-01 3.95451E-02 6.13115E-02 9.12536E-02 9.55557E-02
 1.40000E-01 4.12175E-02 6.35294E-02 9.39972E-02 9.83648E-02
 1.50000E-01 4.31831E-02 6.61736E-02 9.73396E-02 1.01800E-01
 1.60000E-01 4.54460E-02 6.92510E-02 1.01295E-01 1.05876E-01
 1.70000E-01 4.80044E-02 7.27589E-02 1.05860E-01 1.10591E-01
 1.80000E-01 5.08525E-02 7.66873E-02 1.11017E-01 1.15928E-01
 1.90000E-01 5.39825E-02 8.10208E-02 1.16740E-01 1.21856E-01
 2.00000E-01 5.73855E-02 8.57417E-02 1.22993E-01 1.28340E-01
 2.10000E-01 6.10525E-02 9.08316E-02 1.29740E-01 1.35339E-01
 2.20000E-01 6.49752E-02 9.62725E-02 1.36941E-01 1.42810E-01
 2.30000E-01 6.91460E-02 1.02048E-01 1.44560E-01 1.50712E-01
 2.40000E-01 7.35586E-02 1.08142E-01 1.52562E-01 1.59005E-01
 2.50000E-01 7.82072E-02 1.14541E-01 1.60915E-01 1.67652E-01
 2.60000E-01 8.30873E-02 1.21234E-01 1.69588E-01 1.76618E-01
 2.70000E-01 8.81949E-02 1.28210E-01 1.78556E-01 1.86697E-01
 2.80000E-01 9.35267E-02 1.35459E-01 1.87795E-01 1.99345E-01
 2.90000E-01 9.90798E-02 1.42974E-01 1.97286E-01 2.12314E-01
 3.00000E-01 1.04852E-01 1.50746E-01 2.07010E-01 2.25600E-01
 3.10000E-01 1.10841E-01 1.58770E-01 2.16952E-01 2.39196E-01
 3.20000E-01 1.17021E-01 1.67040E-01 2.27099E-01 2.53099E-01
 3.30000E-01 1.23232E-01 1.75550E-01 2.37440E-01 2.67302E-01
 3.40000E-01 1.29435E-01 1.84293E-01 2.47968E-01 2.81804E-01
 3.50000E-01 1.35618E-01 1.93097E-01 2.58674E-01 2.96597E-01
 3.60000E-01 1.41774E-01 2.01861E-01 2.69555E-01 3.11677E-01
 3.70000E-01 1.47892E-01 2.10573E-01 2.80606E-01 3.27042E-01
 3.80000E-01 1.53965E-01 2.19220E-01 2.91827E-01 3.42685E-01
 3.90000E-01 1.59986E-01 2.27793E-01 3.03192E-01 3.58604E-01
 4.00000E-01 1.65948E-01 2.36282E-01 3.14491E-01 3.74795E-01
 4.10000E-01 1.71846E-01 2.44679E-01 3.25667E-01 3.91254E-01
 4.20000E-01 1.77673E-01 2.52976E-01 3.36711E-01 4.07976E-01
 4.30000E-01 1.83427E-01 2.61168E-01 3.47615E-01 4.24959E-01
 4.40000E-01 1.89102E-01 2.69249E-01 3.58370E-01 4.42199E-01
 4.50000E-01 1.94695E-01 2.77213E-01 3.68970E-01 4.59692E-01
 4.60000E-01 2.00204E-01 2.85056E-01 3.83242E-01 4.77436E-01
 4.70000E-01 2.05626E-01 2.92776E-01 3.98557E-01 4.95427E-01
 4.80000E-01 2.10959E-01 3.00369E-01 4.14120E-01 5.13662E-01
 4.90000E-01 2.16201E-01 3.07833E-01 4.29930E-01 5.32137E-01
 5.00000E-01 2.21351E-01 3.15166E-01 4.45986E-01 5.50850E-01
 5.10000E-01 2.26408E-01 3.22366E-01 4.62286E-01 5.69798E-01
 5.20000E-01 2.31372E-01 3.29434E-01 4.78829E-01 5.88978E-01
 5.30000E-01 2.36242E-01 3.36368E-01 4.95613E-01 6.08386E-01
 5.40000E-01 2.41018E-01 3.43168E-01 5.12636E-01 6.28021E-01
 5.50000E-01 2.45700E-01 3.49834E-01 5.29899E-01 6.47879E-01
 5.60000E-01 2.50288E-01 3.56367E-01 5.47398E-01 6.67958E-01
 5.70000E-01 2.54784E-01 3.62768E-01 5.65132E-01 6.88255E-01
 5.80000E-01 2.59187E-01 3.69037E-01 5.83101E-01 7.08768E-01
 5.90000E-01 2.63498E-01 3.75176E-01 6.01302E-01 7.29493E-01
 6.00000E-01 2.67719E-01 3.81186E-01 6.19735E-01 7.50429E-01
 6.10000E-01 2.71850E-01 3.87068E-01 6.38398E-01 7.71572E-01
 6.20000E-01 2.75893E-01 3.92824E-01 6.57288E-01 7.92922E-01
 6.30000E-01 2.79849E-01 3.98457E-01 6.76298E-01 8.14474E-01
 6.40000E-01 2.83719E-01 4.03967E-01 6.95294E-01 8.36227E-01
 6.50000E-01 2.87504E-01 4.09356E-01 7.14271E-01 8.58179E-01
 6.60000E-01 2.91206E-01 4.14627E-01 7.33224E-01 8.80327E-01
 6.70000E-01 2.94827E-01 4.19782E-01 7.52148E-01 9.02670E-01
 6.80000E-01 2.98367E-01 4.24823E-01 7.71039E-01 9.25204E-01
 6.90000E-01 3.01829E-01 4.29752E-01 7.89892E-01 9.47928E-01
 7.00000E-01 3.05213E-01 4.34571E-01 8.08704E-01 9.70839E-01
 7.10000E-01 3.08522E-01 4.39282E-01 8.27471E-01 9.93937E-01
 7.20000E-01 3.11757E-01 4.43888E-01 8.46189E-01 1.01722E+00
 7.30000E-01 3.14920E-01 4.48391E-01 8.64855E-01 1.04068E+00
 7.40000E-01 3.18011E-01 4.52793E-01 8.83467E-01 1.06432E+00
 7.50000E-01 3.21033E-01 4.57097E-01 9.02021E-01 1.08814E+00
 7.60000E-01 3.23988E-01 4.61303E-01 9.20515E-01 1.11214E+00
 7.70000E-01 3.26876E-01 4.65416E-01 9.38945E-01 1.13631E+00
 7.80000E-01 3.29700E-01 4.69436E-01 9.57310E-01 1.16065E+00
 7.90000E-01 3.32460E-01 4.73366E-01 9.75608E-01 1.18516E+00
 8.00000E-01 3.35159E-01 4.77208E-01 9.93836E-01 1.20984E+00
 8.10000E-01 3.37797E-01 4.80965E-01 1.01199E+00 1.23469E+00
 8.20000E-01 3.40376E-01 4.84637E-01 1.03007E+00 1.25971E+00
 8.30000E-01 3.42898E-01 4.88228E-01 1.04808E+00 1.28488E+00
 8.40000E-01 3.45364E-01 4.91739E-01 1.06601E+00 1.31022E+00
 8.50000E-01 3.47775E-01 4.95172E-01 1.08386E+00 1.33572E+00
 8.60000E-01 3.50133E-01 4.98530E-01 1.10162E+00 1.36138E+00
 8.70000E-01 3.52439E-01 5.01813E-01 1.11931E+00 1.38719E+00
 8.80000E-01 3.54695E-01 5.05024E-01 1.13691E+00 1.41317E+00
 8.90000E-01 3.56900E-01 5.08165E-01 1.15443E+00 1.43929E+00
 9.00000E-01 3.59058E-01 5.11237E-01 1.17186E+00 1.46557E+00
 9.10000E-01 3.61169E-01 5.14242E-01 1.18920E+00 1.49200E+00
 9.20000E-01 3.63233E-01 5.17182E-01 1.20645E+00 1.51857E+00
 9.30000E-01 3.65254E-01 5.20058E-01 1.22360E+00 1.54530E+00
 9.40000E-01 3.67230E-01 5.22873E-01 1.24067E+00 1.57218E+00
 9.50000E-01 3.69164E-01 5.25627E-01 1.25764E+00 1.59919E+00
 9.60000E-01 3.71057E-01 5.28322E-01 1.27452E+00 1.62636E+00
 9.70000E-01 3.72910E-01 5.30959E-01 1.29130E+00 1.65367E+00
 9.80000E-01 3.74723E-01 5.33541E-01 1.30799E+00 1.68111E+00
 9.90000E-01 3.76498E-01 5.36068E-01 1.32458E+00 1.70870E+00
 1.00000E+00 3.78235E-01 5.38542E-01 1.34107E+00 1.73643E+00
 1.01158E+00 3.80202E-01 5.41342E-01 1.36003E+00 1.76871E+00
 1.02329E+00 3.82143E-01 5.44106E-01 1.37908E+00 1.80155E+00
 1.03514E+00 3.84059E-01 5.46834E-01 1.39821E+00 1.83496E+00
 1.04713E+00 3.85949E-01 5.49526E-01 1.41741E+00 1.86894E+00
 1.05925E+00 3.87815E-01 5.52182E-01 1.43668E+00 1.90352E+00
 1.07152E+00 3.89655E-01 5.54801E-01 1.45602E+00 1.93869E+00
 1.08393E+00 3.91470E-01 5.57386E-01 1.47542E+00 1.97446E+00
 1.09648E+00 3.93260E-01 5.59934E-01 1.49487E+00 2.01085E+00
 1.10917E+00 3.95025E-01 5.62448E-01 1.51438E+00 2.04787E+00
 1.12202E+00 3.96765E-01 5.64926E-01 1.53394E+00 2.08551E+00
 1.13501E+00 3.98481E-01 5.67369E-01 1.55353E+00 2.12376E+00
 1.14815E+00 4.00172E-01 5.69777E-01 1.57317E+00 2.16264E+00
 1.16145E+00 4.01839E-01 5.72150E-01 1.59283E+00 2.20214E+00
 1.17490E+00 4.03482E-01 5.74489E-01 1.61252E+00 2.24228E+00
 1.18850E+00 4.05101E-01 5.76794E-01 1.63224E+00 2.28307E+00
 1.20226E+00 4.06696E-01 5.79065E-01 1.65196E+00 2.32453E+00
 1.21619E+00 4.08267E-01 5.81302E-01 1.67170E+00 2.36665E+00
 1.23027E+00 4.09815E-01 5.83506E-01 1.69144E+00 2.40946E+00
 1.24451E+00 4.11339E-01 5.85676E-01 1.71118E+00 2.45296E+00
 1.25893E+00 4.12840E-01 5.87814E-01 1.73090E+00 2.49717E+00
 1.27350E+00 4.14319E-01 5.89919E-01 1.75061E+00 2.54210E+00
 1.28825E+00 4.15775E-01 5.91992E-01 1.77030E+00 2.58775E+00
 1.30317E+00 4.17208E-01 5.94033E-01 1.78996E+00 2.63414E+00
 1.31826E+00 4.18619E-01 5.96042E-01 1.80958E+00 2.68129E+00
 1.33352E+00 4.20008E-01 5.98020E-01 1.82915E+00 2.72920E+00
 1.34896E+00 4.21376E-01 5.99967E-01 1.84868E+00 2.77788E+00
 1.36458E+00 4.22721E-01 6.01883E-01 1.86815E+00 2.82736E+00
 1.38038E+00 4.24046E-01 6.03769E-01 1.88755E+00 2.87763E+00
 1.39637E+00 4.25350E-01 6.05625E-01 1.90688E+00 2.92871E+00
 1.41254E+00 4.26632E-01 6.07451E-01 1.92613E+00 2.98062E+00
 1.42889E+00 4.27894E-01 6.09248E-01 1.94528E+00 3.03336E+00
 1.44544E+00 4.29136E-01 6.11016E-01 1.96435E+00 3.08695E+00
 1.46218E+00 4.30358E-01 6.12756E-01 1.98330E+00 3.14141E+00
 1.47911E+00 4.31560E-01 6.14467E-01 2.00215E+00 3.19673E+00
 1.49624E+00 4.32742E-01 6.16150E-01 2.02087E+00 3.25295E+00
 1.51356E+00 4.33905E-01 6.17806E-01 2.03947E+00 3.31006E+00
 1.53109E+00 4.35049E-01 6.19435E-01 2.05793E+00 3.36809E+00
 1.54882E+00 4.36174E-01 6.21037E-01 2.07624E+00 3.42704E+00
 1.56675E+00 4.37281E-01 6.22613E-01 2.09440E+00 3.48693E+00
 1.58489E+00 4.38369E-01 6.24163E-01 2.11240E+00 3.54777E+00
 1.60325E+00 4.39440E-01 6.25687E-01 2.13023E+00 3.60958E+00
 1.62181E+00 4.40493E-01 6.27186E-01 2.14788E+00 3.67237E+00
 1.64059E+00 4.41528E-01 6.28660E-01 2.16534E+00 3.73614E+00
 1.65959E+00 4.42546E-01 6.30109E-01 2.18261E+00 3.80092E+00
 1.67880E+00 4.43547E-01 6.31534E-01 2.19967E+00 3.86672E+00
 1.69824E+00 4.44531E-01 6.32936E-01 2.21653E+00 3.93355E+00
 1.71791E+00 4.45499E-01 6.34314E-01 2.23316E+00 4.00142E+00
 1.73780E+00 4.46450E-01 6.35668E-01 2.24957E+00 4.07036E+00
 1.75792E+00 4.47386E-01 6.37001E-01 2.26574E+00 4.14036E+00
 1.77828E+00 4.48306E-01 6.38310E-01 2.28166E+00 4.21145E+00
 1.79887E+00 4.49210E-01 6.39598E-01 2.29734E+00 4.28363E+00
 1.81970E+00 4.50100E-01 6.40865E-01 2.31275E+00 4.35693E+00
 1.84077E+00 4.50974E-01 6.42110E-01 2.32790E+00 4.43136E+00
 1.86209E+00 4.51834E-01 6.43334E-01 2.34277E+00 4.50692E+00
 1.88365E+00 4.52679E-01 6.44537E-01 2.35736E+00 4.58364E+00
 1.90546E+00 4.53510E-01 6.45720E-01 2.37166E+00 4.66152E+00
 1.92752E+00 4.54327E-01 6.46884E-01 2.38566E+00 4.74058E+00
 1.94984E+00 4.55130E-01 6.48027E-01 2.39936E+00 4.82084E+00
 1.97242E+00 4.55920E-01 6.49152E-01 2.41275E+00 4.90231E+00
 1.99526E+00 4.56697E-01 6.50258E-01 2.42582E+00 4.98499E+00
 2.01837E+00 4.57460E-01 6.51345E-01 2.43856E+00 5.06891E+00
 2.04174E+00 4.58211E-01 6.52414E-01 2.45098E+00 5.15407E+00
 2.06538E+00 4.58949E-01 6.53465E-01 2.46306E+00 5.24050E+00
 2.08930E+00 4.59675E-01 6.54498E-01 2.47479E+00 5.32820E+00
 2.11349E+00 4.60389E-01 6.55514E-01 2.48618E+00 5.41719E+00
 2.13796E+00 4.61090E-01 6.56513E-01 2.49722E+00 5.50748E+00
 2.16272E+00 4.61780E-01 6.57496E-01 2.50789E+00 5.59909E+00
 2.18776E+00 4.62459E-01 6.58462E-01 2.51820E+00 5.69202E+00
 2.21309E+00 4.63126E-01 6.59412E-01 2.52815E+00 5.78630E+00
 2.23872E+00 4.63783E-01 6.60347E-01 2.53772E+00 5.88193E+00
 2.26464E+00 4.64428E-01 6.61266E-01 2.54691E+00 5.97892E+00
 2.29087E+00 4.65063E-01 6.62170E-01 2.55572E+00 6.07730E+00
 2.31739E+00 4.65687E-01 6.63059E-01 2.56415E+00 6.17706E+00
 2.34423E+00 4.66301E-01 6.63933E-01 2.57218E+00 6.27824E+00
 2.37137E+00 4.66906E-01 6.64793E-01 2.57983E+00 6.38083E+00
 2.39883E+00 4.67500E-01 6.65639E-01 2.58708E+00 6.48485E+00
 2.42661E+00 4.68084E-01 6.66471E-01 2.59393E+00 6.59032E+00
 2.45471E+00 4.68659E-01 6.67290E-01 2.60039E+00 6.69724E+00
 2.48313E+00 4.69225E-01 6.68096E-01 2.60644E+00 6.80563E+00
 2.51189E+00 4.69781E-01 6.68888E-01 2.61209E+00 6.91550E+00
 2.54097E+00 4.70329E-01 6.69668E-01 2.61733E+00 7.02687E+00
 2.57040E+00 4.70868E-01 6.70435E-01 2.62217E+00 7.13973E+00
 2.60016E+00 4.71398E-01 6.71190E-01 2.62660E+00 7.25412E+00
 2.63027E+00 4.71920E-01 6.71933E-01 2.63062E+00 7.37003E+00
 2.66073E+00 4.72433E-01 6.72664E-01 2.63424E+00 7.48748E+00
 2.69153E+00 4.72939E-01 6.73383E-01 2.63745E+00 7.60648E+00
 2.72270E+00 4.73436E-01 6.74092E-01 2.64025E+00 7.72704E+00
 2.75423E+00 4.73926E-01 6.74789E-01 2.64264E+00 7.84917E+00
 2.78612E+00 4.74408E-01 6.75475E-01 2.64463E+00 7.97289E+00
 2.81838E+00 4.74882E-01 6.76151E-01 2.64621E+00 8.09821E+00
 2.85102E+00 4.75349E-01 6.76816E-01 2.64739E+00 8.22512E+00
 2.88403E+00 4.75809E-01 6.77471E-01 2.64816E+00 8.35366E+00
 2.91743E+00 4.76262E-01 6.78115E-01 2.64853E+00 8.48381E+00
 2.95121E+00 4.76708E-01 6.78750E-01 2.64851E+00 8.61561E+00
 2.98538E+00 4.77147E-01 6.79375E-01 2.64809E+00 8.74905E+00
 3.01995E+00 4.77580E-01 6.79991E-01 2.64727E+00 8.88414E+00
 3.05492E+00 4.78005E-01 6.80598E-01 2.64607E+00 9.02090E+00
 3.09030E+00 4.78425E-01 6.81195E-01 2.64448E+00 9.15933E+00
 3.12608E+00 4.78838E-01 6.81783E-01 2.64250E+00 9.29944E+00
 3.16228E+00 4.79245E-01 6.82363E-01 2.64015E+00 9.44124E+00
 3.19890E+00 4.79646E-01 6.82934E-01 2.63741E+00 9.58474E+00
 3.23594E+00 4.80042E-01 6.83497E-01 2.63431E+00 9.72995E+00
 3.27341E+00 4.80431E-01 6.84051E-01 2.63083E+00 9.87688E+00
 3.31131E+00 4.80815E-01 6.84598E-01 2.62699E+00 1.00255E+01
 3.34965E+00 4.81193E-01 6.85136E-01 2.62279E+00 1.01759E+01
 3.38844E+00 4.81566E-01 6.85667E-01 2.61824E+00 1.03280E+01
 3.42768E+00 4.81933E-01 6.86190E-01 2.61333E+00 1.04819E+01
 3.46737E+00 4.82295E-01 6.86705E-01 2.60808E+00 1.06375E+01
 3.50752E+00 4.82652E-01 6.87214E-01 2.60249E+00 1.07948E+01
 3.54813E+00 4.83004E-01 6.87715E-01 2.59657E+00 1.09540E+01
 3.58922E+00 4.83351E-01 6.88209E-01 2.59031E+00 1.11149E+01
 3.63078E+00 4.83693E-01 6.88696E-01 2.58373E+00 1.12775E+01
 3.67282E+00 4.84030E-01 6.89176E-01 2.57684E+00 1.14420E+01
 3.71535E+00 4.84363E-01 6.89650E-01 2.56963E+00 1.16082E+01
 3.75837E+00 4.84691E-01 6.90117E-01 2.56212E+00 1.17762E+01
 3.80189E+00 4.85015E-01 6.90577E-01 2.55431E+00 1.19460E+01
 3.84592E+00 4.85334E-01 6.91032E-01 2.54620E+00 1.21176E+01
 3.89045E+00 4.85649E-01 6.91480E-01 2.53781E+00 1.22910E+01
 3.93550E+00 4.85959E-01 6.91922E-01 2.52913E+00 1.24662E+01
 3.98107E+00 4.86265E-01 6.92358E-01 2.52018E+00 1.26432E+01
 4.02717E+00 4.86568E-01 6.92789E-01 2.51096E+00 1.28220E+01
 4.07380E+00 4.86866E-01 6.93214E-01 2.50148E+00 1.30026E+01
 4.12098E+00 4.87160E-01 6.93633E-01 2.49175E+00 1.31850E+01
 4.16869E+00 4.87451E-01 6.94046E-01 2.48176E+00 1.33692E+01
 4.21697E+00 4.87737E-01 6.94454E-01 2.47153E+00 1.35552E+01
 4.26580E+00 4.88020E-01 6.94857E-01 2.46107E+00 1.37430E+01
 4.31519E+00 4.88300E-01 6.95255E-01 2.45038E+00 1.39326E+01
 4.36516E+00 4.88575E-01 6.95647E-01 2.43947E+00 1.41241E+01
 4.41570E+00 4.88847E-01 6.96035E-01 2.42834E+00 1.43173E+01
 4.46684E+00 4.89116E-01 6.96417E-01 2.41700E+00 1.45123E+01
 4.51856E+00 4.89381E-01 6.96795E-01 2.40545E+00 1.47091E+01
 4.57088E+00 4.89643E-01 6.97167E-01 2.39372E+00 1.49077E+01
 4.62381E+00 4.89901E-01 6.97535E-01 2.38179E+00 1.51080E+01
 4.67735E+00 4.90157E-01 6.97899E-01 2.36968E+00 1.53102E+01
 4.73151E+00 4.90409E-01 6.98258E-01 2.35739E+00 1.55141E+01
 4.78630E+00 4.90658E-01 6.98612E-01 2.34494E+00 1.57197E+01
 4.84172E+00 4.90903E-01 6.98962E-01 2.33232E+00 1.59272E+01
 4.89779E+00 4.91146E-01 6.99308E-01 2.31954E+00 1.61363E+01
 4.95450E+00 4.91386E-01 6.99649E-01 2.30661E+00 1.63473E+01
 5.01187E+00 4.91623E-01 6.99986E-01 2.29354E+00 1.65599E+01
 5.06991E+00 4.91857E-01 7.00319E-01 2.28033E+00 1.67742E+01
 5.12861E+00 4.92088E-01 7.00648E-01 2.26699E+00 1.69903E+01
 5.18800E+00 4.92316E-01 7.00973E-01 2.25352E+00 1.72080E+01
 5.24807E+00 4.92542E-01 7.01295E-01 2.23993E+00 1.74275E+01
 5.30884E+00 4.92764E-01 7.01612E-01 2.22623E+00 1.76486E+01
 5.37032E+00 4.92984E-01 7.01925E-01 2.21242E+00 1.78713E+01
 5.43250E+00 4.93202E-01 7.02235E-01 2.19851E+00 1.80956E+01
 5.49541E+00 4.93417E-01 7.02541E-01 2.18450E+00 1.83216E+01
 5.55904E+00 4.93629E-01 7.02843E-01 2.17040E+00 1.85492E+01
 5.62341E+00 4.93839E-01 7.03142E-01 2.15621E+00 1.87783E+01
 5.68853E+00 4.94046E-01 7.03437E-01 2.14195E+00 1.90090E+01
 5.75440E+00 4.94251E-01 7.03729E-01 2.12761E+00 1.92413E+01
 5.82103E+00 4.94453E-01 7.04017E-01 2.11320E+00 1.94750E+01
 5.88844E+00 4.94654E-01 7.04302E-01 2.09872E+00 1.97103E+01
 5.95662E+00 4.94851E-01 7.04583E-01 2.08419E+00 1.99470E+01
 6.02560E+00 4.95047E-01 7.04861E-01 2.06960E+00 2.01851E+01
 6.09537E+00 4.95240E-01 7.05136E-01 2.05497E+00 2.04246E+01
 6.16595E+00 4.95431E-01 7.05408E-01 2.04029E+00 2.06656E+01
 6.23735E+00 4.95619E-01 7.05677E-01 2.02557E+00 2.09078E+01
 6.30957E+00 4.95806E-01 7.05942E-01 2.01081E+00 2.11514E+01
 6.38263E+00 4.95990E-01 7.06204E-01 1.99602E+00 2.13963E+01
 6.45654E+00 4.96172E-01 7.06464E-01 1.98121E+00 2.16424E+01
 6.53131E+00 4.96352E-01 7.06720E-01 1.96637E+00 2.18898E+01
 6.60693E+00 4.96530E-01 7.06973E-01 1.95152E+00 2.21383E+01
 6.68344E+00 4.96706E-01 7.07224E-01 1.93665E+00 2.23880E+01
 6.76083E+00 4.96880E-01 7.07472E-01 1.92178E+00 2.26388E+01
 6.83912E+00 4.97052E-01 7.07716E-01 1.90689E+00 2.28906E+01
 6.91831E+00 4.97222E-01 7.07958E-01 1.89201E+00 2.31434E+01
 6.99842E+00 4.97390E-01 7.08197E-01 1.87713E+00 2.33973E+01
 7.07946E+00 4.97556E-01 7.08434E-01 1.86225E+00 2.36520E+01
 7.16143E+00 4.97720E-01 7.08667E-01 1.84738E+00 2.39077E+01
 7.24436E+00 4.97882E-01 7.08899E-01 1.83252E+00 2.41641E+01
 7.32825E+00 4.98043E-01 7.09127E-01 1.81768E+00 2.44214E+01
 7.41310E+00 4.98201E-01 7.09353E-01 1.80286E+00 2.46794E+01
 7.49894E+00 4.98358E-01 7.09576E-01 1.78806E+00 2.49380E+01
 7.58578E+00 4.98513E-01 7.09797E-01 1.77328E+00 2.51973E+01
 7.67361E+00 4.98666E-01 7.10015E-01 1.75854E+00 2.54572E+01
 7.76247E+00 4.98818E-01 7.10231E-01 1.74382E+00 2.57175E+01
 7.85236E+00 4.98967E-01 7.10444E-01 1.72914E+00 2.59783E+01
 7.94328E+00 4.99115E-01 7.10655E-01 1.71449E+00 2.62395E+01
 8.03526E+00 4.99262E-01 7.10863E-01 1.69988E+00 2.65010E+01
 8.12831E+00 4.99407E-01 7.11069E-01 1.68531E+00 2.67628E+01
 8.22243E+00 4.99550E-01 7.11273E-01 1.67079E+00 2.70248E+01
 8.31764E+00 4.99691E-01 7.11474E-01 1.65631E+00 2.72869E+01
 8.41395E+00 4.99831E-01 7.11673E-01 1.64188E+00 2.75490E+01
 8.51138E+00 4.99969E-01 7.11870E-01 1.62751E+00 2.78111E+01
 8.60994E+00 5.00106E-01 7.12065E-01 1.61318E+00 2.80731E+01
 8.70964E+00 5.00241E-01 7.12257E-01 1.59891E+00 2.83350E+01
 8.81049E+00 5.00375E-01 7.12448E-01 1.58469E+00 2.85966E+01
 8.91251E+00 5.00507E-01 7.12636E-01 1.57054E+00 2.88579E+01
 9.01571E+00 5.00638E-01 7.12822E-01 1.55644E+00 2.91188E+01
 9.12011E+00 5.00767E-01 7.13006E-01 1.54241E+00 2.93792E+01
 9.22571E+00 5.00894E-01 7.13187E-01 1.52844E+00 2.96390E+01
 9.33254E+00 5.01021E-01 7.13367E-01 1.51453E+00 2.98982E+01
 9.44061E+00 5.01145E-01 7.13545E-01 1.50070E+00 3.01567E+01
 9.54993E+00 5.01269E-01 7.13721E-01 1.48693E+00 3.04143E+01
 9.66051E+00 5.01391E-01 7.13894E-01 1.47323E+00 3.06710E+01
 9.77237E+00 5.01511E-01 7.14066E-01 1.45960E+00 3.09268E+01
 9.88553E+00 5.01631E-01 7.14236E-01 1.44604E+00 3.11814E+01
 1.00000E+01 5.01749E-01 7.14404E-01 1.43256E+00 3.14348E+01
 1.01158E+01 5.01865E-01 7.14570E-01 1.41915E+00 3.16870E+01
 1.02329E+01 5.01980E-01 7.14734E-01 1.40582E+00 3.19378E+01
 1.03514E+01 5.02094E-01 7.14896E-01 1.39256E+00 3.21871E+01
 1.04713E+01 5.02207E-01 7.15057E-01 1.37939E+00 3.24348E+01
 1.05925E+01 5.02318E-01 7.15215E-01 1.36629E+00 3.26809E+01
 1.07152E+01 5.02429E-01 7.15372E-01 1.35327E+00 3.29252E+01
 1.08393E+01 5.02538E-01 7.15527E-01 1.34033E+00 3.31677E+01
 1.09648E+01 5.02645E-01 7.15680E-01 1.32747E+00 3.34082E+01
 1.10917E+01 5.02752E-01 7.15832E-01 1.31470E+00 3.36466E+01
 1.12202E+01 5.02857E-01 7.15982E-01 1.30200E+00 3.38829E+01
 1.13501E+01 5.02961E-01 7.16130E-01 1.28939E+00 3.41168E+01
 1.14815E+01 5.03064E-01 7.16276E-01 1.27687E+00 3.43485E+01
 1.16145E+01 5.03165E-01 7.16421E-01 1.26443E+00 3.45776E+01
 1.17490E+01 5.03266E-01 7.16564E-01 1.25207E+00 3.48042E+01
 1.18850E+01 5.03365E-01 7.16706E-01 1.23980E+00 3.50280E+01
 1.20226E+01 5.03464E-01 7.16846E-01 1.22762E+00 3.52491E+01
 1.21619E+01 5.03561E-01 7.16984E-01 1.21552E+00 3.54673E+01
 1.23027E+01 5.03657E-01 7.17121E-01 1.20351E+00 3.56825E+01
 1.24451E+01 5.03752E-01 7.17256E-01 1.19158E+00 3.58946E+01
 1.25893E+01 5.03846E-01 7.17390E-01 1.17974E+00 3.61036E+01
 1.27350E+01 5.03939E-01 7.17522E-01 1.16799E+00 3.63092E+01
 1.28825E+01 5.04030E-01 7.17653E-01 1.15633E+00 3.65114E+01
 1.30317E+01 5.04121E-01 7.17782E-01 1.14476E+00 3.67101E+01
 1.31826E+01 5.04211E-01 7.17910E-01 1.13327E+00 3.69052E+01
 1.33352E+01 5.04300E-01 7.18036E-01 1.12188E+00 3.70966E+01
 1.34896E+01 5.04387E-01 7.18161E-01 1.11057E+00 3.72842E+01
 1.36458E+01 5.04474E-01 7.18284E-01 1.09935E+00 3.74679E+01
 1.38038E+01 5.04560E-01 7.18406E-01 1.08821E+00 3.76476E+01
 1.39637E+01 5.04645E-01 7.18527E-01 1.07717E+00 3.78232E+01
 1.41254E+01 5.04728E-01 7.18646E-01 1.06621E+00 3.79946E+01
 1.42889E+01 5.04811E-01 7.18764E-01 1.05535E+00 3.81618E+01
 1.44544E+01 5.04893E-01 7.18881E-01 1.04457E+00 3.83246E+01
 1.46218E+01 5.04974E-01 7.18996E-01 1.03388E+00 3.84830E+01
 1.47911E+01 5.05054E-01 7.19110E-01 1.02328E+00 3.86368E+01
 1.49624E+01 5.05133E-01 7.19223E-01 1.01276E+00 3.87860E+01
 1.51356E+01 5.05212E-01 7.19334E-01 1.00234E+00 3.89305E+01
 1.53109E+01 5.05289E-01 7.19445E-01 9.92001E-01 3.90702E+01
 1.54882E+01 5.05365E-01 7.19554E-01 9.81751E-01 3.92051E+01
 1.56675E+01 5.05441E-01 7.19661E-01 9.71588E-01 3.93350E+01
 1.58489E+01 5.05516E-01 7.19768E-01 9.61513E-01 3.94599E+01
 1.60325E+01 5.05590E-01 7.19873E-01 9.58151E-01 3.95798E+01
 1.62181E+01 5.05663E-01 7.19977E-01 9.58289E-01 3.96946E+01
 1.64059E+01 5.05735E-01 7.20080E-01 9.58426E-01 3.98041E+01
 1.65959E+01 5.05806E-01 7.20181E-01 9.58562E-01 3.99084E+01
 1.67880E+01 5.05877E-01 7.20282E-01 9.58695E-01 4.00074E+01
 1.69824E+01 5.05947E-01 7.20381E-01 9.58828E-01 4.01010E+01
 1.71791E+01 5.06016E-01 7.20480E-01 9.58958E-01 4.01892E+01
 1.73780E+01 5.06084E-01 7.20577E-01 9.59088E-01 4.02719E+01
 1.75792E+01 5.06152E-01 7.20673E-01 9.59216E-01 4.03492E+01
 1.77828E+01 5.06218E-01 7.20768E-01 9.59342E-01 4.04208E+01
 1.79887E+01 5.06284E-01 7.20862E-01 9.59467E-01 4.04870E+01
 1.81970E+01 5.06349E-01 7.20955E-01 9.59590E-01 4.05475E+01
 1.84077E+01 5.06414E-01 7.21046E-01 9.59713E-01 4.06023E+01
 1.86209E+01 5.06478E-01 7.21137E-01 9.59833E-01 4.06515E+01
 1.88365E+01 5.06541E-01 7.21227E-01 9.59953E-01 4.06950E+01
 1.90546E+01 5.06603E-01 7.21315E-01 9.60071E-01 4.07328E+01
 1.92752E+01 5.06664E-01 7.21403E-01 9.60187E-01 4.07649E+01
 1.94984E+01 5.06725E-01 7.21490E-01 9.60303E-01 4.07912E+01
 1.97242E+01 5.06785E-01 7.21575E-01 9.60417E-01 4.08119E+01
 1.99526E+01 5.06845E-01 7.21660E-01 9.60530E-01 4.08267E+01
 2.01837E+01 5.06904E-01 7.21744E-01 9.60641E-01 4.08359E+01
 2.04174E+01 5.06962E-01 7.21827E-01 9.60751E-01 4.08393E+01
 2.06538E+01 5.07019E-01 7.21908E-01 9.60860E-01 4.08370E+01
 2.08930E+01 5.07076E-01 7.21989E-01 9.60968E-01 4.08290E+01
 2.11349E+01 5.07132E-01 7.22069E-01 9.61074E-01 4.08153E+01
 2.13796E+01 5.07188E-01 7.22148E-01 9.61180E-01 4.07959E+01
 2.16272E+01 5.07243E-01 7.22227E-01 9.61284E-01 4.07708E+01
 2.18776E+01 5.07297E-01 7.22304E-01 9.61387E-01 4.07402E+01
 2.21309E+01 5.07351E-01 7.22380E-01 9.61488E-01 4.07039E+01
 2.23872E+01 5.07404E-01 7.22456E-01 9.61589E-01 4.06622E+01
 2.26464E+01 5.07456E-01 7.22531E-01 9.61688E-01 4.06148E+01
 2.29087E+01 5.07508E-01 7.22604E-01 9.61786E-01 4.05621E+01
 2.31739E+01 5.07559E-01 7.22677E-01 9.61884E-01 4.05038E+01
 2.34423E+01 5.07610E-01 7.22750E-01 9.61980E-01 4.04402E+01
 2.37137E+01 5.07660E-01 7.22821E-01 9.62075E-01 4.03713E+01
 2.39883E+01 5.07710E-01 7.22891E-01 9.62169E-01 4.02971E+01
 2.42661E+01 5.07759E-01 7.22961E-01 9.62261E-01 4.02177E+01
 2.45471E+01 5.07807E-01 7.23030E-01 9.62353E-01 4.01331E+01
 2.48313E+01 5.07855E-01 7.23098E-01 9.62444E-01 4.00434E+01
 2.51189E+01 5.07902E-01 7.23166E-01 9.62533E-01 3.99487E+01
 2.54097E+01 5.07949E-01 7.23232E-01 9.62622E-01 3.98491E+01
 2.57040E+01 5.07995E-01 7.23298E-01 9.62710E-01 3.97445E+01
 2.60016E+01 5.08041E-01 7.23363E-01 9.62796E-01 3.96351E+01
 2.63027E+01 5.08086E-01 7.23428E-01 9.62882E-01 3.95210E+01
 2.66073E+01 5.08131E-01 7.23491E-01 9.62967E-01 3.94023E+01
 2.69153E+01 5.08175E-01 7.23554E-01 9.63050E-01 3.92789E+01
 2.72270E+01 5.08219E-01 7.23616E-01 9.63133E-01 3.91511E+01
 2.75423E+01 5.08262E-01 7.23678E-01 9.63215E-01 3.90188E+01
 2.78612E+01 5.08305E-01 7.23739E-01 9.63296E-01 3.88822E+01
 2.81838E+01 5.08347E-01 7.23799E-01 9.63376E-01 3.87414E+01
 2.85102E+01 5.08389E-01 7.23858E-01 9.63455E-01 3.85964E+01
 2.88403E+01 5.08430E-01 7.23917E-01 9.63533E-01 3.84474E+01
 2.91743E+01 5.08471E-01 7.23975E-01 9.63610E-01 3.82943E+01
 2.95121E+01 5.08511E-01 7.24032E-01 9.63687E-01 3.81375E+01
 2.98538E+01 5.08551E-01 7.24089E-01 9.63762E-01 3.79768E+01
 3.01995E+01 5.08590E-01 7.24145E-01 9.63837E-01 3.78124E+01
 3.05492E+01 5.08629E-01 7.24200E-01 9.63911E-01 3.76445E+01
 3.09030E+01 5.08668E-01 7.24255E-01 9.63984E-01 3.74730E+01
 3.12608E+01 5.08706E-01 7.24309E-01 9.64056E-01 3.72982E+01
 3.16228E+01 5.08743E-01 7.24363E-01 9.64127E-01 3.71200E+01
 3.19890E+01 5.08781E-01 7.24416E-01 9.64198E-01 3.69387E+01
 3.23594E+01 5.08817E-01 7.24468E-01 9.64267E-01 3.67542E+01
 3.27341E+01 5.08854E-01 7.24520E-01 9.64336E-01 3.65668E+01
 3.31131E+01 5.08890E-01 7.24571E-01 9.64404E-01 3.63764E+01
 3.34965E+01 5.08925E-01 7.24622E-01 9.64472E-01 3.61832E+01
 3.38844E+01 5.08960E-01 7.24672E-01 9.64538E-01 3.59873E+01
 3.42768E+01 5.08995E-01 7.24721E-01 9.64604E-01 3.57888E+01
 3.46737E+01 5.09029E-01 7.24770E-01 9.64669E-01 3.55878E+01
 3.50752E+01 5.09063E-01 7.24819E-01 9.64734E-01 3.53844E+01
 3.54813E+01 5.09097E-01 7.24866E-01 9.64797E-01 3.51787E+01
 3.58922E+01 5.09130E-01 7.24914E-01 9.64860E-01 3.49707E+01
 3.63078E+01 5.09163E-01 7.24960E-01 9.64922E-01 3.47606E+01
 3.67282E+01 5.09195E-01 7.25006E-01 9.64984E-01 3.45485E+01
 3.71535E+01 5.09227E-01 7.25052E-01 9.65044E-01 3.43344E+01
 3.75837E+01 5.09259E-01 7.25097E-01 9.65104E-01 3.41185E+01
 3.80189E+01 5.09290E-01 7.25142E-01 9.65164E-01 3.39009E+01
 3.84592E+01 5.09321E-01 7.25186E-01 9.65222E-01 3.36816E+01
 3.89045E+01 5.09352E-01 7.25229E-01 9.65280E-01 3.34607E+01
 3.93550E+01 5.09382E-01 7.25273E-01 9.65338E-01 3.32384E+01
 3.98107E+01 5.09412E-01 7.25315E-01 9.65394E-01 3.30147E+01
 4.02717E+01 5.09442E-01 7.25357E-01 9.65450E-01 3.27897E+01
 4.07380E+01 5.09471E-01 7.25399E-01 9.65506E-01 3.25634E+01
 4.12098E+01 5.09500E-01 7.25440E-01 9.65561E-01 3.23361E+01
 4.16869E+01 5.09528E-01 7.25481E-01 9.65615E-01 3.21077E+01
 4.21697E+01 5.09557E-01 7.25521E-01 9.65668E-01 3.18783E+01
 4.26580E+01 5.09584E-01 7.25561E-01 9.65721E-01 3.16481E+01
 4.31519E+01 5.09612E-01 7.25600E-01 9.65774E-01 3.14170E+01
 4.36516E+01 5.09639E-01 7.25639E-01 9.65825E-01 3.11853E+01
 4.41570E+01 5.09666E-01 7.25677E-01 9.65876E-01 3.09529E+01
 4.46684E+01 5.09693E-01 7.25715E-01 9.65927E-01 3.07199E+01
 4.51856E+01 5.09719E-01 7.25753E-01 9.65977E-01 3.04865E+01
 4.57088E+01 5.09745E-01 7.25790E-01 9.66026E-01 3.02526E+01
 4.62381E+01 5.09771E-01 7.25827E-01 9.66075E-01 3.00184E+01
 4.67735E+01 5.09797E-01 7.25863E-01 9.66123E-01 2.97839E+01
 4.73151E+01 5.09822E-01 7.25899E-01 9.66171E-01 2.95492E+01
 4.78630E+01 5.09847E-01 7.25934E-01 9.66218E-01 2.93143E+01
 4.84172E+01 5.09871E-01 7.25969E-01 9.66265E-01 2.90794E+01
 4.89779E+01 5.09896E-01 7.26004E-01 9.66311E-01 2.88444E+01
 4.95450E+01 5.09920E-01 7.26038E-01 9.66357E-01 2.86095E+01
 5.01187E+01 5.09944E-01 7.26072E-01 9.66402E-01 2.83747E+01
 5.06991E+01 5.09967E-01 7.26105E-01 9.66446E-01 2.81401E+01
 5.12861E+01 5.09990E-01 7.26139E-01 9.66490E-01 2.79056E+01
 5.18800E+01 5.10013E-01 7.26171E-01 9.66534E-01 2.76715E+01
 5.24807E+01 5.10036E-01 7.26204E-01 9.66577E-01 2.74377E+01
 5.30884E+01 5.10058E-01 7.26236E-01 9.66620E-01 2.72043E+01
 5.37032E+01 5.10081E-01 7.26267E-01 9.66662E-01 2.69713E+01
 5.43250E+01 5.10103E-01 7.26298E-01 9.66703E-01 2.67388E+01
 5.49541E+01 5.10124E-01 7.26329E-01 9.66744E-01 2.65068E+01
 5.55904E+01 5.10146E-01 7.26360E-01 9.66785E-01 2.62754E+01
 5.62341E+01 5.10167E-01 7.26390E-01 9.66825E-01 2.60446E+01
 5.68853E+01 5.10188E-01 7.26420E-01 9.66865E-01 2.58145E+01
 5.75440E+01 5.10209E-01 7.26449E-01 9.66904E-01 2.55852E+01
 5.82103E+01 5.10229E-01 7.26479E-01 9.66943E-01 2.53565E+01
 5.88844E+01 5.10249E-01 7.26507E-01 9.66981E-01 2.51287E+01
 5.95662E+01 5.10269E-01 7.26536E-01 9.67019E-01 2.49016E+01
 6.02560E+01 5.10289E-01 7.26564E-01 9.67057E-01 2.46755E+01
 6.09537E+01 5.10309E-01 7.26592E-01 9.67094E-01 2.44502E+01
 6.16595E+01 5.10328E-01 7.26619E-01 9.67130E-01 2.42259E+01
 6.23735E+01 5.10347E-01 7.26647E-01 9.67167E-01 2.40025E+01
 6.30957E+01 5.10366E-01 7.26674E-01 9.67202E-01 2.37802E+01
 6.38263E+01 5.10385E-01 7.26700E-01 9.67238E-01 2.35588E+01
 6.45654E+01 5.10403E-01 7.26726E-01 9.67273E-01 2.33385E+01
 6.53131E+01 5.10421E-01 7.26752E-01 9.67308E-01 2.31193E+01
 6.60693E+01 5.10440E-01 7.26778E-01 9.67342E-01 2.29012E+01
 6.68344E+01 5.10457E-01 7.26804E-01 9.67376E-01 2.26843E+01
 6.76083E+01 5.10475E-01 7.26829E-01 9.67409E-01 2.24685E+01
 6.83912E+01 5.10492E-01 7.26854E-01 9.67442E-01 2.22539E+01
 6.91831E+01 5.10510E-01 7.26878E-01 9.67475E-01 2.20404E+01
 6.99842E+01 5.10527E-01 7.26902E-01 9.67507E-01 2.18282E+01
 7.07946E+01 5.10544E-01 7.26926E-01 9.67539E-01 2.16173E+01
 7.16143E+01 5.10560E-01 7.26950E-01 9.67570E-01 2.14076E+01
 7.24436E+01 5.10577E-01 7.26973E-01 9.67602E-01 2.11992E+01
 7.32825E+01 5.10593E-01 7.26997E-01 9.67633E-01 2.09921E+01
 7.41310E+01 5.10609E-01 7.27020E-01 9.67663E-01 2.07863E+01
 7.49894E+01 5.10625E-01 7.27042E-01 9.67693E-01 2.05818E+01
 7.58578E+01 5.10641E-01 7.27065E-01 9.67723E-01 2.03787E+01
 7.67361E+01 5.10656E-01 7.27087E-01 9.67752E-01 2.01769E+01
 7.76247E+01 5.10672E-01 7.27109E-01 9.67782E-01 1.99765E+01
 7.85236E+01 5.10687E-01 7.27130E-01 9.67810E-01 1.97775E+01
 7.94328E+01 5.10702E-01 7.27152E-01 9.67839E-01 1.95798E+01
 8.03526E+01 5.10717E-01 7.27173E-01 9.67867E-01 1.93836E+01
 8.12831E+01 5.10731E-01 7.27194E-01 9.67895E-01 1.91887E+01
 8.22243E+01 5.10746E-01 7.27214E-01 9.67922E-01 1.89953E+01
 8.31764E+01 5.10760E-01 7.27235E-01 9.67949E-01 1.88033E+01
 8.41395E+01 5.10774E-01 7.27255E-01 9.67976E-01 1.86127E+01
 8.51138E+01 5.10788E-01 7.27275E-01 9.68003E-01 1.84236E+01
 8.60994E+01 5.10802E-01 7.27295E-01 9.68029E-01 1.82359E+01
 8.70964E+01 5.10816E-01 7.27314E-01 9.68055E-01 1.80496E+01
 8.81049E+01 5.10830E-01 7.27333E-01 9.68081E-01 1.78648E+01
 8.91251E+01 5.10843E-01 7.27352E-01 9.68106E-01 1.76814E+01
 9.01571E+01 5.10856E-01 7.27371E-01 9.68131E-01 1.74995E+01
 9.12011E+01 5.10869E-01 7.27390E-01 9.68156E-01 1.73191E+01
 9.22571E+01 5.10882E-01 7.27408E-01 9.68181E-01 1.71401E+01
 9.33254E+01 5.10895E-01 7.27427E-01 9.68205E-01 1.69625E+01
 9.44061E+01 5.10908E-01 7.27445E-01 9.68229E-01 1.67865E+01
 9.54993E+01 5.10920E-01 7.27462E-01 9.68252E-01 1.66119E+01
 9.66051E+01 5.10932E-01 7.27480E-01 9.68276E-01 1.64387E+01
 9.77237E+01 5.10945E-01 7.27497E-01 9.68299E-01 1.62670E+01
 9.88553E+01 5.10957E-01 7.27515E-01 9.68322E-01 1.60968E+01
 1.00000E+02 5.10969E-01 7.27532E-01 9.68344E-01 1.59281E+01
