 1.00000E-02 1.66812E-01 1.94381E-01 2.21983E-01 2.25250E-01
 2.00000E-02 1.68183E-01 1.95979E-01 2.23845E-01 2.27131E-01
 3.00000E-02 1.70488E-01 1.98668E-01 2.26965E-01 2.30308E-01
 4.00000E-02 1.73782E-01 2.02503E-01 2.31408E-01 2.34831E-01
 5.00000E-02 1.78114E-01 2.07532E-01 2.37226E-01 2.40753E-01
 6.00000E-02 1.83519E-01 2.13783E-01 2.44445E-01 2.48102E-01
 7.00000E-02 1.89997E-01 2.21245E-01 2.53047E-01 2.56860E-01
 8.00000E-02 1.97493E-01 2.29848E-01 2.62952E-01 2.66947E-01
 9.00000E-02 2.05903E-01 2.39466E-01 2.74017E-01 2.78222E-01
 1.00000E-01 2.15081E-01 2.49928E-01 2.86056E-01 2.90501E-01
 1.10000E-01 2.24862E-01 2.61048E-01 2.98864E-01 3.03578E-01
 1.20000E-01 2.35088E-01 2.72644E-01 3.12239E-01 3.17256E-01
 1.30000E-01 2.45616E-01 2.84554E-01 3.25998E-01 3.31355E-01
 1.40000E-01 2.56330E-01 2.96644E-01 3.39988E-01 3.45726E-01
 1.50000E-01 2.67141E-01 3.08810E-01 3.54082E-01 3.60247E-01
 1.60000E-01 2.77982E-01 3.20970E-01 3.68177E-01 3.78461E-01
 1.70000E-01 2.88802E-01 3.33068E-01 3.82194E-01 4.04065E-01
 1.80000E-01 2.99568E-01 3.45059E-01 3.96069E-01 4.29989E-01
 1.90000E-01 3.10256E-01 3.56914E-01 4.09753E-01 4.56229E-01
 2.00000E-01 3.20850E-01 3.68613E-01 4.23208E-01 4.82781E-01
 2.10000E-01 3.31338E-01 3.80142E-01 4.36406E-01 5.09639E-01
 2.20000E-01 3.41714E-01 3.91491E-01 4.53552E-01 5.36794E-01
 2.30000E-01 3.51973E-01 4.02656E-01 4.77823E-01 5.64238E-01
 2.40000E-01 3.62112E-01 4.13632E-01 5.02401E-01 5.91965E-01
 2.50000E-01 3.72131E-01 4.24420E-01 5.27279E-01 6.19965E-01
 2.60000E-01 3.82027E-01 4.35019E-01 5.52454E-01 6.48234E-01
 2.70000E-01 3.91802E-01 4.45429E-01 5.77922E-01 6.76763E-01
 2.80000E-01 4.01455E-01 4.55654E-01 6.03678E-01 7.05544E-01
 2.90000E-01 4.10987E-01 4.65694E-01 6.29720E-01 7.34570E-01
 3.00000E-01 4.20397E-01 4.75552E-01 6.56045E-01 7.63837E-01
 3.10000E-01 4.29598E-01 4.85231E-01 6.82650E-01 7.93336E-01
 3.20000E-01 4.38547E-01 4.94734E-01 7.09535E-01 8.23061E-01
 3.30000E-01 4.47251E-01 5.05389E-01 7.36698E-01 8.53009E-01
 3.40000E-01 4.55715E-01 5.25582E-01 7.64137E-01 8.83171E-01
 3.50000E-01 4.63946E-01 5.46093E-01 7.91852E-01 9.13543E-01
 3.60000E-01 4.71949E-01 5.66934E-01 8.19844E-01 9.44120E-01
 3.70000E-01 4.79731E-01 5.88122E-01 8.48113E-01 9.74897E-01
 3.80000E-01 4.87296E-01 6.09374E-01 8.76660E-01 1.00587E+00
 3.90000E-01 4.94651E-01 6.30204E-01 9.05486E-01 1.03703E+00
 4.00000E-01 5.01801E-01 6.50589E-01 9.34594E-01 1.06838E+00
 4.10000E-01 5.08752E-01 6.70512E-01 9.63985E-01 1.09991E+00
 4.20000E-01 5.15508E-01 6.89961E-01 9.93663E-01 1.13161E+00
 4.30000E-01 5.22077E-01 7.08926E-01 1.02363E+00 1.16349E+00
 4.40000E-01 5.28462E-01 7.27399E-01 1.05390E+00 1.19554E+00
 4.50000E-01 5.34669E-01 7.45374E-01 1.08446E+00 1.22775E+00
 4.60000E-01 5.43161E-01 7.62847E-01 1.11534E+00 1.26012E+00
 4.70000E-01 5.51879E-01 7.79816E-01 1.14653E+00 1.29266E+00
 4.80000E-01 5.60160E-01 7.96280E-01 1.17805E+00 1.32534E+00
 4.90000E-01 5.68017E-01 8.12239E-01 1.20991E+00 1.35818E+00
 5.00000E-01 5.75462E-01 8.27697E-01 1.24213E+00 1.39117E+00
 5.10000E-01 5.82506E-01 8.42655E-01 1.27472E+00 1.42430E+00
 5.20000E-01 5.89163E-01 8.57120E-01 1.30772E+00 1.45758E+00
 5.30000E-01 5.95445E-01 8.71094E-01 1.34115E+00 1.49099E+00
 5.40000E-01 6.01366E-01 8.84586E-01 1.37507E+00 1.52454E+00
 5.50000E-01 6.06938E-01 8.97601E-01 1.40945E+00 1.55823E+00
 5.60000E-01 6.12173E-01 9.10146E-01 1.44376E+00 1.59205E+00
 5.70000E-01 6.17085E-01 9.22231E-01 1.47792E+00 1.62601E+00
 5.80000E-01 6.21687E-01 9.33863E-01 1.51192E+00 1.66009E+00
 5.90000E-01 6.25990E-01 9.45050E-01 1.54575E+00 1.69431E+00
 6.00000E-01 6.30007E-01 9.55803E-01 1.57941E+00 1.72865E+00
 6.10000E-01 6.33750E-01 9.66131E-01 1.61289E+00 1.76313E+00
 6.20000E-01 6.37229E-01 9.76042E-01 1.64618E+00 1.79774E+00
 6.30000E-01 6.40458E-01 9.85548E-01 1.67930E+00 1.83248E+00
 6.40000E-01 6.43445E-01 9.94658E-01 1.71223E+00 1.86736E+00
 6.50000E-01 6.46203E-01 1.00338E+00 1.74497E+00 1.90239E+00
 6.60000E-01 6.48742E-01 1.01173E+00 1.77751E+00 1.93758E+00
 6.70000E-01 6.51071E-01 1.01971E+00 1.80986E+00 1.97295E+00
 6.80000E-01 6.53200E-01 1.02734E+00 1.84202E+00 2.00853E+00
 6.90000E-01 6.55138E-01 1.03462E+00 1.87398E+00 2.04577E+00
 7.00000E-01 6.56895E-01 1.04156E+00 1.90574E+00 2.08501E+00
 7.10000E-01 6.58479E-01 1.04818E+00 1.93729E+00 2.12425E+00
 7.20000E-01 6.59899E-01 1.05449E+00 1.96865E+00 2.16349E+00
 7.30000E-01 6.61162E-01 1.06048E+00 1.99980E+00 2.20273E+00
 7.40000E-01 6.62276E-01 1.06618E+00 2.03074E+00 2.24197E+00
 7.50000E-01 6.63249E-01 1.07159E+00 2.06148E+00 2.28121E+00
 7.60000E-01 6.64087E-01 1.07672E+00 2.09202E+00 2.32044E+00
 7.70000E-01 6.64797E-01 1.08159E+00 2.12235E+00 2.35969E+00
 7.80000E-01 6.66997E-01 1.08619E+00 2.15247E+00 2.39893E+00
 7.90000E-01 6.69462E-01 1.09054E+00 2.18238E+00 2.43818E+00
 8.00000E-01 6.71866E-01 1.09464E+00 2.21208E+00 2.47743E+00
 8.10000E-01 6.74210E-01 1.09851E+00 2.24158E+00 2.51669E+00
 8.20000E-01 6.76496E-01 1.10216E+00 2.27086E+00 2.55596E+00
 8.30000E-01 6.78726E-01 1.10558E+00 2.29994E+00 2.59523E+00
 8.40000E-01 6.80900E-01 1.10879E+00 2.32881E+00 2.63451E+00
 8.50000E-01 6.83022E-01 1.11179E+00 2.35747E+00 2.67381E+00
 8.60000E-01 6.85092E-01 1.11460E+00 2.38592E+00 2.71311E+00
 8.70000E-01 6.87112E-01 1.11722E+00 2.41416E+00 2.75242E+00
 8.80000E-01 6.89084E-01 1.11965E+00 2.44219E+00 2.79175E+00
 8.90000E-01 6.91008E-01 1.12191E+00 2.47001E+00 2.83109E+00
 9.00000E-01 6.92886E-01 1.12400E+00 2.49762E+00 2.87045E+00
 9.10000E-01 6.94720E-01 1.12592E+00 2.52502E+00 2.90982E+00
 9.20000E-01 6.96511E-01 1.12768E+00 2.55221E+00 2.94922E+00
 9.30000E-01 6.98260E-01 1.12930E+00 2.57920E+00 2.98862E+00
 9.40000E-01 6.99968E-01 1.13076E+00 2.60597E+00 3.02805E+00
 9.50000E-01 7.01636E-01 1.13208E+00 2.63254E+00 3.06750E+00
 9.60000E-01 7.03266E-01 1.13327E+00 2.65890E+00 3.10697E+00
 9.70000E-01 7.04858E-01 1.13433E+00 2.68505E+00 3.14646E+00
 9.80000E-01 7.06414E-01 1.13526E+00 2.71099E+00 3.18597E+00
 9.90000E-01 7.07935E-01 1.13607E+00 2.73672E+00 3.22551E+00
 1.00000E+00 7.09421E-01 1.13677E+00 2.76225E+00 3.26507E+00
 1.01158E+00 7.11101E-01 1.13744E+00 2.79156E+00 3.31091E+00
 1.02329E+00 7.12755E-01 1.13797E+00 2.82092E+00 3.35732E+00
 1.03514E+00 7.14386E-01 1.13836E+00 2.85033E+00 3.40430E+00
 1.04713E+00 7.15992E-01 1.13862E+00 2.87979E+00 3.45187E+00
 1.05925E+00 7.17573E-01 1.13875E+00 2.90929E+00 3.50004E+00
 1.07152E+00 7.19131E-01 1.13875E+00 2.93883E+00 3.54880E+00
 1.08393E+00 7.20664E-01 1.13862E+00 2.96840E+00 3.59818E+00
 1.09648E+00 7.22174E-01 1.13837E+00 2.99799E+00 3.64818E+00
 1.10917E+00 7.23661E-01 1.13799E+00 3.02760E+00 3.69881E+00
 1.12202E+00 7.25124E-01 1.13749E+00 3.05723E+00 3.75008E+00
 1.13501E+00 7.26564E-01 1.13688E+00 3.08686E+00 3.80201E+00
 1.14815E+00 7.27981E-01 1.13615E+00 3.11648E+00 3.85459E+00
 1.16145E+00 7.29375E-01 1.13531E+00 3.14611E+00 3.90785E+00
 1.17490E+00 7.30746E-01 1.13435E+00 3.17571E+00 3.96179E+00
 1.18850E+00 7.32095E-01 1.13329E+00 3.20530E+00 4.01643E+00
 1.20226E+00 7.33422E-01 1.13212E+00 3.23486E+00 4.07177E+00
 1.21619E+00 7.34727E-01 1.13085E+00 3.26438E+00 4.12783E+00
 1.23027E+00 7.36011E-01 1.12948E+00 3.29386E+00 4.18461E+00
 1.24451E+00 7.37272E-01 1.12801E+00 3.32329E+00 4.24214E+00
 1.25893E+00 7.38513E-01 1.12644E+00 3.35267E+00 4.30041E+00
 1.27350E+00 7.39732E-01 1.12478E+00 3.38198E+00 4.35945E+00
 1.28825E+00 7.40931E-01 1.12303E+00 3.41121E+00 4.41926E+00
 1.30317E+00 7.42109E-01 1.12120E+00 3.44037E+00 4.47986E+00
 1.31826E+00 7.43266E-01 1.11927E+00 3.46944E+00 4.54127E+00
 1.33352E+00 7.44403E-01 1.11727E+00 3.49841E+00 4.60348E+00
 1.34896E+00 7.45521E-01 1.11519E+00 3.52728E+00 4.66652E+00
 1.36458E+00 7.46619E-01 1.11302E+00 3.55603E+00 4.73041E+00
 1.38038E+00 7.47697E-01 1.11079E+00 3.58467E+00 4.79514E+00
 1.39637E+00 7.48756E-01 1.10848E+00 3.61317E+00 4.86075E+00
 1.41254E+00 7.49797E-01 1.10610E+00 3.64154E+00 4.92724E+00
 1.42889E+00 7.50818E-01 1.10366E+00 3.66977E+00 4.99462E+00
 1.44544E+00 7.51821E-01 1.10115E+00 3.69784E+00 5.06292E+00
 1.46218E+00 7.52806E-01 1.09858E+00 3.72575E+00 5.13214E+00
 1.47911E+00 7.53773E-01 1.09595E+00 3.75349E+00 5.20231E+00
 1.49624E+00 7.54722E-01 1.09327E+00 3.78105E+00 5.27343E+00
 1.51356E+00 7.55654E-01 1.09053E+00 3.80842E+00 5.34553E+00
 1.53109E+00 7.56568E-01 1.08774E+00 3.83560E+00 5.41861E+00
 1.54882E+00 7.57466E-01 1.08490E+00 3.86257E+00 5.49271E+00
 1.56675E+00 7.58346E-01 1.08202E+00 3.88934E+00 5.56782E+00
 1.58489E+00 7.59210E-01 1.07909E+00 3.91588E+00 5.64398E+00
 1.60325E+00 7.60058E-01 1.07612E+00 3.94219E+00 5.72120E+00
 1.62181E+00 7.60890E-01 1.07311E+00 3.96827E+00 5.79949E+00
 1.64059E+00 7.61706E-01 1.07006E+00 3.99410E+00 5.87888E+00
 1.65959E+00 7.62507E-01 1.06698E+00 4.01968E+00 5.95939E+00
 1.67880E+00 7.63292E-01 1.06387E+00 4.04500E+00 6.04103E+00
 1.69824E+00 7.64062E-01 1.06072E+00 4.07006E+00 6.12382E+00
 1.71791E+00 7.64817E-01 1.05755E+00 4.09483E+00 6.20778E+00
 1.73780E+00 7.65558E-01 1.05436E+00 4.11933E+00 6.29294E+00
 1.75792E+00 7.66284E-01 1.05114E+00 4.14354E+00 6.37932E+00
 1.77828E+00 7.66996E-01 1.04790E+00 4.16744E+00 6.46693E+00
 1.79887E+00 7.67694E-01 1.04464E+00 4.19105E+00 6.55580E+00
 1.81970E+00 7.68378E-01 1.04136E+00 4.21434E+00 6.64595E+00
 1.84077E+00 7.69049E-01 1.03807E+00 4.23732E+00 6.73740E+00
 1.86209E+00 7.69707E-01 1.03477E+00 4.25998E+00 6.83019E+00
 1.88365E+00 7.70352E-01 1.03145E+00 4.28230E+00 6.92432E+00
 1.90546E+00 7.70984E-01 1.02813E+00 4.30429E+00 7.01984E+00
 1.92752E+00 7.71603E-01 1.02479E+00 4.32594E+00 7.11675E+00
 1.94984E+00 7.72210E-01 1.02145E+00 4.34724E+00 7.21509E+00
 1.97242E+00 7.72805E-01 1.01811E+00 4.36819E+00 7.31489E+00
 1.99526E+00 7.73388E-01 1.01477E+00 4.38879E+00 7.41617E+00
 2.01837E+00 7.73959E-01 1.01142E+00 4.40902E+00 7.51896E+00
 2.04174E+00 7.74518E-01 1.00808E+00 4.42889E+00 7.62329E+00
 2.06538E+00 7.75066E-01 1.00474E+00 4.44839E+00 7.72918E+00
 2.08930E+00 7.75603E-01 1.00140E+00 4.46751E+00 7.83667E+00
 2.11349E+00 7.76130E-01 9.98069E-01 4.48626E+00 7.94579E+00
 2.13796E+00 7.76645E-01 9.94744E-01 4.50463E+00 8.05657E+00
 2.16272E+00 7.77150E-01 9.91428E-01 4.52262E+00 8.16904E+00
 2.18776E+00 7.77644E-01 9.88122E-01 4.54023E+00 8.28323E+00
 2.21309E+00 7.78129E-01 9.84827E-01 4.55744E+00 8.39918E+00
 2.23872E+00 7.78603E-01 9.81544E-01 4.57427E+00 8.51693E+00
 2.26464E+00 7.79067E-01 9.78274E-01 4.59071E+00 8.63650E+00
 2.29087E+00 7.79522E-01 9.75020E-01 4.60675E+00 8.75794E+00
 2.31739E+00 7.79968E-01 9.71781E-01 4.62240E+00 8.88128E+00
 2.34423E+00 7.80404E-01 9.68559E-01 4.63766E+00 9.00656E+00
 2.37137E+00 7.80831E-01 9.65356E-01 4.65253E+00 9.13382E+00
 2.39883E+00 7.81249E-01 9.62171E-01 4.66700E+00 9.26310E+00
 2.42661E+00 7.81659E-01 9.59006E-01 4.68108E+00 9.39444E+00
 2.45471E+00 7.82060E-01 9.55862E-01 4.69476E+00 9.52788E+00
 2.48313E+00 7.82452E-01 9.52740E-01 4.70805E+00 9.66347E+00
 2.51189E+00 7.82836E-01 9.49641E-01 4.72096E+00 9.80125E+00
 2.54097E+00 7.83213E-01 9.46564E-01 4.73347E+00 9.94126E+00
 2.57040E+00 7.83581E-01 9.43512E-01 4.74560E+00 1.00836E+01
 2.60016E+00 7.83941E-01 9.40485E-01 4.75734E+00 1.02282E+01
 2.63027E+00 7.84294E-01 9.37484E-01 4.76869E+00 1.03752E+01
 2.66073E+00 7.84639E-01 9.34508E-01 4.77967E+00 1.05246E+01
 2.69153E+00 7.84977E-01 9.31560E-01 4.79028E+00 1.06765E+01
 2.72270E+00 7.85308E-01 9.28638E-01 4.80050E+00 1.08310E+01
 2.75423E+00 7.85632E-01 9.25745E-01 4.81036E+00 1.09880E+01
 2.78612E+00 7.85949E-01 9.22880E-01 4.81985E+00 1.11477E+01
 2.81838E+00 7.86259E-01 9.20044E-01 4.82898E+00 1.13100E+01
 2.85102E+00 7.86562E-01 9.17237E-01 4.83775E+00 1.14751E+01
 2.88403E+00 7.86859E-01 9.14459E-01 4.84617E+00 1.16431E+01
 2.91743E+00 7.87150E-01 9.11712E-01 4.85424E+00 1.18139E+01
 2.95121E+00 7.87434E-01 9.08995E-01 4.86196E+00 1.19876E+01
 2.98538E+00 7.87712E-01 9.06309E-01 4.86934E+00 1.21643E+01
 3.01995E+00 7.87985E-01 9.03653E-01 4.87639E+00 1.23441E+01
 3.05492E+00 7.88251E-01 9.01029E-01 4.88311E+00 1.25271E+01
 3.09030E+00 7.88511E-01 8.98436E-01 4.88951E+00 1.27132E+01
 3.12608E+00 7.88766E-01 8.95875E-01 4.89559E+00 1.29026E+01
 3.16228E+00 7.89016E-01 8.93345E-01 4.90136E+00 1.30953E+01
 3.19890E+00 7.89260E-01 8.90848E-01 4.90682E+00 1.32915E+01
 3.23594E+00 7.89499E-01 8.88382E-01 4.91198E+00 1.34911E+01
 3.27341E+00 7.89732E-01 8.88449E-01 4.91685E+00 1.36943E+01
 3.31131E+00 7.89961E-01 8.88706E-01 4.92144E+00 1.39011E+01
 3.34965E+00 7.90184E-01 8.88957E-01 4.92574E+00 1.41116E+01
 3.38844E+00 7.90403E-01 8.89203E-01 4.92976E+00 1.43260E+01
 3.42768E+00 7.90617E-01 8.89444E-01 4.93352E+00 1.45442E+01
 3.46737E+00 7.90826E-01 8.89679E-01 4.93702E+00 1.47663E+01
 3.50752E+00 7.91031E-01 8.89909E-01 4.94026E+00 1.49926E+01
 3.54813E+00 7.91231E-01 8.90135E-01 4.94326E+00 1.52229E+01
 3.58922E+00 7.91427E-01 8.90355E-01 4.94601E+00 1.54575E+01
 3.63078E+00 7.91618E-01 8.90570E-01 4.94853E+00 1.56964E+01
 3.67282E+00 7.91805E-01 8.90781E-01 4.95082E+00 1.59397E+01
 3.71535E+00 7.91989E-01 8.90987E-01 4.95288E+00 1.61875E+01
 3.75837E+00 7.92168E-01 8.91189E-01 4.95474E+00 1.64400E+01
 3.80189E+00 7.92343E-01 8.91386E-01 4.95638E+00 1.66971E+01
 3.84592E+00 7.92514E-01 8.91579E-01 4.95782E+00 1.69591E+01
 3.89045E+00 7.92682E-01 8.91767E-01 4.95907E+00 1.72259E+01
 3.93550E+00 7.92846E-01 8.91952E-01 4.96013E+00 1.74978E+01
 3.98107E+00 7.93006E-01 8.92132E-01 4.96100E+00 1.77747E+01
 4.02717E+00 7.93163E-01 8.92308E-01 4.96170E+00 1.80570E+01
 4.07380E+00 7.93316E-01 8.92481E-01 4.96223E+00 1.83445E+01
 4.12098E+00 7.93466E-01 8.92649E-01 4.96260E+00 1.86375E+01
 4.16869E+00 7.93613E-01 8.92814E-01 4.96281E+00 1.89361E+01
 4.21697E+00 7.93756E-01 8.92976E-01 4.96287E+00 1.92404E+01
 4.26580E+00 7.93896E-01 8.93133E-01 4.96278E+00 1.95504E+01
 4.31519E+00 7.94033E-01 8.93288E-01 4.96255E+00 1.98664E+01
 4.36516E+00 7.94167E-01 8.93438E-01 4.96220E+00 2.01885E+01
 4.41570E+00 7.94299E-01 8.93586E-01 4.96171E+00 2.05167E+01
 4.46684E+00 7.94427E-01 8.93730E-01 4.96110E+00 2.08513E+01
 4.51856E+00 7.94552E-01 8.93871E-01 4.96037E+00 2.11923E+01
 4.57088E+00 7.94675E-01 8.94009E-01 4.95954E+00 2.15398E+01
 4.62381E+00 7.94794E-01 8.94144E-01 4.95859E+00 2.18941E+01
 4.67735E+00 7.94911E-01 8.94275E-01 4.95755E+00 2.22552E+01
 4.73151E+00 7.95026E-01 8.94404E-01 4.95641E+00 2.26233E+01
 4.78630E+00 7.95138E-01 8.94530E-01 4.95518E+00 2.29985E+01
 4.84172E+00 7.95248E-01 8.94653E-01 4.95386E+00 2.33810E+01
 4.89779E+00 7.95355E-01 8.94774E-01 4.95247E+00 2.37709E+01
 4.95450E+00 7.95459E-01 8.94892E-01 4.95099E+00 2.41684E+01
 5.01187E+00 7.95562E-01 8.95007E-01 4.94945E+00 2.45736E+01
 5.06991E+00 7.95662E-01 8.95119E-01 4.94784E+00 2.49866E+01
 5.12861E+00 7.95759E-01 8.95229E-01 4.94616E+00 2.54077E+01
 5.18800E+00 7.95855E-01 8.95337E-01 4.94442E+00 2.58370E+01
 5.24807E+00 7.95949E-01 8.95442E-01 4.94263E+00 2.62746E+01
 5.30884E+00 7.96040E-01 8.95545E-01 4.94079E+00 2.67206E+01
 5.37032E+00 7.96129E-01 8.95645E-01 4.93889E+00 2.71754E+01
 5.43250E+00 7.96217E-01 8.95744E-01 4.93696E+00 2.76390E+01
 5.49541E+00 7.96302E-01 8.95840E-01 4.93498E+00 2.81116E+01
 5.55904E+00 7.96386E-01 8.95934E-01 4.93297E+00 2.85933E+01
 5.62341E+00 7.96467E-01 8.96026E-01 4.93092E+00 2.90844E+01
 5.68853E+00 7.96547E-01 8.96115E-01 4.92884E+00 2.95850E+01
 5.75440E+00 7.96625E-01 8.96203E-01 4.92673E+00 3.00952E+01
 5.82103E+00 7.96701E-01 8.96289E-01 4.92460E+00 3.06154E+01
 5.88844E+00 7.96776E-01 8.96373E-01 4.92244E+00 3.11455E+01
 5.95662E+00 7.96849E-01 8.96455E-01 4.92027E+00 3.16860E+01
 6.02560E+00 7.96920E-01 8.96535E-01 4.91808E+00 3.22368E+01
 6.09537E+00 7.96990E-01 8.96613E-01 4.91587E+00 3.27982E+01
 6.16595E+00 7.97058E-01 8.96690E-01 4.91365E+00 3.33704E+01
 6.23735E+00 7.97124E-01 8.96765E-01 4.91142E+00 3.39535E+01
 6.30957E+00 7.97189E-01 8.96838E-01 4.90919E+00 3.45478E+01
 6.38263E+00 7.97253E-01 8.96909E-01 4.90694E+00 3.51535E+01
 6.45654E+00 7.97315E-01 8.96979E-01 4.90470E+00 3.57707E+01
 6.53131E+00 7.97376E-01 8.97048E-01 4.90245E+00 3.63996E+01
 6.60693E+00 7.97435E-01 8.97114E-01 4.90020E+00 3.70405E+01
 6.68344E+00 7.97493E-01 8.97180E-01 4.89796E+00 3.76935E+01
 6.76083E+00 7.97550E-01 8.97244E-01 4.89571E+00 3.83588E+01
 6.83912E+00 7.97605E-01 8.97306E-01 4.89348E+00 3.90366E+01
 6.91831E+00 7.97660E-01 8.97367E-01 4.89124E+00 3.97272E+01
 6.99842E+00 7.97713E-01 8.97427E-01 4.88902E+00 4.04307E+01
 7.07946E+00 7.97764E-01 8.97485E-01 4.88681E+00 4.11473E+01
 7.16143E+00 7.97815E-01 8.97542E-01 4.88460E+00 4.18772E+01
 7.24436E+00 7.97865E-01 8.97598E-01 4.88241E+00 4.26207E+01
 7.32825E+00 7.97913E-01 8.97652E-01 4.88023E+00 4.33778E+01
 7.41310E+00 7.97960E-01 8.97705E-01 4.87807E+00 4.41490E+01
 7.49894E+00 7.98006E-01 8.97757E-01 4.87591E+00 4.49342E+01
 7.58578E+00 7.98052E-01 8.97808E-01 4.87378E+00 4.57338E+01
 7.67361E+00 7.98096E-01 8.97858E-01 4.87166E+00 4.65479E+01
 7.76247E+00 7.98139E-01 8.97906E-01 4.86956E+00 4.73768E+01
 7.85236E+00 7.98181E-01 8.97954E-01 4.86747E+00 4.82206E+01
 7.94328E+00 7.98222E-01 8.98000E-01 4.86541E+00 4.90795E+01
 8.03526E+00 7.98263E-01 8.98046E-01 4.86336E+00 4.99538E+01
 8.12831E+00 7.98302E-01 8.98090E-01 4.86134E+00 5.08436E+01
 8.22243E+00 7.98341E-01 8.98133E-01 4.85933E+00 5.17491E+01
 8.31764E+00 7.98378E-01 8.98175E-01 4.85735E+00 5.26706E+01
 8.41395E+00 7.98415E-01 8.98217E-01 4.85539E+00 5.36082E+01
 8.51138E+00 7.98451E-01 8.98257E-01 4.85344E+00 5.45621E+01
 8.60994E+00 7.98486E-01 8.98297E-01 4.85153E+00 5.55326E+01
 8.70964E+00 7.98520E-01 8.98335E-01 4.84963E+00 5.65197E+01
 8.81049E+00 7.98554E-01 8.98373E-01 4.84776E+00 5.75237E+01
 8.91251E+00 7.98587E-01 8.98410E-01 4.84591E+00 5.85447E+01
 9.01571E+00 7.98619E-01 8.98446E-01 4.84408E+00 5.95830E+01
 9.12011E+00 7.98650E-01 8.98482E-01 4.84228E+00 6.06387E+01
 9.22571E+00 7.98681E-01 8.98516E-01 4.84050E+00 6.17120E+01
 9.33254E+00 7.98711E-01 8.98550E-01 4.83874E+00 6.28030E+01
 9.44061E+00 7.98740E-01 8.98583E-01 4.83701E+00 6.39120E+01
 9.54993E+00 7.98769E-01 8.98615E-01 4.83530E+00 6.50390E+01
 9.66051E+00 7.98797E-01 8.98646E-01 4.83362E+00 6.61843E+01
 9.77237E+00 7.98824E-01 8.98677E-01 4.83196E+00 6.73479E+01
 9.88553E+00 7.98851E-01 8.98707E-01 4.83032E+00 6.85301E+01
 1.00000E+01 7.98877E-01 8.98736E-01 4.82871E+00 6.97310E+01
 1.01158E+01 7.98902E-01 8.98765E-01 4.82713E+00 7.09506E+01
 1.02329E+01 7.98927E-01 8.98793E-01 4.82556E+00 7.21892E+01
 1.03514E+01 7.98952E-01 8.98820E-01 4.82402E+00 7.34468E+01
 1.04713E+01 7.98975E-01 8.98847E-01 4.82251E+00 7.47237E+01
 1.05925E+01 7.98999E-01 8.98873E-01 4.82102E+00 7.60197E+01
 1.07152E+01 7.99021E-01 8.98899E-01 4.81955E+00 7.73352E+01
 1.08393E+01 7.99044E-01 8.98924E-01 4.81811E+00 7.86701E+01
 1.09648E+01 7.99065E-01 8.98948E-01 4.81669E+00 8.00246E+01
 1.10917E+01 7.99087E-01 8.98972E-01 4.81529E+00 8.13988E+01
 1.12202E+01 7.99107E-01 8.98996E-01 4.81392E+00 8.27926E+01
 1.13501E+01 7.99128E-01 8.99019E-01 4.81257E+00 8.42062E+01
 1.14815E+01 7.99147E-01 8.99041E-01 4.81124E+00 8.56396E+01
 1.16145E+01 7.99167E-01 8.99063E-01 4.80993E+00 8.70929E+01
 1.17490E+01 7.99186E-01 8.99084E-01 4.80865E+00 8.85661E+01
 1.18850E+01 7.99204E-01 8.99105E-01 4.80739E+00 9.00592E+01
 1.20226E+01 7.99222E-01 8.99125E-01 4.80615E+00 9.15722E+01
 1.21619E+01 7.99240E-01 8.99145E-01 4.80493E+00 9.31052E+01
 1.23027E+01 7.99257E-01 8.99164E-01 4.80374E+00 9.46580E+01
 1.24451E+01 7.99274E-01 8.99183E-01 4.80256E+00 9.62308E+01
 1.25893E+01 7.99291E-01 8.99202E-01 4.80141E+00 9.78235E+01
 1.27350E+01 7.99307E-01 8.99220E-01 4.80028E+00 9.94359E+01
 1.28825E+01 7.99322E-01 8.99238E-01 4.79917E+00 1.01068E+02
 1.30317E+01 7.99338E-01 8.99255E-01 4.79808E+00 1.02720E+02
 1.31826E+01 7.99353E-01 8.99272E-01 4.79701E+00 1.04392E+02
 1.33352E+01 7.99368E-01 8.99289E-01 4.79595E+00 1.06083E+02
 1.34896E+01 7.99382E-01 8.99305E-01 4.79492E+00 1.07793E+02
 1.36458E+01 7.99396E-01 8.99321E-01 4.79391E+00 1.09523E+02
 1.38038E+01 7.99410E-01 8.99336E-01 4.79292E+00 1.11272E+02
 1.39637E+01 7.99423E-01 8.99351E-01 4.79194E+00 1.13040E+02
 1.41254E+01 7.99436E-01 8.99366E-01 4.79099E+00 1.14827E+02
 1.42889E+01 7.99449E-01 8.99380E-01 4.79005E+00 1.16633E+02
 1.44544E+01 7.99462E-01 8.99394E-01 4.78913E+00 1.18457E+02
 1.46218E+01 7.99474E-01 8.99408E-01 4.78823E+00 1.20300E+02
 1.47911E+01 7.99486E-01 8.99422E-01 4.78734E+00 1.22160E+02
 1.49624E+01 7.99498E-01 8.99435E-01 4.78647E+00 1.24039E+02
 1.51356E+01 7.99509E-01 8.99448E-01 4.78562E+00 1.25935E+02
 1.53109E+01 7.99520E-01 8.99460E-01 4.78479E+00 1.27849E+02
 1.54882E+01 7.99531E-01 8.99472E-01 4.78397E+00 1.29779E+02
 1.56675E+01 7.99542E-01 8.99484E-01 4.78317E+00 1.31727E+02
 1.58489E+01 7.99552E-01 8.99496E-01 4.78238E+00 1.33691E+02
 1.60325E+01 7.99562E-01 8.99508E-01 4.78162E+00 1.35671E+02
 1.62181E+01 7.99572E-01 8.99519E-01 4.78086E+00 1.37668E+02
 1.64059E+01 7.99582E-01 8.99530E-01 4.78012E+00 1.39680E+02
 1.65959E+01 7.99592E-01 8.99540E-01 4.77940E+00 1.41707E+02
 1.67880E+01 7.99601E-01 8.99551E-01 4.77869E+00 1.43748E+02
 1.69824E+01 7.99610E-01 8.99561E-01 4.77799E+00 1.45805E+02
 1.71791E+01 7.99619E-01 8.99571E-01 4.77731E+00 1.47875E+02
 1.73780E+01 7.99627E-01 8.99581E-01 4.77664E+00 1.49959E+02
 1.75792E+01 7.99636E-01 8.99590E-01 4.77599E+00 1.52057E+02
 1.77828E+01 7.99644E-01 8.99600E-01 4.77535E+00 1.54167E+02
 1.79887E+01 7.99652E-01 8.99609E-01 4.77472E+00 1.56290E+02
 1.81970E+01 7.99660E-01 8.99618E-01 4.77410E+00 1.58424E+02
 1.84077E+01 7.99668E-01 8.99626E-01 4.77350E+00 1.60570E+02
 1.86209E+01 7.99675E-01 8.99635E-01 4.77291E+00 1.62727E+02
 1.88365E+01 7.99683E-01 8.99643E-01 4.77233E+00 1.64894E+02
 1.90546E+01 7.99690E-01 8.99651E-01 4.77177E+00 1.67072E+02
 1.92752E+01 7.99697E-01 8.99659E-01 4.77121E+00 1.69259E+02
 1.94984E+01 7.99704E-01 8.99667E-01 4.77067E+00 1.71455E+02
 1.97242E+01 7.99711E-01 8.99675E-01 4.77014E+00 1.73659E+02
 1.99526E+01 7.99717E-01 8.99682E-01 4.76962E+00 1.75871E+02
 2.01837E+01 7.99724E-01 8.99689E-01 4.76911E+00 1.78091E+02
 2.04174E+01 7.99730E-01 8.99696E-01 4.76861E+00 1.80317E+02
 2.06538E+01 7.99736E-01 8.99703E-01 4.76813E+00 1.82550E+02
 2.08930E+01 7.99742E-01 8.99710E-01 4.76765E+00 1.84788E+02
 2.11349E+01 7.99748E-01 8.99717E-01 4.76718E+00 1.87031E+02
 2.13796E+01 7.99754E-01 8.99723E-01 4.76672E+00 1.89279E+02
 2.16272E+01 7.99759E-01 8.99729E-01 4.76628E+00 1.91531E+02
 2.18776E+01 7.99765E-01 8.99735E-01 4.76584E+00 1.93786E+02
 2.21309E+01 7.99770E-01 8.99741E-01 4.76541E+00 1.96044E+02
 2.23872E+01 7.99775E-01 8.99747E-01 4.76499E+00 1.98304E+02
 2.26464E+01 7.99781E-01 8.99753E-01 4.76458E+00 2.00566E+02
 2.29087E+01 7.99786E-01 8.99759E-01 4.76418E+00 2.02829E+02
 2.31739E+01 7.99790E-01 8.99764E-01 4.76378E+00 2.05092E+02
 2.34423E+01 7.99795E-01 8.99770E-01 4.76340E+00 2.07355E+02
 2.37137E+01 7.99800E-01 8.99775E-01 4.76302E+00 2.09617E+02
 2.39883E+01 7.99804E-01 8.99780E-01 4.76265E+00 2.11877E+02
 2.42661E+01 7.99809E-01 8.99785E-01 4.76229E+00 2.14136E+02
 2.45471E+01 7.99813E-01 8.99790E-01 4.76194E+00 2.16392E+02
 2.48313E+01 7.99817E-01 8.99795E-01 4.76159E+00 2.18645E+02
 2.51189E+01 7.99822E-01 8.99799E-01 4.76126E+00 2.20894E+02
 2.54097E+01 7.99826E-01 8.99804E-01 4.76093E+00 2.23139E+02
 2.57040E+01 7.99830E-01 8.99808E-01 4.76060E+00 2.25378E+02
 2.60016E+01 7.99833E-01 8.99813E-01 4.76029E+00 2.27613E+02
 2.63027E+01 7.99837E-01 8.99817E-01 4.75998E+00 2.29841E+02
 2.66073E+01 7.99841E-01 8.99821E-01 4.75967E+00 2.32062E+02
 2.69153E+01 7.99845E-01 8.99825E-01 4.75938E+00 2.34277E+02
 2.72270E+01 7.99848E-01 8.99829E-01 4.75909E+00 2.36483E+02
 2.75423E+01 7.99852E-01 8.99833E-01 4.75880E+00 2.38681E+02
 2.78612E+01 7.99855E-01 8.99837E-01 4.75853E+00 2.40871E+02
 2.81838E+01 7.99858E-01 8.99841E-01 4.75826E+00 2.43051E+02
 2.85102E+01 7.99862E-01 8.99844E-01 4.75799E+00 2.45221E+02
 2.88403E+01 7.99865E-01 8.99848E-01 4.75773E+00 2.47381E+02
 2.91743E+01 7.99868E-01 8.99851E-01 4.75748E+00 2.49530E+02
 2.95121E+01 7.99871E-01 8.99855E-01 4.75723E+00 2.51668E+02
 2.98538E+01 7.99874E-01 8.99858E-01 4.75699E+00 2.53793E+02
 3.01995E+01 7.99877E-01 8.99861E-01 4.75675E+00 2.55907E+02
 3.05492E+01 7.99879E-01 8.99864E-01 4.75652E+00 2.58008E+02
 3.09030E+01 7.99882E-01 8.99867E-01 4.75629E+00 2.60095E+02
 3.12608E+01 7.99885E-01 8.99870E-01 4.75607E+00 2.62169E+02
 3.16228E+01 7.99887E-01 8.99873E-01 4.75585E+00 2.64229E+02
 3.19890E+01 7.99890E-01 8.99876E-01 4.75564E+00 2.66275E+02
 3.23594E+01 7.99892E-01 8.99879E-01 4.75543E+00 2.68306E+02
 3.27341E+01 7.99895E-01 8.99882E-01 4.75523E+00 2.70322E+02
 3.31131E+01 7.99897E-01 8.99884E-01 4.75503E+00 2.72322E+02
 3.34965E+01 7.99900E-01 8.99887E-01 4.75484E+00 2.74306E+02
 3.38844E+01 7.99902E-01 8.99890E-01 4.75465E+00 2.76274E+02
 3.42768E+01 7.99904E-01 8.99892E-01 4.75446E+00 2.78226E+02
 3.46737E+01 7.99906E-01 8.99895E-01 4.75428E+00 2.80161E+02
 3.50752E+01 7.99908E-01 8.99897E-01 4.75410E+00 2.82079E+02
 3.54813E+01 7.99911E-01 8.99899E-01 4.75393E+00 2.83979E+02
 3.58922E+01 7.99913E-01 8.99902E-01 4.75376E+00 2.85862E+02
 3.63078E+01 7.99915E-01 8.99904E-01 4.75359E+00 2.87726E+02
 3.67282E+01 7.99917E-01 8.99906E-01 4.75343E+00 2.89573E+02
 3.71535E+01 7.99918E-01 8.99908E-01 4.75327E+00 2.91401E+02
 3.75837E+01 7.99920E-01 8.99910E-01 4.75311E+00 2.93211E+02
 3.80189E+01 7.99922E-01 8.99912E-01 4.75296E+00 2.95002E+02
 3.84592E+01 7.99924E-01 8.99914E-01 4.75281E+00 2.96774E+02
 3.89045E+01 7.99926E-01 8.99916E-01 4.75267E+00 2.98527E+02
 3.93550E+01 7.99927E-01 8.99918E-01 4.75253E+00 3.00261E+02
 3.98107E+01 7.99929E-01 8.99920E-01 4.75239E+00 3.01976E+02
 4.02717E+01 7.99931E-01 8.99922E-01 4.75225E+00 3.03671E+02
 4.07380E+01 7.99932E-01 8.99924E-01 4.75212E+00 3.05346E+02
 4.12098E+01 7.99934E-01 8.99925E-01 4.75199E+00 3.07002E+02
 4.16869E+01 7.99935E-01 8.99927E-01 4.75186E+00 3.08638E+02
 4.21697E+01 7.99937E-01 8.99929E-01 4.75174E+00 3.10254E+02
 4.26580E+01 7.99938E-01 8.99930E-01 4.75162E+00 3.11850E+02
 4.31519E+01 7.99940E-01 8.99932E-01 4.75150E+00 3.13426E+02
 4.36516E+01 7.99941E-01 8.99934E-01 4.75139E+00 3.14982E+02
 4.41570E+01 7.99942E-01 8.99935E-01 4.75127E+00 3.16518E+02
 4.46684E+01 7.99944E-01 8.99937E-01 4.75116E+00 3.18034E+02
 4.51856E+01 7.99945E-01 8.99938E-01 4.75105E+00 3.19530E+02
 4.57088E+01 7.99946E-01 8.99939E-01 4.75095E+00 3.21006E+02
 4.62381E+01 7.99947E-01 8.99941E-01 4.75085E+00 3.22462E+02
 4.67735E+01 7.99949E-01 8.99942E-01 4.75074E+00 3.23898E+02
 4.73151E+01 7.99950E-01 8.99943E-01 4.75065E+00 3.25314E+02
 4.78630E+01 7.99951E-01 8.99945E-01 4.75055E+00 3.26710E+02
 4.84172E+01 7.99952E-01 8.99946E-01 4.75045E+00 3.28086E+02
 4.89779E+01 7.99953E-01 8.99947E-01 4.75036E+00 3.29442E+02
 4.95450E+01 7.99954E-01 8.99948E-01 4.75027E+00 3.30779E+02
 5.01187E+01 7.99955E-01 8.99950E-01 4.75018E+00 3.32096E+02
 5.06991E+01 7.99956E-01 8.99951E-01 4.75010E+00 3.33393E+02
 5.12861E+01 7.99957E-01 8.99952E-01 4.75001E+00 3.34671E+02
 5.18800E+01 7.99958E-01 8.99953E-01 4.74993E+00 3.35930E+02
 5.24807E+01 7.99959E-01 8.99954E-01 4.74985E+00 3.37169E+02
 5.30884E+01 7.99960E-01 8.99955E-01 4.74977E+00 3.38390E+02
 5.37032E+01 7.99961E-01 8.99956E-01 4.74970E+00 3.39591E+02
 5.43250E+01 7.99962E-01 8.99957E-01 4.74962E+00 3.40773E+02
 5.49541E+01 7.99963E-01 8.99958E-01 4.74955E+00 3.41937E+02
 5.55904E+01 7.99964E-01 8.99959E-01 4.74948E+00 3.43082E+02
 5.62341E+01 7.99964E-01 8.99960E-01 4.74941E+00 3.44208E+02
 5.68853E+01 7.99965E-01 8.99961E-01 4.74934E+00 3.45317E+02
 5.75440E+01 7.99966E-01 8.99962E-01 4.74927E+00 3.46407E+02
 5.82103E+01 7.99967E-01 8.99963E-01 4.74920E+00 3.47479E+02
 5.88844E+01 7.99968E-01 8.99963E-01 4.74914E+00 3.48533E+02
 5.95662E+01 7.99968E-01 8.99964E-01 4.74908E+00 3.49570E+02
 6.02560E+01 7.99969E-01 8.99965E-01 4.74902E+00 3.50589E+02
 6.09537E+01 7.99970E-01 8.99966E-01 4.74896E+00 3.51591E+02
 6.16595E+01 7.99970E-01 8.99967E-01 4.74890E+00 3.52575E+02
 6.23735E+01 7.99971E-01 8.99967E-01 4.74884E+00 3.53543E+02
 6.30957E+01 7.99972E-01 8.99968E-01 4.74878E+00 3.54494E+02
 6.38263E+01 7.99972E-01 8.99969E-01 4.74873E+00 3.55429E+02
 6.45654E+01 7.99973E-01 8.99970E-01 4.74868E+00 3.56347E+02
 6.53131E+01 7.99974E-01 8.99970E-01 4.74862E+00 3.57248E+02
 6.60693E+01 7.99974E-01 8.99971E-01 4.74857E+00 3.58134E+02
 6.68344E+01 7.99975E-01 8.99972E-01 4.74852E+00 3.59004E+02
 6.76083E+01 7.99975E-01 8.99972E-01 4.74848E+00 3.59859E+02
 6.83912E+01 7.99976E-01 8.99973E-01 4.74843E+00 3.60698E+02
 6.91831E+01 7.99976E-01 8.99974E-01 4.74838E+00 3.61521E+02
 6.99842E+01 7.99977E-01 8.99974E-01 4.74834E+00 3.62330E+02
 7.07946E+01 7.99978E-01 8.99975E-01 4.74829E+00 3.63124E+02
 7.16143E+01 7.99978E-01 8.99975E-01 4.74825E+00 3.63903E+02
 7.24436E+01 7.99979E-01 8.99976E-01 4.74821E+00 3.64668E+02
 7.32825E+01 7.99979E-01 8.99976E-01 4.74816E+00 3.65419E+02
 7.41310E+01 7.99980E-01 8.99977E-01 4.74812E+00 3.66155E+02
 7.49894E+01 7.99980E-01 8.99977E-01 4.74808E+00 3.66878E+02
 7.58578E+01 7.99980E-01 8.99978E-01 4.74804E+00 3.67587E+02
 7.67361E+01 7.99981E-01 8.99978E-01 4.74801E+00 3.68283E+02
 7.76247E+01 7.99981E-01 8.99979E-01 4.74797E+00 3.68965E+02
 7.85236E+01 7.99982E-01 8.99979E-01 4.74793E+00 3.69635E+02
 7.94328E+01 7.99982E-01 8.99980E-01 4.74790E+00 3.70291E+02
 8.03526E+01 7.99983E-01 8.99980E-01 4.74786E+00 3.70935E+02
 8.12831E+01 7.99983E-01 8.99981E-01 4.74783E+00 3.71567E+02
 8.22243E+01 7.99983E-01 8.99981E-01 4.74780E+00 3.72186E+02
 8.31764E+01 7.99984E-01 8.99982E-01 4.74777E+00 3.72793E+02
 8.41395E+01 7.99984E-01 8.99982E-01 4.74773E+00 3.73389E+02
 8.51138E+01 7.99984E-01 8.99983E-01 4.74770E+00 3.73972E+02
 8.60994E+01 7.99985E-01 8.99983E-01 4.74767E+00 3.74545E+02
 8.70964E+01 7.99985E-01 8.99983E-01 4.74764E+00 3.75105E+02
 8.81049E+01 7.99985E-01 8.99984E-01 4.74761E+00 3.75655E+02
 8.91251E+01 7.99986E-01 8.99984E-01 4.74759E+00 3.76194E+02
 9.01571E+01 7.99986E-01 8.99984E-01 4.74756E+00 3.76722E+02
 9.12011E+01 7.99986E-01 8.99985E-01 4.74753E+00 3.77240E+02
 9.22571E+01 7.99987E-01 8.99985E-01 4.74751E+00 3.77747E+02
 9.33254E+01 7.99987E-01 8.99985E-01 4.74748E+00 3.78244E+02
 9.44061E+01 7.99987E-01 8.99986E-01 4.74746E+00 3.78731E+02
 9.54993E+01 7.99988E-01 8.99986E-01 4.74743E+00 3.79208E+02
 9.66051E+01 7.99988E-01 8.99986E-01 4.74741E+00 3.79676E+02
 9.77237E+01 7.99988E-01 8.99987E-01 4.74738E+00 3.80133E+02
 9.88553E+01 7.99988E-01 8.99987E-01 4.74736E+00 3.80582E+02
 1.00000E+02 7.99989E-01 8.99987E-01 4.74734E+00 3.81022E+02
